5e-07  0.475 0.5
1.14  0.039  6.2e-06
0.00072 0.601477  2.35528  3.91582  100
9.09349e-07  3.43709e-11  1.13983e-16
163  336
0.970972  1.02903  0.984223  0.0229459
2.77913  2.86879  2.82627  0.0627307
4.30083  4.35222  4.32547  0.0871371
5.46574  5.49076  5.47772  0.0954555
6.32178  6.32329  6.32225  0.0938608
6.91919  6.90694  6.91309  0.0879812
7.31363  7.29394  7.30383  0.0789852
7.55078  7.52743  7.53961  0.0690756
7.6687  7.64422  7.65686  0.0593935
7.69696  7.6735  7.68594  0.0501529
7.65966  7.63776  7.6493  0.0417616
7.57438  7.55478  7.56535  0.0342618
7.45527  7.43802  7.44729  0.0276944
7.31263  7.29781  7.30598  0.0219235
7.15444  7.14185  7.14878  0.0169882
6.98654  6.97604  6.98199  0.0126847
6.81329  6.80464  6.80955  0.00904522
6.63792  6.63091  6.63504  0.00588466
6.4627  6.45713  6.46044  0.00323359
6.28938  6.28501  6.28775  0.00092728
6.11902  6.11571  6.11783  -0.000990118
5.95253  5.95008  5.95179  -0.00266296
5.79031  5.78864  5.78989  -0.00404029
5.63282  5.63173  5.63269  -0.0052444
5.48009  5.47954  5.48017  -0.00622772
5.33231  5.33214  5.33259  -0.00708707
5.18934  5.18955  5.18976  -0.00777828
5.05124  5.05168  5.05177  -0.00838288
4.91777  4.91847  4.91839  -0.00886011
4.78893  4.78976  4.78961  -0.0092745
4.66444  4.66544  4.66518  -0.00959208
4.54427  4.54533  4.54503  -0.00986381
4.42815  4.42931  4.42893  -0.0100625
4.31601  4.31718  4.3168  -0.0102289
4.2076  4.20883  4.20839  -0.0103376
4.10285  4.10407  4.10363  -0.0104243
4.00154  4.00278  4.00231  -0.0104684
3.90358  3.90479  3.90433  -0.0104922
3.80877  3.80999  3.80952  -0.0104871
3.71705  3.71821  3.71776  -0.0104667
3.62822  3.62937  3.62891  -0.0104226
3.54221  3.54331  3.54287  -0.0103682
3.45886  3.45994  3.45951  -0.0102986
3.37811  3.37913  3.37872  -0.0102188
3.29981  3.30081  3.3004  -0.0101271
3.22389  3.22483  3.22445  -0.0100285
3.15023  3.15115  3.15077  -0.00992325
3.07877  3.07963  3.07928  -0.00981286
3.0094  3.01023  3.00989  -0.00969568
2.94205  2.94283  2.94251  -0.0095751
2.87664  2.87739  2.87708  -0.00945282
2.8131  2.8138  2.81351  -0.00932545
2.75135  2.75202  2.75174  -0.00919807
2.69133  2.69195  2.69169  -0.0090673
2.63298  2.63357  2.63332  -0.00893823
2.57623  2.57678  2.57655  -0.00880576
2.52102  2.52154  2.52133  -0.00867499
2.46731  2.46779  2.46759  -0.00854252
2.41504  2.41549  2.4153  -0.00841345
2.36415  2.36457  2.36439  -0.00828098
2.3146  2.31499  2.31483  -0.00815191
2.26635  2.26671  2.26656  -0.00802114
2.21934  2.21968  2.21954  -0.00789547
2.17354  2.17385  2.17372  -0.00776809
2.12891  2.12919  2.12908  -0.00764411
2.0854  2.08566  2.08555  -0.00751844
2.04298  2.04322  2.04313  -0.00739786
2.00162  2.00183  2.00175  -0.00727558
1.96128  1.96147  1.9614  -0.0071584
1.92192  1.92209  1.92203  -0.00703951
1.88353  1.88368  1.88362  -0.00692573
1.84605  1.84619  1.84614  -0.00681024
1.80948  1.80959  1.80955  -0.00669985
1.77377  1.77387  1.77383  -0.00658776
1.7389  1.73899  1.73896  -0.00648077
1.70485  1.70492  1.7049  -0.00637378
1.6716  1.67165  1.67164  -0.00627018
1.63911  1.63915  1.63914  -0.00616658
1.60736  1.60739  1.60739  -0.00606638
1.57634  1.57635  1.57636  -0.00596618
1.54602  1.54602  1.54603  -0.00586938
1.51638  1.51637  1.51638  -0.00577257
1.4874  1.48738  1.4874  -0.00568086
1.45906  1.45903  1.45906  -0.00558746
1.43135  1.43131  1.43134  -0.00549744
1.40424  1.40419  1.40422  -0.00540913
1.37772  1.37767  1.3777  -0.00532252
1.35178  1.35171  1.35175  -0.0052359
1.32639  1.32632  1.32636  -0.00515269
1.30154  1.30146  1.30151  -0.00506947
1.27722  1.27713  1.27719  -0.00498965
1.25341  1.25332  1.25337  -0.00490983
1.2301  1.23  1.23006  -0.0048334
1.20728  1.20717  1.20723  -0.00475698
1.18493  1.18482  1.18488  -0.00468225
1.16304  1.16292  1.16298  -0.00460923
1.14159  1.14147  1.14154  -0.0045379
1.12059  1.12046  1.12053  -0.00446827
1.1  1.09987  1.09994  -0.00439864
1.07983  1.0797  1.07977  -0.0043307
1.06007  1.05993  1.06  -0.00426447
1.0407  1.04056  1.04063  -0.00419993
1.02171  1.02157  1.02164  -0.0041354
1.0031  1.00295  1.00303  -0.00407256
0.984849  0.984696  0.984775  -0.00401142
0.966956  0.9668  0.966879  -0.00395198
0.949409  0.949251  0.949332  -0.00389254
0.932202  0.932042  0.932123  -0.00383479
0.915324  0.915162  0.915246  -0.00377705
0.89877  0.898606  0.898689  -0.00372101
0.882529  0.882363  0.882448  -0.00366666
0.866597  0.866429  0.866514  -0.00361232
0.850966  0.850796  0.850881  -0.00355967
0.835627  0.835455  0.835542  -0.00350872
0.820573  0.820402  0.820488  -0.00345777
0.805801  0.805628  0.805714  -0.00340682
0.791301  0.791126  0.791216  -0.00335927
0.777069  0.776894  0.776982  -0.00331002
0.763099  0.762922  0.76301  -0.00326246
0.749383  0.749205  0.749295  -0.00321661
0.735917  0.735739  0.735829  -0.00317075
0.722694  0.722516  0.722606  -0.0031266
0.709712  0.709532  0.709622  -0.00308244
0.696961  0.696781  0.696873  -0.00303998
0.68444  0.68426  0.684351  -0.00299753
0.672142  0.671962  0.672052  -0.00295507
0.660062  0.659882  0.659972  -0.00291431
0.648197  0.648016  0.648107  -0.00287355
0.636542  0.63636  0.636452  -0.00283449
0.62509  0.62491  0.625  -0.00279543
0.613841  0.613659  0.613751  -0.00275806
0.602786  0.602606  0.602696  -0.0027207
0.591926  0.591746  0.591836  -0.00268334
0.581253  0.581073  0.581163  -0.00264767
0.570765  0.570585  0.570675  -0.00261201
0.560457  0.560279  0.560367  -0.00257634
0.550329  0.550149  0.550239  -0.00254238
0.540371  0.540193  0.540283  -0.00250841
0.530586  0.530407  0.530497  -0.00247444
0.520968  0.52079  0.520878  -0.00244218
0.511512  0.511335  0.511424  -0.00240991
0.502217  0.502041  0.502129  -0.00237764
0.493079  0.492904  0.49299  -0.00234707
0.484096  0.483921  0.484008  -0.0023148
0.475263  0.475088  0.475175  -0.00228593
0.46658  0.466405  0.466491  -0.00225536
0.458041  0.457867  0.457954  -0.00222649
0.449644  0.449473  0.449558  -0.00219762
0.441389  0.441217  0.441302  -0.00216875
0.433271  0.433099  0.433184  -0.00213988
0.425287  0.425117  0.425202  -0.0021127
0.417436  0.417267  0.417351  -0.00208553
0.409715  0.409547  0.40963  -0.00205836
0.40212  0.401954  0.402037  -0.00203288
0.394653  0.394486  0.394569  -0.00200741
0.387307  0.387143  0.387224  -0.00198024
0.380083  0.379918  0.38  -0.00195646
0.372977  0.372814  0.372894  -0.00193098
0.365987  0.365825  0.365905  -0.00190551
0.359112  0.358951  0.359031  -0.00188173
0.352349  0.35219  0.352268  -0.00185796
0.345697  0.345537  0.345617  -0.00183418
0.339153  0.338996  0.339074  -0.0018121
0.332717  0.332559  0.332637  -0.00178833
0.326384  0.326228  0.326306  -0.00176625
0.320154  0.32  0.320076  -0.00174417
0.314027  0.313874  0.313949  -0.00172209
0.307998  0.307847  0.307921  -0.00170001
0.302067  0.301916  0.301991  -0.00167963
0.296234  0.296084  0.296157  -0.00165756
0.290495  0.290346  0.290419  -0.00163718
0.284848  0.2847  0.284773  -0.0016168
0.279293  0.279147  0.279218  -0.00159642
0.273828  0.273682  0.273755  -0.00157604
0.268453  0.268307  0.268378  -0.00155566
0.263162  0.26302  0.263089  -0.00153697
0.257959  0.257818  0.257887  -0.0015166
0.25284  0.252699  0.252769  -0.00149791
0.247805  0.247664  0.247733  -0.00147923
0.242851  0.242711  0.242779  -0.00146055
0.237976  0.237839  0.237907  -0.00144187
0.23318  0.233044  0.233112  -0.00142489
0.228464  0.228328  0.228394  -0.0014062
0.223824  0.22369  0.223756  -0.00138922
0.219259  0.219125  0.219191  -0.00137054
0.214769  0.214636  0.214701  -0.00135356
0.210352  0.210221  0.210285  -0.00133657
0.206006  0.205877  0.205939  -0.00131959
0.201731  0.201604  0.201666  -0.00130261
0.197528  0.1974  0.197463  -0.00128562
0.19339  0.193265  0.193328  -0.00127034
0.189323  0.189199  0.18926  -0.00125336
0.185322  0.1852  0.185259  -0.00123807
0.181387  0.181265  0.181326  -0.00122109
0.177516  0.177396  0.177455  -0.0012058
0.17371  0.17359  0.173649  -0.00119052
0.169967  0.169848  0.169906  -0.00117523
0.166285  0.166168  0.166226  -0.00115995
0.162665  0.162547  0.162605  -0.00114466
0.159105  0.158989  0.159045  -0.00112938
0.155603  0.155489  0.155545  -0.00111409
0.152161  0.152048  0.152104  -0.00110051
0.148776  0.148665  0.14872  -0.00108522
0.145449  0.145338  0.145393  -0.00107164
0.142176  0.142067  0.142122  -0.00105635
0.13896  0.138853  0.138905  -0.00104277
0.135799  0.13569  0.135743  -0.00102918
0.132689  0.132584  0.132635  -0.00101559
0.129634  0.129529  0.129581  -0.00100201
0.126631  0.126528  0.126579  -0.000988419
0.12368  0.123576  0.123627  -0.000974833
0.120779  0.120677  0.120726  -0.000961246
0.117928  0.117827  0.117877  -0.00094766
0.115127  0.115027  0.115076  -0.000935771
0.112374  0.112276  0.112323  -0.000922185
0.109669  0.109572  0.109619  -0.000908598
0.107013  0.106916  0.106963  -0.00089671
0.104401  0.104307  0.104353  -0.000883124
0.101838  0.101744  0.101788  -0.000871235
0.0993174  0.0992257  0.0992716  -0.000859347
0.0968447  0.096753  0.0967971  -0.000847459
0.0944144  0.0943244  0.0943686  -0.000833873
0.0920283  0.09194  0.0919824  -0.000821984
0.0896863  0.089598  0.0896404  -0.000810096
0.0873868  0.0872985  0.0873409  -0.000798208
0.085128  0.0850414  0.0850839  -0.00078632
0.0829117  0.0828268  0.0828676  -0.000774432
0.0807345  0.0806513  0.080692  -0.000764242
0.0785997  0.0785182  0.0785572  -0.000752353
0.076504  0.0764225  0.0764615  -0.000740465
0.0744473  0.0743675  0.0744066  -0.000728577
0.0724297  0.0723516  0.072389  -0.000718387
0.0704512  0.0703731  0.0704104  -0.000706499
0.06851  0.0684319  0.0684693  -0.000696309
0.0666062  0.0665298  0.0665654  -0.000684421
0.0647381  0.0646633  0.064699  -0.000674231
0.0629073  0.0628326  0.0628682  -0.000662343
0.0611122  0.0610391  0.0610748  -0.000652153
0.0593527  0.0592814  0.0593153  -0.000641963
0.0576272  0.0575576  0.0575916  -0.000631773
0.0559374  0.0558678  0.0559017  -0.000621583
0.0542815  0.0542119  0.0542459  -0.000609695
0.0526579  0.0525917  0.052624  -0.000599505
0.0510683  0.0510021  0.0510344  -0.000589315
0.0495127  0.0494464  0.0494787  -0.000579125
0.0479876  0.047923  0.0479553  -0.000568935
0.0464965  0.0464319  0.0464625  -0.000558746
0.0450342  0.0449731  0.0450019  -0.000550254
0.0436042  0.0435431  0.0435737  -0.000540064
0.0422065  0.0421454  0.0421743  -0.000529874
0.0408377  0.0407782  0.0408054  -0.000519684
0.0394977  0.03944  0.0394671  -0.000511193
0.0381883  0.0381323  0.0381594  -0.000501003
0.0369095  0.0368517  0.0368789  -0.000490813
0.0356578  0.0356018  0.0356272  -0.000482321
0.0344333  0.034379  0.0344062  -0.000472132
0.0332394  0.0331851  0.0332105  -0.00046364
0.032071  0.0320183  0.0320438  -0.00045345
0.0309314  0.0308805  0.0309042  -0.000444958
0.029819  0.0297681  0.0297918  -0.000436467
0.0287321  0.0286828  0.0287049  -0.000426277
0.0276723  0.0276231  0.0276452  -0.000417785
0.0266364  0.0265888  0.0266126  -0.000409294
0.0256276  0.0255817  0.0256038  -0.000400802
0.0246442  0.0245984  0.0246205  -0.000392311
0.0236864  0.0236405  0.0236626  -0.000383819
0.0227506  0.0227065  0.0227285  -0.000373629
0.021842  0.0217979  0.0218182  -0.000365138
0.0209555  0.020913  0.0209334  -0.000356646
0.0200928  0.0200503  0.0200707  -0.000349853
0.0192538  0.019213  0.0192317  -0.000341361
0.0184369  0.0183961  0.0184148  -0.00033287
0.0176421  0.0176047  0.0176217  -0.000324378
0.0168711  0.0168337  0.0168507  -0.000315887
0.0161221  0.0160847  0.0161017  -0.000307395
0.0153935  0.0153579  0.0153748  -0.000300602
0.014687  0.0146514  0.0146683  -0.00029211
0.0140009  0.0139669  0.0139822  -0.000285317
0.0133369  0.0133029  0.0133182  -0.000276825
0.0126915  0.0126592  0.0126745  -0.000268334
0.0120682  0.012036  0.0120512  -0.00026154
0.0114636  0.0114331  0.0114466  -0.000253049
0.0108794  0.0108488  0.0108624  -0.000246256
0.0103122  0.0102833  0.0102969  -0.000239462
0.00976701  0.00973814  0.00975003  -0.000230971
0.00923883  0.00920996  0.00922355  -0.000224178
0.00872934  0.00870216  0.00871405  -0.000217384
0.00823683  0.00821135  0.00822324  -0.000210591
0.007763  0.00773752  0.00774941  -0.000203798
0.00730785  0.00728237  0.00729426  -0.000195306
0.00686798  0.00684421  0.0068544  -0.000188513
0.0064468  0.00642303  0.00643322  -0.00018172
0.00604091  0.00601883  0.00602902  -0.000174926
0.00565199  0.00562991  0.0056401  -0.000169831
0.00527836  0.00525798  0.00526647  -0.000163038
0.00492172  0.00490134  0.00490983  -0.000156245
0.00458035  0.00455998  0.00456847  -0.000149452
0.00425428  0.0042339  0.00424239  -0.000142658
0.00394179  0.00392311  0.0039316  -0.000137563
0.00364458  0.0036276  0.00363439  -0.00013077
0.00336266  0.00334568  0.00335247  -0.000123977
0.00309433  0.00307735  0.00308414  -0.000118882
0.00283958  0.0028243  0.00283109  -0.000113787
0.00259842  0.00258314  0.00258993  -0.000106994
0.00236915  0.00235556  0.00236236  -0.000101899
0.00215516  0.00214157  0.00214667  -9.51056e-05
0.00195136  0.00193948  0.00194457  -9.00107e-05
0.00176115  0.00174926  0.00175436  -8.49157e-05
0.00158453  0.00157264  0.00157604  -7.98208e-05
0.00141639  0.0014062  0.0014113  -7.47258e-05
0.00126185  0.00125166  0.00125505  -6.96309e-05
0.00111749  0.0011073  0.0011124  -6.4536e-05
0.000985023  0.000974833  0.000978229  -5.9441e-05
0.000861046  0.000852554  0.000855951  -5.60444e-05
0.000748957  0.000740465  0.000743862  -5.09494e-05
0.00064536  0.000638566  0.000641963  -4.58545e-05
0.000551952  0.000545159  0.000548556  -4.24579e-05
0.000468735  0.000461942  0.00046364  -3.73629e-05
0.000392311  0.000387216  0.000388914  -3.39663e-05
0.000324378  0.000319283  0.000320981  -3.05697e-05
0.000264937  0.00026154  0.00026154  -2.54747e-05
0.000213988  0.000208893  0.000210591  -2.20781e-05
0.000169831  0.000166435  0.000166435  -1.86815e-05
0.000132469  0.000129072  0.000129072  -1.52848e-05
0.000100201  9.85023e-05  9.85023e-05  -1.35865e-05
7.64242e-05  7.30275e-05  7.30275e-05  -1.01899e-05
5.60444e-05  5.26478e-05  5.43461e-05  -8.49157e-06
4.07596e-05  3.73629e-05  3.90612e-05  -6.79326e-06
2.88714e-05  2.7173e-05  2.7173e-05  -5.09494e-06
1.86815e-05  1.86815e-05  1.86815e-05  -3.39663e-06
1.35865e-05  1.18882e-05  1.18882e-05  -1.69831e-06
8.49157e-06  8.49157e-06  8.49157e-06  -1.69831e-06
5.09494e-06  5.09494e-06  5.09494e-06  -1.69831e-06
3.39663e-06  3.39663e-06  3.39663e-06  0
1.69831e-06  1.69831e-06  1.69831e-06  0
1.69831e-06  1.69831e-06  1.69831e-06  0
