5e-07  0.475 0.5
2.1  0.6  4e-05
0.04256 0.490739  3.34262  6.81142  100
6.45568e-06  1.32372e-09  1.35067e-14
47  104
0.87545  1.12455  0.685681  0.211404
1.99908  2.36999  2.15366  0.430937
2.78742  2.9901  2.89578  0.406156
3.13879  3.23466  3.23489  0.305543
3.22938  3.25532  3.28976  0.192742
3.14631  3.13686  3.19659  0.101074
2.98562  2.94499  3.00899  0.0263936
2.76492  2.71385  2.77953  -0.02482
2.53137  2.47046  2.53163  -0.0615157
2.29049  2.22822  2.28466  -0.0841399
2.05943  1.99678  2.04714  -0.0976538
1.84071  1.78059  1.82536  -0.103911
1.63919  1.58215  1.62144  -0.105333
1.45509  1.40204  1.43646  -0.103333
1.289  1.24  1.27  -0.0991424
1.13989  1.09511  1.12125  -0.093572
1.00693  0.966165  0.988908  -0.0872536
0.888702  0.851814  0.871608  -0.0806025
0.783968  0.750675  0.767897  -0.0739227
0.691333  0.661393  0.676392  -0.0674069
0.609576  0.582693  0.595763  -0.0611878
0.537478  0.513393  0.524795  -0.0553397
0.47397  0.452414  0.46237  -0.0499033
0.418047  0.398781  0.407483  -0.0448941
0.368831  0.351621  0.359236  -0.0403096
0.325518  0.310155  0.316828  -0.0361381
0.287404  0.273695  0.279547  -0.032359
0.253859  0.24163  0.246769  -0.0289461
0.224331  0.213424  0.217942  -0.0258731
0.198332  0.188605  0.192582  -0.0231124
0.17543  0.166756  0.17026  -0.0206377
0.15525  0.147514  0.150605  -0.0184226
0.137462  0.130561  0.133289  -0.016441
0.121771  0.115616  0.118027  -0.0146711
0.107927  0.102433  0.104567  -0.0130915
0.0957032  0.0907993  0.09269  -0.011683
0.0849057  0.0805271  0.0822025  -0.0104265
0.0753611  0.0714516  0.0729379  -0.00930646
0.0669211  0.063428  0.0647479  -0.00830844
0.0594527  0.0563306  0.0575033  -0.00741812
0.0528399  0.0500481  0.0510916  -0.00662593
0.0469822  0.0444848  0.0454134  -0.0059199
0.0417887  0.0395557  0.0403826  -0.00529045
0.0371828  0.0351843  0.0359215  -0.00472922
0.0330961  0.0313059  0.0319641  -0.00422901
0.0294667  0.0278631  0.0284507  -0.00378385
0.0262417  0.0248045  0.0253298  -0.00338656
0.0233756  0.0220868  0.0225571  -0.00303115
0.0208267  0.0196708  0.0200908  -0.00271523
0.0185579  0.0175216  0.0178973  -0.00243282
0.0165379  0.0156081  0.0159444  -0.00218032
0.0147393  0.013904  0.0142056  -0.00195415
0.0131358  0.0123855  0.0126559  -0.00175311
0.011707  0.011032  0.011275  -0.00157242
0.0104313  0.00982461  0.0100424  -0.00141206
0.00929329  0.00874881  0.00894387  -0.00126727
0.00827852  0.00778789  0.0079638  -0.00113803
0.00737145  0.00692988  0.00708784  -0.00102315
0.00656131  0.00616402  0.00630522  -0.000919038
0.00583733  0.00547953  0.00560757  -0.000825698
0.00518993  0.00486803  0.00498291  -0.000743129
0.00461194  0.00432235  0.00442526  -0.000667739
0.00409499  0.00383411  0.00392626  -0.000600725
0.00363307  0.00339853  0.0034811  -0.000540892
0.00322022  0.00300841  0.00308261  -0.000485846
0.00285045  0.00266018  0.0027272  -0.000436782
0.00252018  0.00234786  0.00240889  -0.000393703
0.0022246  0.00207023  0.00212408  -0.000353016
0.00196133  0.00182252  0.00187039  -0.000318313
0.00172559  0.00159994  0.00164422  -0.000286003
0.00151498  0.00140249  0.00144198  -0.000256086
0.0013283  0.00122658  0.00126128  -0.00022976
0.00116076  0.00106982  0.00110093  -0.000205826
0.00101118  0.000929808  0.000957331  -0.000184286
0.000878352  0.000805355  0.000830485  -0.00016514
0.000761078  0.000695262  0.000716802  -0.000148386
0.000656969  0.000598332  0.000617479  -0.000131633
0.000563629  0.000512172  0.000528926  -0.000117273
0.000482256  0.000435586  0.000451142  -0.00010411
0.000410456  0.000368573  0.000381736  -9.21432e-05
0.000347033  0.000309936  0.000321903  -8.13732e-05
0.000291986  0.000258479  0.000268053  -7.17999e-05
0.000242923  0.000214203  0.00022258  -6.34232e-05
0.00020104  0.00017591  0.00018309  -5.50466e-05
0.000163943  0.000142403  0.000148386  -4.78666e-05
0.00013283  0.000113683  0.00011847  -4.06866e-05
0.000106503  8.97498e-05  9.33398e-05  -3.47033e-05
8.37665e-05  6.94065e-05  7.29965e-05  -2.87199e-05
6.46199e-05  5.26532e-05  5.50466e-05  -2.39333e-05
4.90632e-05  3.94899e-05  4.06866e-05  -2.03433e-05
3.70966e-05  2.87199e-05  2.99166e-05  -1.55566e-05
2.63266e-05  2.03433e-05  2.03433e-05  -1.19666e-05
1.795e-05  1.31633e-05  1.31633e-05  -9.57331e-06
1.19666e-05  8.37665e-06  8.37665e-06  -7.17999e-06
8.37665e-06  4.78666e-06  4.78666e-06  -4.78666e-06
4.78666e-06  3.58999e-06  2.39333e-06  -2.39333e-06
2.39333e-06  1.19666e-06  1.19666e-06  -1.19666e-06
1.19666e-06  1.19666e-06  1.19666e-06  -1.19666e-06
1.19666e-06  0  0  0
0  0  0  0
0  0  0  0
0  0  0  0
0  0  0  0
0  0  0  0
