5e-07  0.475 0.5
1.25  0.016  5e-06
0.001382 0.792775  6.94913  8.76558  100
9.09349e-07  3.43709e-11  1.13983e-16
202  414
0.987927  1.01207  0.973491  0.0164061
2.65872  2.64025  2.65892  0.0795611
3.86501  3.82949  3.83588  0.103327
4.58435  4.54422  4.56583  0.101648
4.9986  4.94632  4.97056  0.106779
5.18015  5.16351  5.1733  0.0892492
5.2606  5.22968  5.24353  0.0774261
5.24017  5.23  5.23902  0.0693347
5.19666  5.18685  5.19034  0.0547418
5.11927  5.1125  5.11934  0.0469532
5.03392  5.03235  5.03301  0.0405139
4.94487  4.94342  4.94677  0.029667
4.85065  4.85089  4.85085  0.0287484
4.76055  4.76242  4.76419  0.0187828
4.66733  4.66906  4.66782  0.018796
4.57958  4.58208  4.58365  0.0113942
4.48826  4.49168  4.48939  0.0114011
4.40404  4.40633  4.40779  0.00573137
4.31451  4.31898  4.31617  0.00606004
4.23344  4.23565  4.23688  0.0014586
4.14621  4.15111  4.14807  0.00197492
4.06763  4.06987  4.07091  -0.00161344
3.98328  3.98829  3.98512  -0.00124217
3.90686  3.90916  3.91006  -0.00380767
3.82576  3.83071  3.8275  -0.00375241
3.75146  3.75383  3.75458  -0.00538945
3.67384  3.6786  3.67543  -0.00568647
3.60169  3.60415  3.60476  -0.00652571
3.52769  3.53217  3.52912  -0.00716234
3.45777  3.46032  3.46077  -0.00733445
3.38741  3.39157  3.38867  -0.00826579
3.3198  3.32243  3.32273  -0.00790718
3.25302  3.25684  3.25411  -0.00906473
3.18779  3.19049  3.19064  -0.00830723
3.12447  3.12795  3.12541  -0.00961732
3.06167  3.06442  3.06443  -0.00857949
3.00164  3.0048  3.00245  -0.00997075
2.94131  2.94408  2.94396  -0.00875563
2.88437  2.88724  2.88508  -0.0101647
2.82654  2.82929  2.82906  -0.00885982
2.77248  2.77508  2.77311  -0.0102327
2.71713  2.71985  2.71951  -0.00890759
2.66576  2.66813  2.66633  -0.010201
2.61287  2.61552  2.6151  -0.00891105
2.56398  2.56616  2.56452  -0.0100945
2.51351  2.51608  2.51558  -0.00887824
2.46693  2.46895  2.46745  -0.00993161
2.41881  2.42128  2.42073  -0.00881434
2.37438  2.37626  2.3749  -0.00972899
2.32853  2.33088  2.33029  -0.00872455
2.28611  2.28787  2.28663  -0.00949932
2.24243  2.24467  2.24405  -0.00861288
2.2019  2.20356  2.20243  -0.00925238
2.16031  2.16242  2.16178  -0.00848164
2.12154  2.12311  2.12208  -0.00899624
2.08193  2.08392  2.08327  -0.00833486
2.04482  2.04633  2.04537  -0.00873664
2.00709  2.00897  2.00832  -0.00817541
1.97156  1.973  1.97213  -0.00847761
1.9356  1.93737  1.93673  -0.00800446
1.90158  1.90296  1.90214  -0.00822204
1.86729  1.86895  1.86831  -0.00782544
1.83468  1.83601  1.83525  -0.00797222
1.80197  1.80352  1.8029  -0.00764067
1.77071  1.77199  1.77128  -0.00772874
1.73948  1.74094  1.74034  -0.00745129
1.70952  1.71074  1.71008  -0.00749331
1.67968  1.68105  1.68047  -0.00725962
1.65094  1.65212  1.6515  -0.00726537
1.62241  1.62371  1.62314  -0.00706736
1.59485  1.59598  1.59539  -0.00704549
1.56755  1.56877  1.56823  -0.00687511
1.54111  1.54219  1.54164  -0.00683309
1.51497  1.51612  1.5156  -0.00668516
1.48959  1.49063  1.49011  -0.00662759
1.46455  1.46564  1.46514  -0.00649693
1.44018  1.44118  1.44068  -0.00643016
1.41618  1.4172  1.41673  -0.00631216
1.39278  1.39373  1.39326  -0.00623906
1.36975  1.37072  1.37027  -0.00613142
1.34727  1.34818  1.34773  -0.00605428
1.32516  1.32608  1.32565  -0.0059547
1.30356  1.30443  1.30401  -0.00587642
1.28233  1.28321  1.28279  -0.00578317
1.26156  1.2624  1.26199  -0.00570431
1.24116  1.24199  1.2416  -0.00561567
1.22119  1.22199  1.2216  -0.00553796
1.20157  1.20237  1.20199  -0.00545335
1.18237  1.18313  1.18275  -0.00537737
1.16349  1.16425  1.16389  -0.0052962
1.14501  1.14573  1.14538  -0.00522253
1.12685  1.12757  1.12722  -0.00514367
1.10905  1.10974  1.1094  -0.00507229
1.09156  1.09225  1.09192  -0.00499631
1.07442  1.07509  1.07476  -0.00492724
1.05758  1.05823  1.05792  -0.00485356
1.04106  1.0417  1.04139  -0.00478736
1.02483  1.02546  1.02515  -0.00471599
1.00892  1.00952  1.00922  -0.00465209
0.993268  0.993866  0.993576  -0.00458302
0.97792  0.9785  0.978215  -0.00452143
0.96283  0.963403  0.963124  -0.00445466
0.948026  0.948581  0.948308  -0.00439537
0.933467  0.934016  0.933749  -0.00433033
0.919183  0.919714  0.919452  -0.00427334
0.905133  0.905658  0.905402  -0.0042106
0.891345  0.891853  0.891602  -0.00415534
0.87778  0.878283  0.878037  -0.0040949
0.864465  0.864952  0.864712  -0.00404195
0.851366  0.851847  0.851612  -0.00398323
0.838505  0.838971  0.838741  -0.00393143
0.825849  0.82631  0.826085  -0.00387502
0.813421  0.813869  0.813647  -0.00382552
0.801191  0.801634  0.801417  -0.00377083
0.789179  0.789608  0.789396  -0.00372306
0.777356  0.77778  0.777572  -0.00367068
0.765741  0.766153  0.765949  -0.00362348
0.754308  0.754716  0.754515  -0.0035734
0.743075  0.74347  0.743274  -0.00352792
0.732015  0.732407  0.732214  -0.003479
0.721147  0.721527  0.721338  -0.00343525
0.710447  0.710822  0.710637  -0.00338863
0.699928  0.700293  0.700112  -0.00334546
0.689572  0.689933  0.689755  -0.00330056
0.679389  0.679741  0.679566  -0.00325911
0.669363  0.669711  0.669539  -0.00321594
0.659503  0.659842  0.659674  -0.00317565
0.649794  0.650128  0.649963  -0.00313363
0.640244  0.64057  0.640408  -0.00309449
0.630839  0.631161  0.631002  -0.0030542
0.621587  0.6219  0.621744  -0.00301621
0.612475  0.612784  0.612631  -0.00297764
0.603509  0.60381  0.60366  -0.0029408
0.594678  0.594975  0.594827  -0.00290339
0.585987  0.586277  0.586132  -0.0028677
0.577426  0.577712  0.57757  -0.00283143
0.569  0.569279  0.56914  -0.0027969
0.560699  0.560975  0.560838  -0.00276179
0.552527  0.552797  0.552663  -0.0027284
0.544478  0.544743  0.544611  -0.00269444
0.536551  0.536811  0.536681  -0.00266163
0.528742  0.528998  0.52887  -0.00262882
0.521052  0.521303  0.521177  -0.00259716
0.513475  0.513722  0.513599  -0.00256608
0.506012  0.506255  0.506134  -0.00253499
0.498659  0.498898  0.498779  -0.00250449
0.491416  0.49165  0.491533  -0.00247456
0.484279  0.484509  0.484394  -0.0024452
0.477247  0.477473  0.47736  -0.00241642
0.470318  0.47054  0.470429  -0.00238764
0.463491  0.463709  0.463599  -0.00235943
0.456762  0.456976  0.456869  -0.0023318
0.450131  0.450342  0.450237  -0.00230417
0.443596  0.443804  0.443699  -0.0022777
0.437155  0.437359  0.437257  -0.00225122
0.430807  0.431008  0.430907  -0.00222474
0.424551  0.424747  0.424648  -0.00219941
0.418382  0.418576  0.418479  -0.00217351
0.412303  0.412494  0.412398  -0.00214876
0.406309  0.406497  0.406403  -0.00212401
0.400401  0.400586  0.400493  -0.00209983
0.394577  0.394758  0.394667  -0.00207623
0.388834  0.389012  0.388922  -0.00205263
0.383172  0.383348  0.383259  -0.00202961
0.377589  0.377762  0.377676  -0.00200658
0.372085  0.372255  0.372169  -0.00198413
0.366657  0.366825  0.366741  -0.00196168
0.361305  0.36147  0.361387  -0.00193981
0.356027  0.35619  0.356108  -0.00191851
0.350823  0.350982  0.350902  -0.00189664
0.345691  0.345847  0.345768  -0.00187592
0.340628  0.340783  0.340705  -0.0018552
0.335636  0.335788  0.335712  -0.00183447
0.330713  0.330862  0.330787  -0.00181433
0.325856  0.326003  0.325929  -0.00179476
0.321066  0.321212  0.321138  -0.00177519
0.316342  0.316485  0.316413  -0.00175562
0.311682  0.311823  0.311751  -0.00173662
0.307085  0.307224  0.307154  -0.00171763
0.302551  0.302687  0.302618  -0.00169921
0.298078  0.298212  0.298144  -0.00168079
0.293665  0.293797  0.293731  -0.00166294
0.289312  0.289442  0.289377  -0.00164452
0.285018  0.285147  0.285082  -0.00162725
0.280781  0.280908  0.280844  -0.00160999
0.276601  0.276726  0.276663  -0.00159272
0.272477  0.272601  0.272538  -0.00157545
0.268409  0.26853  0.268469  -0.00155876
0.264395  0.264514  0.264454  -0.00154206
0.260434  0.260552  0.260493  -0.00152595
0.256527  0.256643  0.256584  -0.00150983
0.252671  0.252785  0.252727  -0.00149371
0.248866  0.248979  0.248922  -0.00147817
0.245112  0.245223  0.245167  -0.00146263
0.241408  0.241517  0.241462  -0.00144709
0.237753  0.237861  0.237806  -0.00143155
0.234146  0.234253  0.234199  -0.00141658
0.230587  0.230692  0.230638  -0.00140219
0.227075  0.227178  0.227126  -0.00138722
0.223609  0.223712  0.223659  -0.00137283
0.220189  0.22029  0.220239  -0.00135844
0.216814  0.216914  0.216863  -0.00134405
0.213483  0.213581  0.213532  -0.00133024
0.210197  0.210293  0.210244  -0.00131642
0.206953  0.207049  0.207  -0.00130261
0.203752  0.203846  0.203798  -0.00128937
0.200593  0.200686  0.200639  -0.00127613
0.197476  0.197567  0.197521  -0.00126289
0.194399  0.194489  0.194443  -0.00124965
0.191363  0.191452  0.191406  -0.00123641
0.188367  0.188455  0.18841  -0.00122375
0.185409  0.185496  0.185452  -0.00121109
0.182491  0.182577  0.182533  -0.00119842
0.17961  0.179695  0.179652  -0.00118634
0.176768  0.176852  0.176809  -0.00117425
0.173963  0.174045  0.174003  -0.00116216
0.171194  0.171276  0.171234  -0.00115007
0.168462  0.168543  0.168501  -0.00113798
0.165766  0.165845  0.165804  -0.00112647
0.163105  0.163182  0.163143  -0.00111438
0.160478  0.160555  0.160516  -0.00110287
0.157886  0.157962  0.157924  -0.00109194
0.155328  0.155404  0.155365  -0.00108042
0.152804  0.152878  0.15284  -0.00106949
0.150313  0.150386  0.150349  -0.00105797
0.147855  0.147926  0.14789  -0.00104704
0.145428  0.145499  0.145463  -0.00103668
0.143034  0.143104  0.143068  -0.00102574
0.140671  0.140741  0.140705  -0.0010148
0.138339  0.138408  0.138372  -0.00100444
0.136038  0.136106  0.136071  -0.000994082
0.133768  0.133834  0.1338  -0.000983721
0.131527  0.131592  0.131558  -0.00097336
0.129315  0.12938  0.129347  -0.000963574
0.127134  0.127198  0.127165  -0.000953213
0.12498  0.125044  0.125011  -0.000943428
0.122856  0.122918  0.122886  -0.000933642
0.120759  0.120821  0.120789  -0.000923857
0.118691  0.118752  0.118721  -0.000914072
0.11665  0.11671  0.116679  -0.000904286
0.114636  0.114695  0.114665  -0.000895076
0.112649  0.112708  0.112677  -0.000885291
0.110688  0.110747  0.110717  -0.000876081
0.108754  0.108811  0.108782  -0.000866871
0.106846  0.106903  0.106873  -0.000857662
0.104963  0.105019  0.10499  -0.000848452
0.103106  0.103161  0.103132  -0.000839242
0.101273  0.101328  0.1013  -0.000830608
0.0994657  0.0995192  0.0994916  -0.000821398
0.0976825  0.0977354  0.0977078  -0.000812764
0.0959234  0.0959758  0.0959487  -0.00080413
0.0941879  0.0942397  0.0942133  -0.000795495
0.0924766  0.0925279  0.0925014  -0.000786861
0.0907884  0.090839  0.0908125  -0.000778227
0.0891231  0.0891732  0.0891473  -0.000769593
0.0874809  0.0875304  0.0875045  -0.000760959
0.0858611  0.0859095  0.0858842  -0.0007529
0.0842638  0.0843116  0.0842868  -0.000744842
0.0826884  0.0827356  0.0827108  -0.000736207
0.0811348  0.0811814  0.0811567  -0.000728149
0.0796025  0.0796486  0.0796244  -0.00072009
0.0780915  0.0781376  0.0781134  -0.000712032
0.0766018  0.0766473  0.0766237  -0.000703973
0.0751335  0.0751778  0.0751542  -0.00069649
0.0736852  0.073729  0.0737059  -0.000688432
0.0722571  0.0723003  0.0722778  -0.000680949
0.0708492  0.0708923  0.0708699  -0.00067289
0.069462  0.069504  0.0694815  -0.000665407
0.0680937  0.0681352  0.0681133  -0.000657924
0.0667451  0.0667865  0.0667646  -0.000649866
0.065416  0.0654568  0.0654355  -0.000642383
0.0641059  0.0641462  0.0641249  -0.0006349
0.0628148  0.0628545  0.0628332  -0.000627992
0.0615421  0.0615813  0.0615605  -0.00062051
0.0602884  0.0603264  0.0603063  -0.000613027
0.0590526  0.0590906  0.0590704  -0.000606119
0.0578346  0.057872  0.0578524  -0.000598636
0.056635  0.0566719  0.0566523  -0.000591729
0.0554527  0.055489  0.05547  -0.000584246
0.0542883  0.0543239  0.0543049  -0.000577339
0.0531405  0.0531762  0.0531577  -0.000570431
0.0520106  0.0520457  0.0520272  -0.000563524
0.0508973  0.0509319  0.0509134  -0.000556617
0.0498008  0.0498353  0.0498169  -0.000549709
0.0487209  0.0487549  0.0487371  -0.000542802
0.0476578  0.0476906  0.0476733  -0.000535895
0.0466107  0.046643  0.0466257  -0.000529563
0.0455792  0.0456115  0.0455942  -0.000522656
0.0445644  0.0445961  0.0445788  -0.000516324
0.0435646  0.0435963  0.0435796  -0.000509416
0.0425809  0.042612  0.0425953  -0.000503085
0.0416121  0.0416426  0.0416265  -0.000496177
0.0406589  0.0406894  0.0406733  -0.000489846
0.0397212  0.0397506  0.0397345  -0.000483514
0.038798  0.0388273  0.0388112  -0.000477182
0.0378896  0.0379184  0.0379029  -0.00047085
0.0369957  0.0370239  0.037009  -0.000464519
0.0361168  0.0361444  0.0361294  -0.000458187
0.0352516  0.0352792  0.0352643  -0.000451855
0.0344009  0.0344279  0.034413  -0.000446099
0.0335639  0.033591  0.033576  -0.000439767
0.0327414  0.0327673  0.0327535  -0.000433436
0.0319321  0.031958  0.0319442  -0.00042768
0.0311366  0.0311619  0.0311481  -0.000421348
0.0303543  0.0303796  0.0303658  -0.000415592
0.0295859  0.0296106  0.0295968  -0.00040926
0.0288301  0.0288548  0.028841  -0.000403504
0.0280876  0.0281117  0.0280985  -0.000397748
0.0273577  0.0273819  0.0273686  -0.000391992
0.026641  0.0266646  0.0266514  -0.000386236
0.0259371  0.0259595  0.0259469  -0.000380479
0.0252452  0.0252676  0.025255  -0.000374723
0.0245654  0.0245878  0.0245757  -0.000368967
0.0238983  0.0239201  0.023908  -0.000363211
0.0232432  0.0232651  0.023253  -0.000357455
0.0226002  0.0226215  0.0226095  -0.000351699
0.0219694  0.0219901  0.0219786  -0.000346518
0.0213494  0.0213702  0.0213587  -0.000340762
0.0207416  0.0207617  0.0207508  -0.000335582
0.0201453  0.0201648  0.0201539  -0.000329826
0.0195604  0.01958  0.0195691  -0.000324645
0.0189866  0.0190056  0.0189952  -0.000318889
0.0184242  0.0184426  0.0184322  -0.000313708
0.0178727  0.0178906  0.0178802  -0.000308528
0.0173317  0.0173495  0.0173397  -0.000303347
0.0168021  0.0168194  0.0168096  -0.000297591
0.0162829  0.0163002  0.0162904  -0.000292411
0.0157741  0.0157908  0.0157815  -0.00028723
0.0152756  0.0152923  0.0152831  -0.00028205
0.014788  0.0148042  0.0147949  -0.000276869
0.0143103  0.0143264  0.0143172  -0.000272264
0.0138423  0.0138584  0.0138492  -0.000267084
0.0133847  0.0134002  0.0133916  -0.000261903
0.0129369  0.0129518  0.0129432  -0.000257298
0.0124988  0.0125138  0.0125052  -0.000252118
0.0120706  0.012085  0.0120769  -0.000246937
0.0116515  0.0116659  0.0116579  -0.000242333
0.0112423  0.0112561  0.011248  -0.000237152
0.0108422  0.010856  0.010848  -0.000232547
0.0104514  0.0104646  0.0104571  -0.000227942
0.0100698  0.0100824  0.0100749  -0.000222762
0.00969733  0.00970942  0.00970194  -0.000218157
0.00933355  0.00934563  0.00933815  -0.000213552
0.00897839  0.00899048  0.008983  -0.000208947
0.00863245  0.00864396  0.00863705  -0.000204342
0.00829457  0.00830608  0.00829917  -0.000199737
0.00796589  0.00797683  0.00796992  -0.000195132
0.00764528  0.00765564  0.00764931  -0.000190528
0.00733272  0.00734308  0.00733675  -0.000185923
0.0070288  0.00703858  0.00703225  -0.000181893
0.00673236  0.00674272  0.00673638  -0.000177288
0.00644455  0.00645433  0.006448  -0.000173259
0.00616423  0.00617344  0.00616768  -0.000168654
0.00589196  0.00590117  0.00589542  -0.000164625
0.00562718  0.00563582  0.00563063  -0.00016002
0.00536988  0.00537852  0.00537334  -0.000155991
0.00512064  0.0051287  0.00512352  -0.000151386
0.00487831  0.00488637  0.00488119  -0.000147357
0.00464346  0.00465152  0.00464634  -0.000143327
0.00441609  0.00442358  0.00441897  -0.000139298
0.00419563  0.00420312  0.00419794  -0.000135269
0.00398208  0.00398957  0.00398496  -0.000131239
0.00377601  0.00378292  0.00377832  -0.00012721
0.00357628  0.00358261  0.00357858  -0.000123181
0.00338345  0.00338978  0.00338517  -0.000119152
0.00319695  0.00320328  0.00319867  -0.000115698
0.00301678  0.00302311  0.00301908  -0.000111669
0.00284352  0.00284928  0.00284525  -0.000108215
0.00267659  0.00268178  0.00267832  -0.000104186
0.002516  0.00252118  0.00251715  -0.000100732
0.00236116  0.00236634  0.00236289  -9.67028e-05
0.00221265  0.00221726  0.0022138  -9.32491e-05
0.0020699  0.0020745  0.00207163  -8.97954e-05
0.00193348  0.00193808  0.00193463  -8.63418e-05
0.00180282  0.00180685  0.00180339  -8.28881e-05
0.00167733  0.00168136  0.00167848  -7.94344e-05
0.00155761  0.00156106  0.00155818  -7.59808e-05
0.00144306  0.00144651  0.00144363  -7.25271e-05
0.00133369  0.00133715  0.00133484  -6.90734e-05
0.00123008  0.00123354  0.00123066  -6.61954e-05
0.00113165  0.00113453  0.00113223  -6.27417e-05
0.0010384  0.00104128  0.00103898  -5.98636e-05
0.000949759  0.000952638  0.000950335  -5.641e-05
0.000866296  0.000868598  0.000866296  -5.35319e-05
0.000786861  0.000789164  0.000787437  -5.06538e-05
0.000712607  0.00071491  0.000713183  -4.77758e-05
0.000642958  0.000644685  0.000642958  -4.48977e-05
0.000577339  0.000579641  0.000577339  -4.20197e-05
0.000516324  0.000518051  0.000516324  -3.91416e-05
0.000459914  0.000461065  0.000459338  -3.68392e-05
0.000406958  0.000408109  0.000406958  -3.39611e-05
0.000358031  0.000359182  0.000358031  -3.16586e-05
0.000313133  0.000314284  0.000313133  -2.87806e-05
0.000272264  0.00027284  0.000271689  -2.64781e-05
0.000234274  0.000235425  0.000234274  -2.41757e-05
0.000200313  0.000200889  0.000199737  -2.18732e-05
0.000169805  0.000169805  0.00016923  -1.95708e-05
0.000142176  0.000142176  0.000141601  -1.7844e-05
0.000117425  0.000118  0.000116849  -1.55415e-05
9.61272e-05  9.61272e-05  9.55516e-05  -1.38147e-05
7.77076e-05  7.77076e-05  7.7132e-05  -1.15122e-05
6.15905e-05  6.15905e-05  6.10148e-05  -9.7854e-06
4.83514e-05  4.83514e-05  4.77758e-05  -8.05857e-06
3.68392e-05  3.68392e-05  3.62635e-05  -6.90734e-06
2.8205e-05  2.76294e-05  2.76294e-05  -5.18051e-06
2.0722e-05  2.0722e-05  2.01464e-05  -4.02928e-06
1.49659e-05  1.49659e-05  1.49659e-05  -3.45367e-06
1.09366e-05  1.09366e-05  1.0361e-05  -2.30245e-06
7.48295e-06  7.48295e-06  7.48295e-06  -1.72684e-06
5.18051e-06  5.18051e-06  5.18051e-06  -1.15122e-06
3.45367e-06  3.45367e-06  3.45367e-06  -1.15122e-06
2.30245e-06  2.30245e-06  2.30245e-06  -5.75612e-07
1.72684e-06  1.72684e-06  1.15122e-06  -5.75612e-07
1.15122e-06  1.15122e-06  1.15122e-06  0
