5e-07  0.475 0.5
1.64  0.115  1.8e-05
0.045467 0.546394  17.6343  32.2739  100
6.45568e-06  1.32372e-09  1.35067e-14
103  216
0.964694  1.03531  0.889148  0.0876909
2.44273  2.59015  2.50042  0.229997
3.61096  3.68875  3.62222  0.296362
4.43547  4.47697  4.45411  0.298365
5.03897  5.06321  5.03984  0.294284
5.47911  5.47044  5.48528  0.256051
5.75443  5.75223  5.75267  0.227969
5.93039  5.90719  5.93621  0.188539
6.00198  5.98703  5.99818  0.15219
6.00095  5.9783  6.00887  0.121908
5.94805  5.92805  5.94339  0.0866525
5.83855  5.8197  5.84681  0.064874
5.70959  5.68949  5.70573  0.0358071
5.54017  5.52458  5.54698  0.0198314
5.36657  5.34891  5.36429  -0.00161118
5.16842  5.1552  5.17315  -0.0135736
4.97192  4.95739  4.97105  -0.0281949
4.76381  4.7525  4.76673  -0.0369744
4.55957  4.54787  4.55951  -0.0463559
4.35251  4.34288  4.35416  -0.0524098
4.15057  4.14114  4.15077  -0.058055
3.95104  3.9429  3.95185  -0.0618122
3.75758  3.74988  3.7577  -0.064866
3.56929  3.56245  3.56957  -0.0667898
3.38779  3.38141  3.3877  -0.0680553
3.21275  3.20699  3.21265  -0.0685956
3.04487  3.03951  3.04455  -0.0686289
2.88393  2.87904  2.88356  -0.0681764
2.73019  2.72565  2.72967  -0.0673703
2.58343  2.57926  2.58286  -0.0662384
2.44368  2.43979  2.443  -0.0648765
2.31068  2.30708  2.30995  -0.0633043
2.18434  2.18096  2.18354  -0.0615931
2.06437  2.06123  2.06354  -0.0597573
1.95062  1.94767  1.94973  -0.0578479
1.8428  1.84004  1.84189  -0.0558763
1.74071  1.73811  1.73977  -0.0538774
1.64407  1.64163  1.64312  -0.0518611
1.55266  1.55036  1.5517  -0.0498496
1.46623  1.46406  1.46526  -0.0478517
1.38454  1.38248  1.38357  -0.0458812
1.30735  1.30541  1.30639  -0.0439445
1.23445  1.23261  1.23349  -0.0420502
1.1656  1.16386  1.16466  -0.0402029
1.10061  1.09895  1.09968  -0.0384073
1.03926  1.03768  1.03834  -0.0366661
0.981358  0.979854  0.980457  -0.0349822
0.926718  0.925286  0.925835  -0.0333565
0.875162  0.873797  0.874299  -0.03179
0.82652  0.825218  0.825677  -0.0302829
0.780629  0.779388  0.779808  -0.0288352
0.737336  0.736152  0.736537  -0.0274464
0.696496  0.695364  0.695719  -0.0261153
0.657968  0.656888  0.657214  -0.0248412
0.621623  0.620591  0.620892  -0.0236229
0.587336  0.58635  0.586629  -0.0224586
0.554991  0.554047  0.554306  -0.0213469
0.524475  0.523573  0.523813  -0.020286
0.495684  0.494822  0.495045  -0.0192745
0.46852  0.467695  0.467902  -0.0183105
0.442888  0.442099  0.442293  -0.0173923
0.418701  0.417946  0.418127  -0.0165181
0.395876  0.395154  0.395323  -0.0156861
0.374334  0.373643  0.373802  -0.0148947
0.354001  0.35334  0.353489  -0.014142
0.334808  0.334175  0.334316  -0.0134266
0.316689  0.316084  0.316216  -0.0127466
0.299583  0.299003  0.299128  -0.0121003
0.283431  0.282876  0.282994  -0.0114867
0.268178  0.267647  0.267759  -0.0109038
0.253773  0.253265  0.253371  -0.0103501
0.240167  0.239681  0.239781  -0.00982452
0.227315  0.22685  0.226945  -0.00932572
0.215173  0.214728  0.214818  -0.00885232
0.203701  0.203275  0.20336  -0.00840274
0.19286  0.192452  0.192534  -0.0079763
0.182615  0.182224  0.182302  -0.00757186
0.172931  0.172558  0.172632  -0.00718783
0.163778  0.16342  0.163491  -0.00682377
0.155124  0.154782  0.154849  -0.00647808
0.146941  0.146614  0.146678  -0.0061503
0.139203  0.13889  0.138951  -0.00583932
0.131885  0.131585  0.131644  -0.00554444
0.124963  0.124676  0.124733  -0.00526475
0.118415  0.118141  0.118195  -0.00499936
0.11222  0.111957  0.112009  -0.00474758
0.106358  0.106107  0.106156  -0.00450873
0.10081  0.10057  0.100617  -0.00428235
0.0955599  0.0953299  0.0953753  -0.00406731
0.0905901  0.0903698  0.0904134  -0.00386362
0.0858851  0.0856744  0.0857161  -0.00367013
0.0814304  0.0812287  0.0812687  -0.00348685
0.077212  0.077019  0.0770575  -0.00331287
0.0732171  0.0730324  0.0730694  -0.00314774
0.0694333  0.0692566  0.069292  -0.002991
0.0658489  0.0656799  0.0657139  -0.00284242
0.0624532  0.0622915  0.0623242  -0.00270133
0.0592359  0.0590812  0.0591125  -0.0025675
0.056187  0.0560391  0.0560691  -0.00244048
0.0532976  0.0531561  0.0531849  -0.0023198
0.0505589  0.0504235  0.0504511  -0.00220548
0.047963  0.0478333  0.0478598  -0.00209683
0.0455017  0.0453778  0.0454032  -0.00199385
0.0431683  0.0430496  0.0430741  -0.00189586
0.0409555  0.0408419  0.0408655  -0.00180308
0.0388569  0.0387485  0.0387709  -0.00171484
0.0368667  0.0367628  0.0367846  -0.00163092
0.0349787  0.0348794  0.0349003  -0.00155153
0.0331877  0.0330926  0.0331128  -0.00147576
0.0314887  0.0313978  0.0314168  -0.00140409
0.0298764  0.0297893  0.0298079  -0.00133604
0.0283464  0.0282632  0.0282811  -0.00127116
0.0268947  0.0268149  0.0268321  -0.00120969
0.0255165  0.0254403  0.0254568  -0.00115117
0.0242086  0.0241358  0.0241514  -0.0010956
0.0229669  0.0228973  0.0229122  -0.00104297
0.0217881  0.0217214  0.0217359  -0.000992614
0.0206691  0.0206051  0.020619  -0.000944979
0.0196064  0.0195451  0.0195585  -0.000899613
0.0185972  0.0185387  0.0185516  -0.000856515
0.0176389  0.0175831  0.0175953  -0.000815685
0.0167288  0.0166753  0.0166871  -0.00077667
0.0158644  0.0158133  0.0158247  -0.00073947
0.0150435  0.0149945  0.0150053  -0.000704311
0.0142636  0.0142167  0.0142271  -0.00067074
0.0135225  0.0134779  0.0134878  -0.000638984
0.0128187  0.012776  0.0127856  -0.000608588
0.01215  0.0121092  0.0121182  -0.000579781
0.0115149  0.0114756  0.0114845  -0.000552107
0.0109113  0.0108736  0.0108822  -0.000526022
0.0103376  0.0103018  0.0103099  -0.00050107
0.00979276  0.00975828  0.00976622  -0.00047748
0.00927491  0.00924201  0.0092495  -0.000454797
0.00878291  0.00875138  0.00875864  -0.000433475
0.00831518  0.00828524  0.00829205  -0.000412833
0.00787105  0.00784224  0.00784882  -0.000393552
0.00744869  0.00742124  0.00742759  -0.000374952
0.00704765  0.00702134  0.00702723  -0.000357259
0.00666635  0.00664139  0.00664706  -0.000340247
0.0063041  0.00628028  0.00628572  -0.000324369
0.00595999  0.00593708  0.0059423  -0.000308944
0.0056329  0.00561113  0.00561612  -0.000294427
0.00532237  0.00530127  0.00530604  -0.00028059
0.00502704  0.00500707  0.00501161  -0.000267207
0.00474667  0.00472762  0.00473193  -0.000254505
0.00448037  0.004462  0.00446631  -0.000242483
0.00422746  0.00420999  0.00421385  -0.000230914
0.00398701  0.00397046  0.00397408  -0.000220026
0.00375882  0.00374294  0.00374657  -0.000209592
0.0035422  0.003527  0.0035304  -0.000199612
0.00333646  0.00332194  0.00332512  -0.000190085
0.00314116  0.00312732  0.0031305  -0.000181011
0.00295584  0.00294268  0.00294563  -0.000172165
0.00278004  0.00276734  0.00277006  -0.000163999
0.0026131  0.00260107  0.00260357  -0.00015606
0.00245477  0.0024432  0.0024457  -0.000148348
0.00230461  0.00229372  0.00229599  -0.000141316
0.00216238  0.00215172  0.00215399  -0.000134284
0.00202742  0.00201744  0.00201948  -0.000127706
0.00189949  0.00188996  0.001892  -0.000121355
0.00177836  0.00176928  0.0017711  -0.000115457
0.00166358  0.00165496  0.00165678  -0.00010956
0.00155493  0.00154676  0.00154835  -0.000104116
0.00145217  0.00144423  0.00144582  -9.88985e-05
0.00135486  0.00134738  0.00134897  -9.39082e-05
0.001263  0.00125574  0.0012571  -8.89179e-05
0.00117589  0.00116932  0.00117045  -8.43812e-05
0.00109378  0.00108743  0.00108856  -8.00715e-05
0.0010162  0.00101008  0.00101121  -7.57617e-05
0.000943165  0.000937267  0.000938401  -7.16787e-05
0.000873981  0.000868537  0.000869444  -6.78226e-05
0.000809107  0.00080389  0.000804797  -6.41933e-05
0.000747636  0.000742873  0.000743553  -6.07908e-05
0.000690021  0.000685257  0.000686165  -5.73883e-05
0.000635808  0.000631272  0.000632179  -5.39859e-05
0.000584771  0.000580688  0.000581369  -5.1037e-05
0.00053691  0.000533054  0.000533507  -4.80882e-05
0.000492224  0.000488368  0.000488821  -4.51394e-05
0.000450033  0.000446631  0.000447085  -4.24175e-05
0.000410791  0.000407389  0.000407843  -3.99223e-05
0.000374045  0.000370869  0.000371096  -3.74272e-05
0.000339566  0.000336618  0.000337071  -3.4932e-05
0.000307583  0.000304861  0.000305088  -3.26637e-05
0.000277868  0.000275373  0.0002756  -3.06222e-05
0.000250195  0.0002477  0.000247927  -2.83539e-05
0.000224563  0.000222295  0.000222522  -2.65393e-05
0.000200746  0.000198704  0.000198931  -2.44978e-05
0.00017897  0.000176928  0.000176928  -2.26831e-05
0.000158782  0.00015674  0.000156967  -2.10953e-05
0.000140182  0.000138367  0.000138367  -1.92807e-05
0.000123169  0.000121582  0.000121582  -1.76928e-05
0.000107745  0.000106157  0.000106157  -1.63319e-05
9.34545e-05  9.20935e-05  9.20935e-05  -1.4744e-05
8.07519e-05  7.9391e-05  7.9391e-05  -1.3383e-05
6.91835e-05  6.80494e-05  6.78226e-05  -1.22489e-05
5.87493e-05  5.76152e-05  5.76152e-05  -1.08879e-05
4.94492e-05  4.85419e-05  4.83151e-05  -9.75375e-06
4.12833e-05  4.0376e-05  4.01491e-05  -8.61959e-06
3.40247e-05  3.31174e-05  3.31174e-05  -7.71226e-06
2.76734e-05  2.69929e-05  2.67661e-05  -6.57811e-06
2.22295e-05  2.1549e-05  2.13221e-05  -5.67078e-06
1.7466e-05  1.67855e-05  1.67855e-05  -4.76346e-06
1.36099e-05  1.29294e-05  1.29294e-05  -4.08296e-06
1.02074e-05  9.75375e-06  9.52691e-06  -3.40247e-06
7.48543e-06  7.2586e-06  7.03177e-06  -2.72198e-06
5.44395e-06  5.21712e-06  4.99029e-06  -2.04148e-06
3.85613e-06  3.6293e-06  3.40247e-06  -1.58782e-06
2.72198e-06  2.49514e-06  2.26831e-06  -1.13416e-06
1.81465e-06  1.58782e-06  1.58782e-06  -6.80494e-07
1.13416e-06  1.13416e-06  9.07325e-07  -4.53663e-07
6.80494e-07  6.80494e-07  6.80494e-07  -4.53663e-07
4.53663e-07  4.53663e-07  4.53663e-07  -2.26831e-07
2.26831e-07  2.26831e-07  2.26831e-07  -2.26831e-07
2.26831e-07  2.26831e-07  0  0
0  0  0  0
0  0  0  0
