5e-07  0.475 0.5
1.16  0.012  3e-06
0.001336 0.778194  18.6508  23.9668  100
9.09349e-07  3.43709e-11  1.13983e-16
337  684
0.991464  1.00854  0.988527  0.0100819
2.81585  2.81146  2.81602  0.0397297
4.33878  4.30541  4.31929  0.0654872
5.51261  5.47856  5.4934  0.0748627
6.39113  6.34335  6.36588  0.0783109
7.01508  6.96902  6.9918  0.0844155
7.45997  7.42528  7.4413  0.078929
7.75829  7.72464  7.74163  0.0740382
7.95464  7.92499  7.93927  0.0714057
8.07019  8.04996  8.0608  0.0651668
8.13694  8.11768  8.12682  0.0590051
8.15738  8.14288  8.15106  0.0550049
8.15495  8.14372  8.14926  0.0498592
8.12904  8.12095  8.12588  0.0445449
8.09205  8.08468  8.08833  0.0412267
8.04212  8.03849  8.04137  0.0366128
7.98837  7.98464  7.98645  0.0333735
7.92684  7.92556  7.92723  0.0296192
7.86389  7.86271  7.86333  0.0271745
7.79678  7.79744  7.79809  0.0235595
7.72883  7.72922  7.72904  0.0218364
7.65853  7.66053  7.6605  0.0186301
7.58766  7.5893  7.58847  0.0172687
7.51556  7.51837  7.51789  0.0144455
7.44266  7.44521  7.44392  0.0134617
7.36949  7.37288  7.37206  0.0108988
7.29522  7.2984  7.29677  0.0102224
7.22137  7.22515  7.22409  0.00792457
7.14621  7.14986  7.14797  0.00746089
7.07202  7.07603  7.07481  0.00541252
6.99635  7.00033  6.99827  0.0051129
6.92212  6.92625  6.92493  0.00328886
6.8463  6.85051  6.84831  0.00310999
6.77228  6.77647  6.77508  0.00149613
6.69665  6.70099  6.69871  0.00139919
6.62307  6.62725  6.62583  -1.60851e-05
6.54791  6.55234  6.55001  -6.2839e-05
6.475  6.47914  6.4777  -0.00129088
6.40057  6.40502  6.40266  -0.00131168
6.32849  6.33256  6.33113  -0.00236386
6.25502  6.25945  6.25709  -0.00237759
6.18393  6.1879  6.18649  -0.00326462
6.11159  6.11597  6.11363  -0.0032865
6.04162  6.04549  6.0441  -0.00401869
5.97056  5.97487  5.97256  -0.00405987
5.90181  5.90557  5.90421  -0.00464815
5.83215  5.83637  5.83409  -0.00471571
5.76469  5.76834  5.76701  -0.00517102
5.69652  5.70064  5.69841  -0.00526989
5.63042  5.63396  5.63266  -0.00560296
5.56381  5.5678  5.56563  -0.00573572
5.49911  5.50253  5.50127  -0.00595726
5.43409  5.43796  5.43585  -0.00612433
5.37082  5.37413  5.3729  -0.00624572
5.30742  5.31116  5.30912  -0.00644582
5.2456  5.2488  5.2476  -0.00647778
5.18383  5.18744  5.18546  -0.00670876
5.12346  5.12656  5.1254  -0.00666157
5.06333  5.0668  5.06489  -0.00692022
5.00441  5.00741  5.00628  -0.00680441
4.94589  4.94923  4.94739  -0.00708708
4.88843  4.89133  4.89023  -0.0069125
4.8315  4.83471  4.83294  -0.00721447
4.77548  4.77828  4.77722  -0.00699057
4.72012  4.7232  4.7215  -0.00730776
4.66552  4.66823  4.6672  -0.00704311
4.6117  4.61466  4.61302  -0.00737103
4.55851  4.56113  4.56012  -0.00707399
4.50619  4.50902  4.50745  -0.00740835
4.45438  4.45691  4.45593  -0.00708643
4.40352  4.40623  4.40473  -0.00742272
4.35307  4.35552  4.35456  -0.007083
4.30363  4.30623  4.30479  -0.00741757
4.25451  4.25688  4.25595  -0.00706606
4.20645  4.20895  4.20756  -0.00739527
4.15864  4.16094  4.16002  -0.00703754
4.11192  4.11431  4.11299  -0.00735816
4.06539  4.06761  4.06672  -0.00699893
4.01996  4.02225  4.02099  -0.00730862
3.97468  3.97682  3.97596  -0.00695196
3.9305  3.9327  3.93149  -0.00724814
3.88644  3.88851  3.88767  -0.0068977
3.84348  3.84559  3.84443  -0.00717887
3.80061  3.80261  3.80179  -0.00683722
3.75882  3.76084  3.75973  -0.00710188
3.7171  3.71903  3.71823  -0.0067716
3.67645  3.67839  3.67733  -0.00701845
3.63586  3.63772  3.63694  -0.00670125
3.5963  3.59817  3.59715  -0.00693009
3.55681  3.55861  3.55784  -0.00662704
3.51831  3.52011  3.51913  -0.00683722
3.47988  3.48161  3.48087  -0.00654962
3.4424  3.44413  3.4432  -0.00674136
3.40501  3.40668  3.40596  -0.00646941
3.36852  3.37019  3.3693  -0.0066427
3.33213  3.33375  3.33305  -0.00638706
3.29661  3.29821  3.29735  -0.00654233
3.26118  3.26275  3.26206  -0.00630256
3.22659  3.22814  3.22731  -0.00644067
3.19211  3.19362  3.19295  -0.00621655
3.15842  3.1599  3.15912  -0.00633837
3.12485  3.1263  3.12565  -0.00612948
3.09202  3.09346  3.0927  -0.00623564
3.05934  3.06074  3.06011  -0.00604155
3.02736  3.02874  3.02801  -0.0061327
2.99553  2.99688  2.99627  -0.00595276
2.96436  2.9657  2.965  -0.0060304
2.93336  2.93467  2.93408  -0.00586354
2.90299  2.90428  2.90361  -0.00592852
2.87279  2.87405  2.87347  -0.00577411
2.84318  2.84443  2.84378  -0.00582751
2.81376  2.81498  2.81442  -0.00568467
2.78489  2.7861  2.78547  -0.00572735
2.75622  2.7574  2.75686  -0.00559546
2.72807  2.72924  2.72864  -0.00562848
2.70013  2.70127  2.70074  -0.00550645
2.67268  2.67381  2.67323  -0.0055309
2.64545  2.64655  2.64603  -0.00541788
2.61867  2.61976  2.61921  -0.00543461
2.59212  2.59318  2.59268  -0.00532995
2.566  2.56705  2.56652  -0.0053396
2.54011  2.54114  2.54065  -0.00524266
2.51463  2.51564  2.51513  -0.0052463
2.48937  2.49037  2.48989  -0.00515623
2.46451  2.46549  2.46499  -0.00515451
2.43987  2.44083  2.44037  -0.00507044
2.4156  2.41656  2.41608  -0.00506422
2.39157  2.3925  2.39205  -0.00498594
2.36788  2.3688  2.36834  -0.00497543
2.34443  2.34533  2.3449  -0.00490208
2.32131  2.3222  2.32175  -0.00488814
2.29841  2.29929  2.29887  -0.00481951
2.27584  2.2767  2.27627  -0.00480257
2.25349  2.25434  2.25393  -0.00473823
2.23145  2.23228  2.23187  -0.00471871
2.20963  2.21045  2.21005  -0.0046578
2.1881  2.18891  2.18851  -0.00463636
2.1668  2.16759  2.16721  -0.00457888
2.14577  2.14655  2.14616  -0.0045555
2.12496  2.12573  2.12536  -0.00450103
2.10442  2.10518  2.1048  -0.00447615
2.08409  2.08483  2.08447  -0.00442446
2.06402  2.06476  2.06439  -0.00439851
2.04416  2.04488  2.04453  -0.00434897
2.02455  2.02526  2.02491  -0.00432238
2.00515  2.00584  2.0055  -0.00427498
1.98598  1.98667  1.98633  -0.00424753
1.96701  1.96769  1.96736  -0.00420228
1.94828  1.94895  1.94862  -0.00417439
1.92974  1.9304  1.93008  -0.00413086
1.91143  1.91208  1.91175  -0.00410255
1.89331  1.89394  1.89363  -0.00406073
1.8754  1.87603  1.87572  -0.00403242
1.85768  1.8583  1.858  -0.00399188
1.84017  1.84078  1.84048  -0.00396336
1.82284  1.82344  1.82315  -0.00392454
1.80572  1.80631  1.80602  -0.0038958
1.78877  1.78936  1.78907  -0.00385827
1.77202  1.7726  1.77231  -0.00382975
1.75545  1.75601  1.75573  -0.00379329
1.73906  1.73962  1.73934  -0.00376498
1.72285  1.72339  1.72312  -0.00372959
1.70681  1.70735  1.70709  -0.00370149
1.69095  1.69148  1.69122  -0.00366696
1.67526  1.67579  1.67552  -0.00363908
1.65973  1.66025  1.66  -0.00360584
1.64438  1.64489  1.64464  -0.00357818
1.62919  1.62969  1.62944  -0.00354579
1.61416  1.61465  1.61441  -0.00351855
1.59929  1.59977  1.59953  -0.00348681
1.58457  1.58506  1.58482  -0.00346
1.57002  1.57049  1.57026  -0.00342912
1.55561  1.55608  1.55585  -0.00340274
1.54136  1.54182  1.54159  -0.00337272
1.52726  1.52771  1.52749  -0.00334655
1.5133  1.51375  1.51353  -0.00331717
1.49949  1.49993  1.49971  -0.00329165
1.48582  1.48626  1.48604  -0.00326291
1.4723  1.47273  1.47251  -0.0032376
1.45891  1.45933  1.45912  -0.00320972
1.44566  1.44608  1.44587  -0.00318484
1.43255  1.43296  1.43276  -0.0031576
1.41957  1.41998  1.41977  -0.00313316
1.40672  1.40712  1.40692  -0.00310656
1.39401  1.3944  1.39421  -0.00308254
1.38142  1.38181  1.38162  -0.00305638
1.36896  1.36935  1.36916  -0.00303278
1.35663  1.35701  1.35682  -0.00300748
1.34442  1.34479  1.34461  -0.00298431
1.33233  1.3327  1.33252  -0.00295944
1.32037  1.32073  1.32055  -0.0029367
1.30852  1.30888  1.3087  -0.00291225
1.29679  1.29715  1.29697  -0.00288995
1.28518  1.28553  1.28536  -0.00286614
1.27368  1.27403  1.27386  -0.00284427
1.2623  1.26264  1.26247  -0.00282089
1.25103  1.25136  1.2512  -0.00279944
1.23987  1.2402  1.24003  -0.0027765
1.22882  1.22914  1.22898  -0.00275548
1.21787  1.21819  1.21803  -0.00273317
1.20703  1.20735  1.2072  -0.00271237
1.1963  1.19662  1.19646  -0.00269049
1.18568  1.18599  1.18583  -0.00267012
1.17515  1.17546  1.1753  -0.00264889
1.16473  1.16503  1.16488  -0.00262894
1.1544  1.1547  1.15455  -0.00260792
1.14418  1.14448  1.14433  -0.00258841
1.13405  1.13435  1.1342  -0.00256782
1.12403  1.12431  1.12417  -0.00254852
1.11409  1.11438  1.11423  -0.00252857
1.10425  1.10453  1.10439  -0.0025097
1.09451  1.09478  1.09465  -0.00248997
1.08485  1.08513  1.08499  -0.00247152
1.07529  1.07556  1.07542  -0.00245222
1.06582  1.06608  1.06595  -0.00243399
1.05643  1.0567  1.05656  -0.00241512
1.04714  1.0474  1.04727  -0.00239732
1.03793  1.03818  1.03806  -0.00237887
1.0288  1.02906  1.02893  -0.00236129
1.01977  1.02002  1.01989  -0.00234327
1.01081  1.01106  1.01094  -0.00232611
1.00194  1.00218  1.00206  -0.00230831
0.993149  0.993391  0.993271  -0.00229137
0.98444  0.984679  0.98456  -0.002274
0.975812  0.976048  0.97593  -0.00225748
0.967262  0.967495  0.967379  -0.00224054
0.958791  0.959021  0.958907  -0.00222424
0.950397  0.950624  0.950511  -0.00220751
0.94208  0.942305  0.942192  -0.00219143
0.933838  0.93406  0.933949  -0.00217513
0.925671  0.925891  0.925781  -0.00215947
0.917578  0.917795  0.917687  -0.00214339
0.909558  0.909772  0.909665  -0.00212795
0.90161  0.901822  0.901716  -0.00211229
0.893734  0.893943  0.893839  -0.00209706
0.885929  0.886135  0.886032  -0.00208184
0.878194  0.878398  0.878296  -0.00206682
0.870527  0.870729  0.870628  -0.00205181
0.862929  0.863129  0.863029  -0.00203723
0.855399  0.855596  0.855498  -0.00202243
0.847936  0.848131  0.848033  -0.00200806
0.840539  0.840731  0.840635  -0.00199348
0.833207  0.833397  0.833302  -0.00197932
0.82594  0.826128  0.826034  -0.00196517
0.818737  0.818923  0.81883  -0.00195122
0.811598  0.811781  0.81169  -0.00193728
0.804521  0.804703  0.804612  -0.00192377
0.797506  0.797686  0.797596  -0.00191005
0.790553  0.790731  0.790642  -0.00189654
0.78366  0.783836  0.783748  -0.00188324
0.776828  0.777001  0.776915  -0.00186994
0.770055  0.770226  0.77014  -0.00185686
0.76334  0.76351  0.763425  -0.00184399
0.756684  0.756852  0.756768  -0.00183091
0.750086  0.750252  0.750169  -0.00181826
0.743544  0.743708  0.743626  -0.0018056
0.737059  0.737221  0.73714  -0.00179316
0.73063  0.73079  0.73071  -0.00178051
0.724256  0.724414  0.724335  -0.00176828
0.717936  0.718093  0.718015  -0.00175606
0.711671  0.711827  0.711749  -0.00174405
0.70546  0.705613  0.705536  -0.00173204
0.699301  0.699453  0.699377  -0.00172024
0.693195  0.693345  0.693269  -0.00170823
0.68714  0.687289  0.687214  -0.00169665
0.681138  0.681284  0.681211  -0.00168507
0.675186  0.675331  0.675258  -0.0016737
0.669284  0.669428  0.669356  -0.00166212
0.663432  0.663574  0.663503  -0.00165097
0.65763  0.65777  0.6577  -0.00163982
0.651876  0.652015  0.651946  -0.00162867
0.646171  0.646309  0.64624  -0.00161773
0.640514  0.64065  0.640582  -0.00160679
0.634904  0.635039  0.634971  -0.00159585
0.629342  0.629475  0.629408  -0.00158534
0.623825  0.623957  0.623891  -0.00157462
0.618355  0.618486  0.61842  -0.00156411
0.612931  0.61306  0.612995  -0.0015536
0.607551  0.607679  0.607615  -0.00154331
0.602217  0.602343  0.60228  -0.00153301
0.596926  0.597051  0.596989  -0.00152272
0.59168  0.591803  0.591741  -0.00151264
0.586477  0.586599  0.586538  -0.00150277
0.581317  0.581438  0.581377  -0.00149269
0.576199  0.576319  0.576259  -0.00148283
0.571124  0.571242  0.571183  -0.00147318
0.566091  0.566208  0.566149  -0.00146331
0.561098  0.561215  0.561156  -0.00145366
0.556147  0.556262  0.556205  -0.00144422
0.551237  0.551351  0.551294  -0.00143479
0.546367  0.54648  0.546423  -0.00142535
0.541537  0.541648  0.541592  -0.00141613
0.536746  0.536856  0.536801  -0.00140691
0.531994  0.532103  0.532049  -0.00139768
0.527281  0.527389  0.527335  -0.00138846
0.522607  0.522714  0.52266  -0.00137945
0.51797  0.518076  0.518023  -0.00137066
0.513371  0.513476  0.513424  -0.00136165
0.50881  0.508914  0.508862  -0.00135286
0.504286  0.504388  0.504337  -0.00134407
0.499798  0.4999  0.499849  -0.00133549
0.495346  0.495447  0.495396  -0.00132691
0.490931  0.491031  0.490981  -0.00131833
0.486551  0.48665  0.4866  -0.00130975
0.482207  0.482305  0.482255  -0.00130139
0.477897  0.477994  0.477946  -0.00129302
0.473623  0.473719  0.47367  -0.00128487
0.469382  0.469477  0.46943  -0.00127651
0.465176  0.46527  0.465223  -0.00126836
0.461004  0.461097  0.46105  -0.00126043
0.456865  0.456957  0.456911  -0.00125228
0.452759  0.452851  0.452805  -0.00124434
0.448687  0.448777  0.448731  -0.0012364
0.444646  0.444736  0.444691  -0.00122868
0.440638  0.440727  0.440682  -0.00122075
0.436663  0.43675  0.436706  -0.00121303
0.432719  0.432805  0.432762  -0.00120531
0.428806  0.428892  0.428849  -0.0011978
0.424925  0.42501  0.424967  -0.00119008
0.421074  0.421158  0.421116  -0.00118257
0.417254  0.417338  0.417296  -0.00117528
0.413465  0.413548  0.413506  -0.00116778
0.409706  0.409787  0.409746  -0.00116048
0.405976  0.406057  0.406016  -0.00115319
0.402276  0.402357  0.402316  -0.0011459
0.398606  0.398686  0.398645  -0.00113861
0.394965  0.395044  0.395004  -0.00113153
0.391352  0.39143  0.391391  -0.00112445
0.387769  0.387846  0.387807  -0.00111738
0.384213  0.38429  0.384251  -0.0011103
0.380686  0.380762  0.380723  -0.00110344
0.377186  0.377262  0.377224  -0.00109657
0.373715  0.373789  0.373752  -0.00108971
0.370271  0.370345  0.370307  -0.00108285
0.366853  0.366927  0.36689  -0.0010762
0.363464  0.363536  0.363499  -0.00106933
0.3601  0.360172  0.360136  -0.00106269
0.356763  0.356835  0.356799  -0.00105604
0.353453  0.353524  0.353488  -0.0010496
0.350169  0.350239  0.350203  -0.00104296
0.34691  0.34698  0.346945  -0.00103652
0.343678  0.343746  0.343712  -0.00103009
0.34047  0.340538  0.340504  -0.00102365
0.337288  0.337356  0.337322  -0.00101743
0.334131  0.334198  0.334165  -0.001011
0.330999  0.331065  0.331032  -0.00100478
0.327892  0.327957  0.327924  -0.00099856
0.324809  0.324874  0.324841  -0.000992341
0.32175  0.321814  0.321782  -0.000986121
0.318715  0.318779  0.318747  -0.000980116
0.315705  0.315768  0.315736  -0.000973897
0.312718  0.31278  0.312748  -0.000967892
0.309754  0.309816  0.309785  -0.000961887
0.306814  0.306875  0.306844  -0.000955881
0.303896  0.303957  0.303926  -0.000950091
0.301002  0.301062  0.301032  -0.000944086
0.29813  0.29819  0.29816  -0.000938295
0.295282  0.295341  0.295311  -0.000932505
0.292455  0.292514  0.292484  -0.000926714
0.289651  0.289709  0.289679  -0.000920923
0.286868  0.286926  0.286897  -0.000915347
0.284108  0.284165  0.284136  -0.000909556
0.281369  0.281426  0.281397  -0.00090398
0.278652  0.278708  0.27868  -0.000898404
0.275956  0.276012  0.275984  -0.000892828
0.273282  0.273337  0.273309  -0.000887252
0.270628  0.270683  0.270655  -0.00088189
0.267995  0.26805  0.268022  -0.000876314
0.265384  0.265437  0.26541  -0.000870952
0.262792  0.262846  0.262819  -0.000865591
0.260221  0.260274  0.260247  -0.000860229
0.25767  0.257723  0.257696  -0.000854867
0.25514  0.255192  0.255165  -0.000849506
0.252629  0.252681  0.252654  -0.000844358
0.250138  0.250189  0.250163  -0.000838997
0.247667  0.247718  0.247692  -0.000833849
0.245215  0.245266  0.24524  -0.000828702
0.242783  0.242833  0.242807  -0.000823555
0.24037  0.240419  0.240394  -0.000818408
0.237976  0.238025  0.238  -0.000813261
0.235601  0.235649  0.235624  -0.000808113
0.233244  0.233292  0.233268  -0.000803181
0.230906  0.230954  0.23093  -0.000798248
0.228587  0.228635  0.228611  -0.000793101
0.226286  0.226333  0.226309  -0.000788168
0.224004  0.22405  0.224026  -0.000783235
0.221739  0.221785  0.221762  -0.000778517
0.219493  0.219538  0.219515  -0.000773584
0.217264  0.217309  0.217286  -0.000768651
0.215053  0.215098  0.215075  -0.000763933
0.21286  0.212904  0.212881  -0.000759215
0.210684  0.210728  0.210705  -0.000754282
0.208525  0.208569  0.208546  -0.000749564
0.206383  0.206427  0.206405  -0.000744845
0.204259  0.204302  0.20428  -0.000740127
0.202152  0.202194  0.202172  -0.000735623
0.200061  0.200103  0.200082  -0.000730905
0.197987  0.198029  0.198008  -0.000726401
0.19593  0.195971  0.19595  -0.000721683
0.193889  0.19393  0.193909  -0.000717179
0.191865  0.191905  0.191885  -0.000712675
0.189856  0.189897  0.189876  -0.000708172
0.187864  0.187904  0.187884  -0.000703668
0.185888  0.185928  0.185908  -0.000699164
0.183928  0.183967  0.183947  -0.00069466
0.181984  0.182023  0.182003  -0.000690371
0.180055  0.180094  0.180074  -0.000685867
0.178142  0.17818  0.178161  -0.000681578
0.176244  0.176282  0.176263  -0.000677074
0.174362  0.1744  0.17438  -0.000672784
0.172495  0.172532  0.172513  -0.000668495
0.170643  0.17068  0.170661  -0.000664206
0.168806  0.168843  0.168824  -0.000659916
0.166984  0.16702  0.167002  -0.000655627
0.165176  0.165213  0.165194  -0.000651338
0.163384  0.16342  0.163402  -0.000647263
0.161606  0.161642  0.161624  -0.000642973
0.159843  0.159878  0.15986  -0.000638899
0.158094  0.158129  0.158111  -0.000634824
0.156359  0.156394  0.156376  -0.000630534
0.154639  0.154674  0.154656  -0.000626459
0.152933  0.152967  0.152949  -0.000622385
0.151241  0.151274  0.151257  -0.00061831
0.149562  0.149596  0.149579  -0.000614235
0.147898  0.147931  0.147914  -0.00061016
0.146247  0.14628  0.146263  -0.0006063
0.14461  0.144643  0.144626  -0.000602225
0.142987  0.143019  0.143003  -0.000598364
0.141377  0.141409  0.141392  -0.000594289
0.13978  0.139812  0.139796  -0.000590429
0.138197  0.138228  0.138212  -0.000586354
0.136627  0.136658  0.136642  -0.000582494
0.13507  0.135101  0.135085  -0.000578633
0.133526  0.133557  0.133541  -0.000574773
0.131995  0.132025  0.132009  -0.000570912
0.130476  0.130507  0.130491  -0.000567052
0.128971  0.129001  0.128986  -0.000563406
0.127478  0.127508  0.127493  -0.000559546
0.125998  0.126028  0.126013  -0.000555685
0.124531  0.12456  0.124545  -0.000552039
0.123075  0.123104  0.12309  -0.000548179
0.121632  0.121661  0.121647  -0.000544533
0.120202  0.12023  0.120216  -0.000540672
0.118784  0.118812  0.118797  -0.000537027
0.117377  0.117405  0.117391  -0.000533381
0.115983  0.116011  0.115997  -0.000529735
0.114601  0.114628  0.114614  -0.000526089
0.11323  0.113258  0.113244  -0.000522443
0.111872  0.111899  0.111885  -0.000518797
0.110525  0.110552  0.110538  -0.000515151
0.10919  0.109216  0.109203  -0.000511719
0.107866  0.107892  0.107879  -0.000508073
0.106554  0.10658  0.106567  -0.000504427
0.105253  0.105279  0.105266  -0.000500996
0.103964  0.103989  0.103976  -0.00049735
0.102686  0.102711  0.102698  -0.000493919
0.101418  0.101444  0.101431  -0.000490487
0.100163  0.100188  0.100175  -0.000486841
0.098918  0.0989428  0.09893  -0.00048341
0.0976841  0.0977088  0.0976961  -0.000479978
0.0964612  0.0964857  0.096473  -0.000476547
0.0952493  0.0952735  0.0952609  -0.000473115
0.0940481  0.0940721  0.0940596  -0.000469684
0.0928573  0.0928814  0.0928689  -0.000466252
0.0916775  0.0917011  0.0916889  -0.000463035
0.0905083  0.0905316  0.0905194  -0.000459604
0.0893493  0.0893727  0.0893607  -0.000456172
0.088201  0.088224  0.088212  -0.000452955
0.0870629  0.0870858  0.087074  -0.000449524
0.0859352  0.0859579  0.0859461  -0.000446307
0.0848178  0.0848401  0.0848285  -0.000442875
0.0837105  0.0837326  0.083721  -0.000439658
0.0826133  0.0826352  0.0826238  -0.000436227
0.0815262  0.0815478  0.0815365  -0.00043301
0.0804489  0.0804706  0.0804592  -0.000429793
0.0793817  0.0794031  0.079392  -0.000426576
0.0783242  0.0783454  0.0783345  -0.000423359
0.0772767  0.0772977  0.0772868  -0.000420142
0.0762387  0.0762597  0.0762488  -0.000416925
0.0752105  0.0752311  0.0752204  -0.000413708
0.074192  0.0742124  0.0742019  -0.000410491
0.0731829  0.0732031  0.0731926  -0.000407274
0.0721833  0.0722035  0.072193  -0.000404271
0.0711933  0.0712131  0.0712028  -0.000401054
0.0702126  0.0702323  0.070222  -0.000398052
0.069241  0.0692606  0.0692505  -0.000394835
0.0682789  0.0682982  0.0682882  -0.000391832
0.0673258  0.0673451  0.0673351  -0.000388615
0.066382  0.0664011  0.0663912  -0.000385612
0.0654473  0.0654662  0.0654563  -0.000382395
0.0645215  0.0645403  0.0645305  -0.000379393
0.0636048  0.0636233  0.0636136  -0.00037639
0.062697  0.0627152  0.0627058  -0.000373388
0.0617979  0.0618162  0.0618065  -0.000370385
0.0609077  0.0609257  0.0609163  -0.000367383
0.0600262  0.060044  0.0600348  -0.00036438
0.0591536  0.0591711  0.0591619  -0.000361378
0.0582895  0.0583068  0.0582978  -0.000358375
0.057434  0.0574511  0.0574421  -0.000355373
0.0565868  0.056604  0.056595  -0.00035237
0.0557485  0.0557654  0.0557564  -0.000349367
0.0549183  0.054935  0.0549262  -0.000346579
0.0540966  0.0541131  0.0541043  -0.000343577
0.0532832  0.0532997  0.0532909  -0.000340574
0.052478  0.0524943  0.0524858  -0.000337786
0.0516811  0.0516972  0.0516888  -0.000334784
0.0508923  0.0509084  0.0508998  -0.000331996
0.0501116  0.0501275  0.0501191  -0.000329208
0.0493391  0.0493548  0.0493464  -0.000326205
0.0485745  0.04859  0.0485818  -0.000323417
0.0478179  0.0478333  0.0478252  -0.000320629
0.0470692  0.0470844  0.0470765  -0.000317841
0.0463284  0.0463434  0.0463355  -0.000314838
0.0455954  0.0456102  0.0456024  -0.00031205
0.04487  0.0448848  0.0448771  -0.000309262
0.0441526  0.0441672  0.0441595  -0.000306474
0.0434427  0.0434571  0.0434494  -0.000303686
0.0427404  0.0427547  0.0427472  -0.000300898
0.0420457  0.0420599  0.0420524  -0.000298324
0.0413585  0.0413727  0.0413652  -0.000295536
0.0406789  0.0406928  0.0406853  -0.000292748
0.0400068  0.0400205  0.0400132  -0.00028996
0.0393419  0.0393554  0.0393481  -0.000287386
0.0386844  0.0386977  0.0386906  -0.000284598
0.0380341  0.0380474  0.0380403  -0.00028181
0.0373911  0.0374042  0.0373973  -0.000279237
0.0367554  0.0367683  0.0367614  -0.000276449
0.0361266  0.0361395  0.0361326  -0.000273875
0.0355053  0.035518  0.0355111  -0.000271301
0.0348909  0.0349033  0.0348966  -0.000268513
0.0342833  0.0342957  0.0342891  -0.00026594
0.033683  0.0336952  0.0336885  -0.000263366
0.0330893  0.0331016  0.0330951  -0.000260792
0.0325028  0.0325148  0.0325083  -0.000258004
0.0319231  0.0319348  0.0319284  -0.000255431
0.03135  0.0313618  0.0313554  -0.000252857
0.0307838  0.0307954  0.0307892  -0.000250284
0.0302243  0.0302358  0.0302296  -0.00024771
0.0296714  0.0296827  0.0296767  -0.000245136
0.0291253  0.0291365  0.0291305  -0.000242563
0.0285855  0.0285967  0.0285907  -0.000240204
0.0280526  0.0280635  0.0280575  -0.00023763
0.0275258  0.0275368  0.027531  -0.000235056
0.0270057  0.0270165  0.0270107  -0.000232483
0.0264921  0.0265026  0.026497  -0.000230124
0.0259847  0.0259952  0.0259896  -0.00022755
0.0254837  0.025494  0.0254884  -0.000225191
0.0249891  0.0249992  0.0249936  -0.000222617
0.0245005  0.0245106  0.0245051  -0.000220258
0.0240182  0.0240283  0.0240227  -0.000217684
0.0235423  0.023552  0.0235466  -0.000215325
0.0230722  0.0230818  0.0230767  -0.000212752
0.0226083  0.022618  0.0226128  -0.000210393
0.0221506  0.0221601  0.0221549  -0.000208033
0.0216987  0.021708  0.021703  -0.000205674
0.0212529  0.0212621  0.0212569  -0.000203101
0.020813  0.020822  0.0208171  -0.000200742
0.0203789  0.0203879  0.020383  -0.000198382
0.0199508  0.0199596  0.0199547  -0.000196023
0.0195283  0.0195371  0.0195324  -0.000193664
0.0191118  0.0191204  0.0191157  -0.000191305
0.0187009  0.0187095  0.0187048  -0.000188946
0.0182958  0.0183042  0.0182994  -0.000186801
0.0178962  0.0179046  0.0178999  -0.000184442
0.0175025  0.0175106  0.0175061  -0.000182083
0.0171141  0.0171222  0.0171177  -0.000179724
0.0167312  0.0167392  0.0167349  -0.000177579
0.016354  0.0163619  0.0163574  -0.00017522
0.0159823  0.0159898  0.0159855  -0.000172861
0.0156158  0.0156235  0.0156192  -0.000170716
0.0152549  0.0152624  0.0152581  -0.000168357
0.0148993  0.0149066  0.0149025  -0.000166212
0.0145488  0.0145561  0.014552  -0.000164068
0.0142038  0.0142108  0.014207  -0.000161708
0.0138638  0.0138709  0.013867  -0.000159564
0.0135293  0.0135361  0.0135323  -0.000157419
0.0131998  0.0132067  0.0132028  -0.000155274
0.0128753  0.0128822  0.0128783  -0.000152915
0.0125562  0.0125626  0.012559  -0.000150771
0.0122418  0.0122485  0.0122448  -0.000148626
0.0119328  0.011939  0.0119355  -0.000146481
0.0116284  0.0116346  0.0116312  -0.000144337
0.0113292  0.0113352  0.0113318  -0.000142192
0.0110348  0.0110408  0.0110374  -0.000140047
0.0107452  0.0107513  0.0107478  -0.000138117
0.0104607  0.0104664  0.010463  -0.000135972
0.0101808  0.0101866  0.0101831  -0.000133828
0.00990561  0.00991118  0.00990797  -0.000131683
0.00963517  0.00964074  0.00963752  -0.000129753
0.00936944  0.00937502  0.0093718  -0.000127608
0.00910843  0.00911379  0.00911058  -0.000125678
0.00885193  0.00885729  0.00885407  -0.000123533
0.00859993  0.00860529  0.00860229  -0.000121603
0.00835265  0.0083578  0.00835479  -0.000119458
0.00810987  0.00811481  0.0081118  -0.000117528
0.00787138  0.00787632  0.00787353  -0.000115598
0.0076374  0.00764233  0.00763955  -0.000113453
0.00740792  0.00741264  0.00740985  -0.000111523
0.00718273  0.00718745  0.00718466  -0.000109593
0.00696183  0.00696633  0.00696376  -0.000107663
0.00674522  0.00674972  0.00674693  -0.000105732
0.00653289  0.00653718  0.00653461  -0.000103802
0.00632486  0.00632893  0.00632658  -0.000101872
0.0061209  0.00612498  0.00612262  -9.99418e-05
0.00592102  0.00592509  0.00592273  -9.80116e-05
0.00572542  0.0057295  0.00572692  -9.62959e-05
0.0055339  0.00553776  0.00553541  -9.43657e-05
0.00534624  0.00535011  0.00534775  -9.24355e-05
0.00516288  0.00516652  0.00516416  -9.07197e-05
0.00498315  0.0049868  0.00498465  -8.87895e-05
0.0048075  0.00481115  0.004809  -8.70738e-05
0.00463593  0.00463936  0.00463722  -8.51436e-05
0.004468  0.00447143  0.00446929  -8.34278e-05
0.00430393  0.00430715  0.00430522  -8.14976e-05
0.00414351  0.00414673  0.0041448  -7.97819e-05
0.00398716  0.00399017  0.00398824  -7.80662e-05
0.00383425  0.00383725  0.00383532  -7.63504e-05
0.00368498  0.00368798  0.00368605  -7.46347e-05
0.00353957  0.00354236  0.00354064  -7.29189e-05
0.00339759  0.00340038  0.00339867  -7.12032e-05
0.00325926  0.00326205  0.00326033  -6.94875e-05
0.00312458  0.00312715  0.00312543  -6.77717e-05
0.00299332  0.0029959  0.00299418  -6.6056e-05
0.0028655  0.00286807  0.00286636  -6.43402e-05
0.00274111  0.00274368  0.00274197  -6.2839e-05
0.00262015  0.00262251  0.00262101  -6.11232e-05
0.00250262  0.00250477  0.00250326  -5.94075e-05
0.00238831  0.00239045  0.00238895  -5.79062e-05
0.00227722  0.00227936  0.00227786  -5.64049e-05
0.00216934  0.00217148  0.00216998  -5.46892e-05
0.00206489  0.00206682  0.00206532  -5.31879e-05
0.00196345  0.00196517  0.00196388  -5.16867e-05
0.00186501  0.00186694  0.00186565  -5.01854e-05
0.00176979  0.0017715  0.00177021  -4.84696e-05
0.00167756  0.00167928  0.00167799  -4.69684e-05
0.00158856  0.00159006  0.00158899  -4.56816e-05
0.00150234  0.00150385  0.00150277  -4.41803e-05
0.00141913  0.00142063  0.00141956  -4.2679e-05
0.00133892  0.00134021  0.00133913  -4.11778e-05
0.0012615  0.00126278  0.00126171  -3.96765e-05
0.00118686  0.00118815  0.00118708  -3.83897e-05
0.00111502  0.0011163  0.00111523  -3.68884e-05
0.00104574  0.00104703  0.00104617  -3.56016e-05
0.000979258  0.000980545  0.000979473  -3.43148e-05
0.000915562  0.000916634  0.000915776  -3.28135e-05
0.000854438  0.000855296  0.000854653  -3.15267e-05
0.000795889  0.000796747  0.000796103  -3.02399e-05
0.000739913  0.000740771  0.000740127  -2.89531e-05
0.00068651  0.000687368  0.00068651  -2.76663e-05
0.000635467  0.000636325  0.000635467  -2.63795e-05
0.000586783  0.000587641  0.000586783  -2.50927e-05
0.000540458  0.000541101  0.000540458  -2.40204e-05
0.000496492  0.000497136  0.000496492  -2.27336e-05
0.000454885  0.000455529  0.000454885  -2.16612e-05
0.000415423  0.000416067  0.000415423  -2.03744e-05
0.000378321  0.00037875  0.000378106  -1.93021e-05
0.000343148  0.000343577  0.000343148  -1.82297e-05
0.00031012  0.000310549  0.00031012  -1.71574e-05
0.000279237  0.000279666  0.000279237  -1.60851e-05
0.000250284  0.000250712  0.000250284  -1.50127e-05
0.000223261  0.00022369  0.000223261  -1.39404e-05
0.000198382  0.000198597  0.000198168  -1.30825e-05
0.000175005  0.00017522  0.000175005  -1.20102e-05
0.000153773  0.000153773  0.000153559  -1.11523e-05
0.000134042  0.000134257  0.000133828  -1.008e-05
0.000116027  0.000116241  0.000115812  -9.2221e-06
9.97274e-05  9.97274e-05  9.95129e-05  -8.36423e-06
8.49291e-05  8.49291e-05  8.47146e-05  -7.50636e-06
7.16321e-05  7.16321e-05  7.14177e-05  -6.64849e-06
6.00509e-05  5.98364e-05  5.98364e-05  -6.00509e-06
4.9542e-05  4.9542e-05  4.93275e-05  -5.14722e-06
4.05343e-05  4.05343e-05  4.03199e-05  -4.50382e-06
3.28135e-05  3.28135e-05  3.25991e-05  -3.86041e-06
2.6165e-05  2.6165e-05  2.59506e-05  -3.21701e-06
2.05889e-05  2.05889e-05  2.05889e-05  -2.78808e-06
1.60851e-05  1.60851e-05  1.58706e-05  -2.14467e-06
1.24391e-05  1.22246e-05  1.22246e-05  -1.71574e-06
9.43657e-06  9.2221e-06  9.2221e-06  -1.50127e-06
7.07743e-06  6.86296e-06  6.86296e-06  -1.07234e-06
5.14722e-06  5.14722e-06  5.14722e-06  -8.5787e-07
3.86041e-06  3.64595e-06  3.64595e-06  -6.43402e-07
2.78808e-06  2.57361e-06  2.57361e-06  -4.28935e-07
1.93021e-06  1.93021e-06  1.93021e-06  -4.28935e-07
1.2868e-06  1.2868e-06  1.2868e-06  -2.14467e-07
