5e-07  0.475 0.5
1.22  0.009  2.25e-06
0.00155 0.796935  38.4668  48.2684  100
9.09349e-07  3.43709e-11  1.13983e-16
449  908
0.997469  1.00253  0.980635  0.00435274
2.73798  2.69427  2.72224  0.0493547
4.11169  4.0661  4.08042  0.0738937
5.07252  5.04073  5.05473  0.0809663
5.76809  5.71893  5.74135  0.0980382
6.24767  6.23761  6.24346  0.101524
6.63185  6.6156  6.61866  0.089214
6.90338  6.88612  6.89783  0.0975713
7.13941  7.13673  7.13538  0.0887532
7.32621  7.31665  7.3224  0.0797438
7.49032  7.47998  7.48408  0.0834508
7.62558  7.62411  7.62703  0.0701861
7.75317  7.74211  7.7451  0.0702525
7.85316  7.84921  7.85484  0.0631457
7.94919  7.94288  7.94354  0.0603652
8.0266  8.02069  8.02674  0.0531434
8.0933  8.08848  8.08932  0.053566
8.1507  8.14614  8.15117  0.0442551
8.19427  8.18994  8.19055  0.0463195
8.23214  8.2285  8.23339  0.0376201
8.2565  8.25368  8.2533  0.0394068
8.27771  8.2744  8.27927  0.0317646
8.28515  8.28375  8.28268  0.0335605
8.29242  8.28969  8.29421  0.0265629
8.28574  8.28542  8.28384  0.0283352
8.28096  8.27878  8.283  0.0221962
8.26288  8.26354  8.26146  0.0236267
8.24781  8.24608  8.25007  0.0184362
8.22056  8.22198  8.2195  0.0194836
8.19678  8.19558  8.19929  0.0151843
8.16232  8.16424  8.16149  0.0157829
8.13114  8.13047  8.1339  0.0124253
8.0911  8.0934  8.09043  0.0124643
8.05371  8.0535  8.05667  0.0100526
8.00937  8.01193  8.00882  0.0095355
7.96681  7.96704  7.96993  0.00797665
7.91922  7.92193  7.91875  0.00696081
7.87238  7.87303  7.87565  0.00616116
7.8224  7.82515  7.82197  0.00469257
7.77204  7.7731  7.77544  0.00456883
7.72035  7.72309  7.71994  0.00270436
7.66717  7.66858  7.67065  0.00315774
7.61427  7.61695  7.61387  0.000973516
7.55887  7.56062  7.5624  0.00189753
7.50518  7.50777  7.50478  -0.000525337
7.4481  7.45012  7.45164  0.000765128
7.39391  7.3964  7.39352  -0.00181507
7.33562  7.33789  7.33914  -0.000258405
7.28117  7.28356  7.28079  -0.00291774
7.22208  7.22455  7.22555  -0.00118606
7.16754  7.16983  7.16719  -0.00385465
7.10802  7.11064  7.1114  -0.00202814
7.05352  7.05572  7.05321  -0.00464557
6.99388  6.9966  6.99715  -0.00279296
6.93952  6.94164  6.93927  -0.00530806
6.88001  6.88281  6.88316  -0.00348717
6.82588  6.82794  6.8257  -0.00585908
6.76673  6.76957  6.76974  -0.00411576
6.7129  6.7149  6.71279  -0.00631433
6.65429  6.65713  6.65714  -0.00468248
6.60081  6.60277  6.60078  -0.00668806
6.54288  6.5457  6.54556  -0.00519129
6.4898  6.49173  6.48986  -0.00699305
6.43266  6.43545  6.43519  -0.00564539
6.38004  6.38195  6.38019  -0.00724033
6.32379  6.32652  6.32615  -0.00604813
6.27166  6.27356  6.2719  -0.00743967
6.21636  6.21903  6.21856  -0.00640251
6.16477  6.16666  6.16509  -0.00759918
6.11045  6.11305  6.11251  -0.00671156
6.05944  6.06133  6.05985  -0.00772594
6.00615  6.00867  6.00807  -0.00697839
5.95576  5.95764  5.95624  -0.00782587
5.90349  5.90593  5.90528  -0.00720601
5.85375  5.85564  5.85431  -0.00790324
5.80253  5.80488  5.80419  -0.00739766
5.75347  5.75535  5.75409  -0.0079622
5.70327  5.70555  5.70483  -0.00755624
5.65493  5.65681  5.65561  -0.00800556
5.60575  5.60795  5.60721  -0.00768476
5.55815  5.56002  5.55887  -0.00803592
5.50998  5.51209  5.51134  -0.00778625
5.46313  5.46499  5.46389  -0.00805506
5.41595  5.41799  5.41723  -0.00786341
5.36988  5.37173  5.37067  -0.00806431
5.32366  5.32564  5.32487  -0.00791873
5.27838  5.28021  5.2792  -0.00806483
5.23311  5.23502  5.23426  -0.00795492
5.18863  5.19044  5.18946  -0.00805755
5.14428  5.14613  5.14537  -0.00797405
5.10061  5.10239  5.10145  -0.0080431
5.05716  5.05895  5.0582  -0.00797821
5.0143  5.01605  5.01514  -0.00802209
4.97173  4.97347  4.97272  -0.00796937
4.92968  4.9314  4.93052  -0.00799485
4.88796  4.88965  4.88892  -0.00794909
4.84672  4.84841  4.84755  -0.00796178
4.80584  4.80749  4.80677  -0.00791894
4.76541  4.76706  4.76623  -0.00792341
4.72534  4.72694  4.72623  -0.00788046
4.6857  4.68732  4.68651  -0.00787994
4.64644  4.648  4.6473  -0.00783461
4.60758  4.60916  4.60837  -0.00783169
4.5691  4.57062  4.56993  -0.00778261
4.53102  4.53256  4.53179  -0.00777908
4.4933  4.49478  4.49411  -0.00772542
4.45598  4.45748  4.45674  -0.00772241
4.41901  4.42045  4.4198  -0.00766376
4.38244  4.3839  4.38318  -0.00766199
4.34619  4.34761  4.34696  -0.00759835
4.31036  4.31179  4.31108  -0.00759814
4.27483  4.27622  4.27559  -0.00752993
4.23972  4.24111  4.24042  -0.00753118
4.2049  4.20625  4.20563  -0.00745891
4.17049  4.17184  4.17117  -0.0074614
4.13635  4.13767  4.13706  -0.0073857
4.10263  4.10395  4.1033  -0.00738923
4.06917  4.07046  4.06986  -0.00731083
4.03612  4.0374  4.03677  -0.00731478
4.00332  4.00458  4.004  -0.00723461
3.97093  3.97218  3.97156  -0.00723846
3.93877  3.94  3.93943  -0.00715724
3.90703  3.90824  3.90764  -0.00716057
3.8755  3.8767  3.87614  -0.00707894
3.84438  3.84557  3.84498  -0.00708133
3.81347  3.81465  3.8141  -0.00700012
3.78297  3.78412  3.78355  -0.00700095
3.75267  3.75382  3.75328  -0.00692067
3.72277  3.72389  3.72333  -0.00691974
3.69305  3.69418  3.69365  -0.00684102
3.66373  3.66483  3.66429  -0.0068378
3.6346  3.6357  3.63519  -0.00676106
3.60585  3.60692  3.60639  -0.00675554
3.57729  3.57836  3.57786  -0.00668099
3.5491  3.55014  3.54962  -0.00667288
3.52109  3.52213  3.52164  -0.00660102
3.49344  3.49445  3.49395  -0.00659021
3.46597  3.46699  3.46651  -0.00652106
3.43885  3.43984  3.43935  -0.00650764
3.41192  3.41291  3.41244  -0.0064413
3.38531  3.38628  3.3858  -0.00642529
3.3589  3.35987  3.35941  -0.00636175
3.3328  3.33374  3.33328  -0.00634314
3.30689  3.30784  3.30739  -0.00628241
3.28129  3.28221  3.28175  -0.00626151
3.25587  3.25679  3.25635  -0.00620348
3.23075  3.23165  3.2312  -0.0061804
3.20582  3.20672  3.20629  -0.00612508
3.18117  3.18205  3.18161  -0.00609991
3.15671  3.15759  3.15717  -0.00604699
3.13252  3.13338  3.13295  -0.00602005
3.10852  3.10938  3.10897  -0.00596952
3.08478  3.08562  3.08521  -0.00594092
3.06123  3.06207  3.06167  -0.00589246
3.03793  3.03875  3.03835  -0.00586262
3.01483  3.01564  3.01525  -0.00581614
2.99196  2.99276  2.99236  -0.00578515
2.96928  2.97007  2.96969  -0.00574044
2.94683  2.94761  2.94723  -0.00570851
2.92457  2.92535  2.92497  -0.00566536
2.90253  2.9033  2.90292  -0.00563271
2.88068  2.88144  2.88107  -0.00559101
2.85905  2.85979  2.85943  -0.00555784
2.83759  2.83834  2.83798  -0.00551749
2.81635  2.81708  2.81672  -0.0054839
2.79529  2.79602  2.79567  -0.0054446
2.77443  2.77515  2.7748  -0.0054109
2.75376  2.75446  2.75412  -0.00537264
2.73327  2.73397  2.73363  -0.00533884
2.71297  2.71366  2.71332  -0.00530141
2.69285  2.69353  2.6932  -0.00526772
2.67291  2.67358  2.67326  -0.00523111
2.65315  2.65382  2.65349  -0.00519752
2.63357  2.63423  2.63391  -0.00516165
2.61416  2.61481  2.61449  -0.00512837
2.59492  2.59557  2.59525  -0.00509302
2.57586  2.5765  2.57619  -0.00506006
2.55696  2.55759  2.55729  -0.00502532
2.53824  2.53886  2.53855  -0.00499267
2.51967  2.52029  2.51999  -0.00495857
2.50127  2.50188  2.50158  -0.00492633
2.48303  2.48364  2.48334  -0.00489264
2.46496  2.46555  2.46526  -0.00486082
2.44703  2.44762  2.44733  -0.00482765
2.42927  2.42985  2.42957  -0.00479624
2.41166  2.41223  2.41195  -0.00476359
2.3942  2.39477  2.39449  -0.0047326
2.37689  2.37746  2.37718  -0.00470037
2.35974  2.3603  2.36002  -0.0046699
2.34273  2.34328  2.34301  -0.00463818
2.32587  2.32641  2.32614  -0.00460813
2.30915  2.30969  2.30942  -0.00457683
2.29257  2.2931  2.29284  -0.0045473
2.27614  2.27666  2.2764  -0.00451631
2.25984  2.26036  2.26011  -0.0044873
2.24369  2.2442  2.24395  -0.00445683
2.22767  2.22818  2.22793  -0.00442824
2.21178  2.21229  2.21204  -0.00439819
2.19603  2.19653  2.19629  -0.00437001
2.18042  2.18091  2.18067  -0.00434037
2.16493  2.16542  2.16518  -0.00431261
2.14957  2.15006  2.14982  -0.00428349
2.13435  2.13483  2.13459  -0.00425614
2.11924  2.11972  2.11948  -0.00422744
2.10427  2.10474  2.10451  -0.00420051
2.08942  2.08988  2.08965  -0.00417233
2.07469  2.07515  2.07492  -0.00414581
2.06008  2.06054  2.06031  -0.00411805
2.0456  2.04605  2.04582  -0.00409184
2.03123  2.03167  2.03145  -0.0040645
2.01698  2.01742  2.0172  -0.00403871
2.00285  2.00328  2.00307  -0.00401188
1.98883  1.98926  1.98905  -0.0039864
1.97493  1.97535  1.97514  -0.00395999
1.96114  1.96156  1.96135  -0.00393493
1.94746  1.94787  1.94767  -0.00390904
1.93389  1.9343  1.9341  -0.00388429
1.92043  1.92084  1.92064  -0.00385871
1.90708  1.90749  1.90729  -0.00383437
1.89384  1.89424  1.89404  -0.00380931
1.8807  1.8811  1.8809  -0.00378529
1.86767  1.86806  1.86787  -0.00376065
1.85474  1.85513  1.85494  -0.00373694
1.84192  1.8423  1.84211  -0.00371271
1.8292  1.82958  1.82939  -0.00368931
1.81658  1.81695  1.81677  -0.0036655
1.80405  1.80443  1.80424  -0.00364242
1.79163  1.792  1.79182  -0.00361902
1.77931  1.77967  1.77949  -0.00359635
1.76708  1.76744  1.76726  -0.00357337
1.75495  1.75531  1.75513  -0.00355091
1.74291  1.74326  1.74309  -0.00352834
1.73097  1.73132  1.73114  -0.0035063
1.71912  1.71947  1.71929  -0.00348405
1.70736  1.7077  1.70753  -0.00346231
1.69569  1.69603  1.69587  -0.00344048
1.68412  1.68445  1.68429  -0.00341895
1.67263  1.67296  1.6728  -0.00339753
1.66123  1.66156  1.6614  -0.00337642
1.64992  1.65025  1.65009  -0.00335521
1.6387  1.63902  1.63886  -0.00333441
1.62756  1.62788  1.62772  -0.00331361
1.61651  1.61683  1.61667  -0.00329313
1.60554  1.60586  1.6057  -0.00327264
1.59466  1.59497  1.59481  -0.00325247
1.58386  1.58416  1.58401  -0.0032324
1.57314  1.57344  1.57329  -0.00321254
1.5625  1.5628  1.56265  -0.00319268
1.55194  1.55224  1.55209  -0.00317313
1.54146  1.54176  1.54161  -0.00315358
1.53106  1.53135  1.53121  -0.00313434
1.52074  1.52103  1.52089  -0.00311521
1.51049  1.51078  1.51064  -0.00309618
1.50033  1.50061  1.50047  -0.00307725
1.49023  1.49052  1.49038  -0.00305864
1.48022  1.4805  1.48036  -0.00304003
1.47027  1.47055  1.47041  -0.00302162
1.46041  1.46068  1.46054  -0.00300332
1.45061  1.45088  1.45075  -0.00298523
1.44089  1.44116  1.44102  -0.00296713
1.43123  1.4315  1.43137  -0.00294935
1.42165  1.42192  1.42179  -0.00293157
1.41214  1.41241  1.41228  -0.002914
1.4027  1.40296  1.40283  -0.00289653
1.39333  1.39359  1.39346  -0.00287926
1.38403  1.38428  1.38416  -0.002862
1.37479  1.37505  1.37492  -0.00284505
1.36563  1.36588  1.36575  -0.0028281
1.35652  1.35677  1.35665  -0.00281126
1.34749  1.34773  1.34761  -0.00279462
1.33852  1.33876  1.33864  -0.00277809
1.32961  1.32985  1.32973  -0.00276166
1.32077  1.32101  1.32089  -0.00274543
1.31199  1.31223  1.31211  -0.00272921
1.30328  1.30351  1.3034  -0.0027132
1.29463  1.29486  1.29474  -0.00269729
1.28604  1.28627  1.28615  -0.00268148
1.27751  1.27774  1.27762  -0.00266578
1.26904  1.26927  1.26915  -0.00265029
1.26063  1.26086  1.26074  -0.00263479
1.25228  1.25251  1.25239  -0.00261951
1.24399  1.24421  1.2441  -0.00260433
1.23576  1.23598  1.23587  -0.00258925
1.22759  1.22781  1.2277  -0.00257427
1.21948  1.21969  1.21958  -0.0025594
1.21142  1.21163  1.21152  -0.00254464
1.20342  1.20363  1.20352  -0.00252998
1.19547  1.19568  1.19558  -0.00251542
1.18758  1.18779  1.18769  -0.00250107
1.17975  1.17995  1.17985  -0.00248672
1.17197  1.17217  1.17207  -0.00247247
1.16424  1.16445  1.16434  -0.00245843
1.15657  1.15677  1.15667  -0.0024444
1.14895  1.14915  1.14905  -0.00243046
1.14139  1.14158  1.14149  -0.00241674
1.13387  1.13407  1.13397  -0.00240301
1.12641  1.12661  1.12651  -0.00238939
1.119  1.11919  1.1191  -0.00237587
1.11164  1.11183  1.11174  -0.00236256
1.10433  1.10452  1.10443  -0.00234925
1.09707  1.09726  1.09717  -0.00233604
1.08987  1.09005  1.08996  -0.00232294
1.08271  1.08289  1.0828  -0.00230994
1.0756  1.07578  1.07569  -0.00229705
1.06853  1.06871  1.06862  -0.00228426
1.06152  1.0617  1.06161  -0.00227147
1.05455  1.05473  1.05464  -0.00225888
1.04763  1.04781  1.04772  -0.0022463
1.04076  1.04094  1.04085  -0.00223382
1.03393  1.03411  1.03402  -0.00222145
1.02715  1.02733  1.02724  -0.00220928
1.02042  1.02059  1.02051  -0.00219701
1.01373  1.0139  1.01382  -0.00218495
1.00709  1.00726  1.00717  -0.00217289
1.00049  1.00065  1.00057  -0.00216103
0.993932  0.994098  0.994015  -0.00214918
0.987421  0.987585  0.987503  -0.00213743
0.980953  0.981116  0.981034  -0.00212578
0.974528  0.97469  0.974609  -0.00211414
0.968146  0.968306  0.968226  -0.0021027
0.961806  0.961965  0.961886  -0.00209126
0.955509  0.955666  0.955587  -0.00207993
0.949253  0.949409  0.949331  -0.00206859
0.943038  0.943193  0.943116  -0.00205746
0.936865  0.937019  0.936942  -0.00204634
0.930732  0.930885  0.930808  -0.00203532
0.92464  0.924791  0.924715  -0.0020244
0.918588  0.918738  0.918663  -0.00201348
0.912575  0.912724  0.91265  -0.00200266
0.906602  0.90675  0.906676  -0.00199195
0.900668  0.900815  0.900741  -0.00198135
0.894773  0.894918  0.894846  -0.00197074
0.888917  0.889061  0.888989  -0.00196024
0.883098  0.883241  0.88317  -0.00194973
0.877318  0.87746  0.877389  -0.00193944
0.871575  0.871716  0.871645  -0.00192915
0.865869  0.866009  0.865939  -0.00191895
0.860201  0.86034  0.86027  -0.00190876
0.854569  0.854707  0.854638  -0.00189868
0.848974  0.84911  0.849042  -0.0018887
0.843415  0.84355  0.843482  -0.00187871
0.837891  0.838026  0.837958  -0.00186883
0.832404  0.832537  0.83247  -0.00185906
0.826951  0.827084  0.827017  -0.00184928
0.821534  0.821665  0.821599  -0.00183961
0.816151  0.816282  0.816216  -0.00183005
0.810803  0.810933  0.810868  -0.00182048
0.80549  0.805618  0.805554  -0.00181102
0.80021  0.800337  0.800273  -0.00180155
0.794964  0.79509  0.795027  -0.0017922
0.789751  0.789877  0.789814  -0.00178294
0.784572  0.784696  0.784634  -0.00177369
0.779426  0.779549  0.779487  -0.00176443
0.774312  0.774435  0.774373  -0.00175539
0.769231  0.769352  0.769292  -0.00174634
0.764182  0.764303  0.764242  -0.00173729
0.759165  0.759285  0.759225  -0.00172835
0.75418  0.754299  0.754239  -0.00171951
0.749226  0.749344  0.749285  -0.00171067
0.744304  0.744421  0.744362  -0.00170194
0.739412  0.739529  0.73947  -0.0016932
0.734552  0.734667  0.734609  -0.00168457
0.729722  0.729836  0.729779  -0.00167594
0.724922  0.725036  0.724979  -0.00166741
0.720153  0.720266  0.720209  -0.00165899
0.715413  0.715525  0.715469  -0.00165057
0.710703  0.710814  0.710759  -0.00164214
0.706023  0.706133  0.706078  -0.00163383
0.701372  0.701481  0.701426  -0.00162561
0.69675  0.696858  0.696804  -0.0016174
0.692156  0.692264  0.69221  -0.00160918
0.687592  0.687699  0.687645  -0.00160107
0.683056  0.683162  0.683109  -0.00159306
0.678548  0.678653  0.6786  -0.00158506
0.674067  0.674172  0.67412  -0.00157705
0.669615  0.669719  0.669667  -0.00156915
0.665191  0.665294  0.665242  -0.00156124
0.660794  0.660896  0.660845  -0.00155344
0.656424  0.656525  0.656474  -0.00154575
0.652081  0.652182  0.652131  -0.00153795
0.647764  0.647865  0.647814  -0.00153036
0.643475  0.643575  0.643525  -0.00152266
0.639212  0.639311  0.639261  -0.00151518
0.634975  0.635073  0.635024  -0.00150759
0.630764  0.630862  0.630813  -0.0015001
0.62658  0.626676  0.626628  -0.00149272
0.62242  0.622517  0.622468  -0.00148533
0.618287  0.618382  0.618334  -0.00147795
0.614179  0.614273  0.614226  -0.00147067
0.610095  0.61019  0.610142  -0.00146339
0.606037  0.606131  0.606084  -0.00145622
0.602004  0.602097  0.60205  -0.00144904
0.597995  0.598088  0.598041  -0.00144187
0.594011  0.594103  0.594057  -0.0014348
0.590051  0.590142  0.590096  -0.00142783
0.586116  0.586206  0.58616  -0.00142076
0.582204  0.582293  0.582248  -0.0014139
0.578316  0.578405  0.57836  -0.00140693
0.574451  0.57454  0.574495  -0.00140007
0.570611  0.570698  0.570654  -0.0013932
0.566793  0.56688  0.566836  -0.00138644
0.562999  0.563085  0.563042  -0.00137968
0.559227  0.559313  0.55927  -0.00137293
0.555479  0.555564  0.555521  -0.00136627
0.551753  0.551838  0.551795  -0.00135962
0.54805  0.548134  0.548092  -0.00135306
0.544369  0.544453  0.54441  -0.00134651
0.54071  0.540793  0.540751  -0.00133996
0.537074  0.537156  0.537115  -0.00133351
0.533459  0.533541  0.5335  -0.00132707
0.529866  0.529948  0.529907  -0.00132062
0.526295  0.526376  0.526335  -0.00131428
0.522745  0.522826  0.522785  -0.00130793
0.519217  0.519297  0.519257  -0.00130169
0.51571  0.515789  0.515749  -0.00129535
0.512224  0.512303  0.512263  -0.00128911
0.508759  0.508837  0.508797  -0.00128298
0.505314  0.505392  0.505353  -0.00127684
0.501891  0.501968  0.501929  -0.00127071
0.498487  0.498564  0.498526  -0.00126457
0.495105  0.495181  0.495143  -0.00125854
0.491742  0.491818  0.49178  -0.00125251
0.4884  0.488475  0.488437  -0.00124648
0.485078  0.485152  0.485115  -0.00124055
0.481775  0.481849  0.481812  -0.00123462
0.478492  0.478566  0.478529  -0.0012288
0.475229  0.475302  0.475265  -0.00122287
0.471985  0.472058  0.472022  -0.00121705
0.468761  0.468833  0.468797  -0.00121133
0.465556  0.465628  0.465592  -0.00120551
0.46237  0.462441  0.462405  -0.00119979
0.459203  0.459274  0.459238  -0.00119407
0.456055  0.456125  0.45609  -0.00118845
0.452925  0.452995  0.45296  -0.00118284
0.449815  0.449884  0.449849  -0.00117722
0.446722  0.446791  0.446757  -0.00117161
0.443648  0.443717  0.443682  -0.0011661
0.440593  0.440661  0.440627  -0.00116059
0.437555  0.437623  0.437589  -0.00115507
0.434536  0.434603  0.434569  -0.00114956
0.431534  0.431601  0.431568  -0.00114416
0.428551  0.428617  0.428584  -0.00113875
0.425585  0.425651  0.425617  -0.00113334
0.422636  0.422702  0.422669  -0.00112804
0.419705  0.419771  0.419738  -0.00112274
0.416792  0.416857  0.416824  -0.00111743
0.413896  0.41396  0.413927  -0.00111213
0.411016  0.41108  0.411048  -0.00110693
0.408154  0.408218  0.408186  -0.00110173
0.405309  0.405372  0.40534  -0.00109653
0.402481  0.402544  0.402512  -0.00109133
0.399669  0.399732  0.3997  -0.00108624
0.396874  0.396936  0.396905  -0.00108114
0.394096  0.394158  0.394126  -0.00107605
0.391334  0.391395  0.391364  -0.00107105
0.388588  0.388649  0.388618  -0.00106596
0.385859  0.385919  0.385889  -0.00106097
0.383146  0.383206  0.383175  -0.00105598
0.380448  0.380508  0.380478  -0.00105109
0.377767  0.377826  0.377796  -0.0010461
0.375102  0.37516  0.375131  -0.00104121
0.372452  0.37251  0.372481  -0.00103632
0.369818  0.369876  0.369846  -0.00103154
0.367199  0.367257  0.367228  -0.00102665
0.364596  0.364654  0.364624  -0.00102187
0.362008  0.362065  0.362037  -0.00101709
0.359436  0.359493  0.359464  -0.0010123
0.356879  0.356935  0.356906  -0.00100762
0.354336  0.354393  0.354364  -0.00100284
0.351809  0.351865  0.351837  -0.00099816
0.349297  0.349352  0.349324  -0.000993481
0.346799  0.346855  0.346827  -0.000988905
0.344317  0.344372  0.344344  -0.000984226
0.341849  0.341903  0.341876  -0.000979651
0.339395  0.339449  0.339422  -0.000975075
0.336956  0.33701  0.336983  -0.0009705
0.334532  0.334585  0.334558  -0.000966029
0.332121  0.332174  0.332148  -0.000961453
0.329725  0.329778  0.329751  -0.000956982
0.327343  0.327396  0.327369  -0.00095251
0.324975  0.325028  0.325001  -0.000948039
0.322622  0.322673  0.322647  -0.000943672
0.320282  0.320333  0.320307  -0.0009392
0.317955  0.318007  0.317981  -0.000934833
0.315643  0.315694  0.315668  -0.000930465
0.313344  0.313395  0.313369  -0.000926098
0.311059  0.311109  0.311084  -0.000921731
0.308787  0.308837  0.308812  -0.000917467
0.306529  0.306579  0.306553  -0.000913204
0.304284  0.304333  0.304308  -0.00090894
0.302052  0.302101  0.302077  -0.000904677
0.299834  0.299883  0.299858  -0.000900414
0.297628  0.297677  0.297652  -0.000896254
0.295436  0.295484  0.29546  -0.000891991
0.293257  0.293305  0.29328  -0.000887831
0.29109  0.291138  0.291114  -0.000883672
0.288937  0.288984  0.28896  -0.000879512
0.286796  0.286843  0.286819  -0.000875457
0.284668  0.284714  0.28469  -0.000871297
0.282552  0.282598  0.282575  -0.000867242
0.280449  0.280495  0.280472  -0.000863187
0.278358  0.278404  0.278381  -0.000859131
0.27628  0.276326  0.276302  -0.000855076
0.274214  0.274259  0.274236  -0.000851124
0.27216  0.272206  0.272183  -0.000847069
0.270119  0.270164  0.270141  -0.000843117
0.26809  0.268134  0.268112  -0.000839166
0.266072  0.266117  0.266094  -0.000835214
0.264067  0.264111  0.264089  -0.000831263
0.262074  0.262118  0.262095  -0.000827415
0.260092  0.260136  0.260114  -0.000823464
0.258122  0.258166  0.258144  -0.000819616
0.256164  0.256208  0.256186  -0.000815769
0.254218  0.254261  0.254239  -0.000811922
0.252283  0.252326  0.252304  -0.000808074
0.25036  0.250402  0.250381  -0.000804227
0.248448  0.24849  0.248469  -0.000800483
0.246548  0.24659  0.246569  -0.000796636
0.244659  0.244701  0.244679  -0.000792892
0.242781  0.242823  0.242802  -0.000789149
0.240915  0.240956  0.240935  -0.000785405
0.239059  0.2391  0.239079  -0.000781662
0.237215  0.237256  0.237235  -0.000778022
0.235382  0.235422  0.235402  -0.000774279
0.23356  0.2336  0.233579  -0.000770639
0.231748  0.231788  0.231768  -0.000767
0.229948  0.229988  0.229967  -0.00076336
0.228158  0.228198  0.228178  -0.000759721
0.226379  0.226419  0.226399  -0.000756081
0.224611  0.22465  0.22463  -0.000752546
0.222854  0.222892  0.222873  -0.000748906
0.221107  0.221145  0.221126  -0.000745371
0.21937  0.219408  0.219389  -0.000741731
0.217644  0.217682  0.217663  -0.000738196
0.215928  0.215966  0.215947  -0.00073466
0.214223  0.214261  0.214242  -0.000731229
0.212528  0.212566  0.212547  -0.000727693
0.210843  0.210881  0.210862  -0.000724157
0.209169  0.209206  0.209187  -0.000720726
0.207504  0.207541  0.207522  -0.000717294
0.20585  0.205887  0.205868  -0.000713863
0.204206  0.204242  0.204224  -0.000710327
0.202572  0.202608  0.202589  -0.000707
0.200947  0.200983  0.200965  -0.000703568
0.199333  0.199368  0.19935  -0.000700137
0.197728  0.197763  0.197745  -0.000696809
0.196133  0.196168  0.19615  -0.000693378
0.194548  0.194583  0.194565  -0.00069005
0.192972  0.193007  0.192989  -0.000686723
0.191406  0.191441  0.191423  -0.000683395
0.18985  0.189884  0.189867  -0.000680067
0.188303  0.188337  0.18832  -0.00067674
0.186765  0.1868  0.186782  -0.000673412
0.185237  0.185271  0.185254  -0.000670189
0.183719  0.183753  0.183735  -0.000666861
0.18221  0.182243  0.182226  -0.000663638
0.18071  0.180743  0.180726  -0.000660414
0.179219  0.179252  0.179235  -0.000657087
0.177737  0.17777  0.177753  -0.000653863
0.176265  0.176298  0.176281  -0.000650743
0.174801  0.174834  0.174817  -0.00064752
0.173347  0.173379  0.173363  -0.000644296
0.171902  0.171934  0.171917  -0.000641073
0.170465  0.170497  0.170481  -0.000637953
0.169038  0.16907  0.169053  -0.000634834
0.167619  0.167651  0.167635  -0.00063161
0.166209  0.166241  0.166225  -0.00062849
0.164808  0.16484  0.164824  -0.000625371
0.163416  0.163447  0.163431  -0.000622251
0.162032  0.162063  0.162047  -0.000619236
0.160657  0.160688  0.160672  -0.000616116
0.159291  0.159321  0.159306  -0.000612997
0.157933  0.157963  0.157948  -0.000609981
0.156583  0.156614  0.156598  -0.000606861
0.155243  0.155273  0.155257  -0.000603846
0.15391  0.15394  0.153925  -0.00060083
0.152586  0.152616  0.1526  -0.000597815
0.15127  0.1513  0.151285  -0.000594799
0.149963  0.149992  0.149977  -0.000591783
0.148663  0.148693  0.148678  -0.000588768
0.147372  0.147402  0.147387  -0.000585752
0.14609  0.146119  0.146104  -0.000582841
0.144815  0.144844  0.144829  -0.000579825
0.143548  0.143577  0.143562  -0.000576914
0.14229  0.142318  0.142304  -0.000573898
0.141039  0.141067  0.141053  -0.000570986
0.139797  0.139825  0.13981  -0.000568075
0.138562  0.13859  0.138576  -0.000565163
0.137335  0.137363  0.137349  -0.000562252
0.136116  0.136144  0.13613  -0.00055934
0.134905  0.134933  0.134919  -0.000556428
0.133702  0.133729  0.133715  -0.000553621
0.132506  0.132534  0.13252  -0.000550709
0.131319  0.131345  0.131332  -0.000547901
0.130138  0.130165  0.130151  -0.00054499
0.128966  0.128992  0.128979  -0.000542182
0.127801  0.127827  0.127814  -0.000539375
0.126643  0.12667  0.126656  -0.000536567
0.125494  0.12552  0.125506  -0.000533759
0.124351  0.124377  0.124364  -0.000530952
0.123216  0.123242  0.123229  -0.000528144
0.122089  0.122114  0.122101  -0.000525337
0.120968  0.120994  0.120981  -0.000522529
0.119855  0.119881  0.119868  -0.000519825
0.11875  0.118775  0.118762  -0.000517018
0.117652  0.117677  0.117664  -0.000514314
0.116561  0.116585  0.116573  -0.000511506
0.115477  0.115501  0.115489  -0.000508803
0.1144  0.114424  0.114412  -0.000506099
0.11333  0.113355  0.113342  -0.000503396
0.112268  0.112292  0.11228  -0.000500692
0.111212  0.111236  0.111224  -0.000497988
0.110164  0.110188  0.110176  -0.000495285
0.109122  0.109146  0.109134  -0.000492581
0.108088  0.108112  0.108099  -0.000489877
0.10706  0.107084  0.107072  -0.000487278
0.10604  0.106063  0.106051  -0.000484574
0.105026  0.105049  0.105037  -0.000481974
0.104019  0.104042  0.10403  -0.000479271
0.103019  0.103042  0.10303  -0.000476671
0.102025  0.102048  0.102036  -0.000474072
0.101039  0.101061  0.10105  -0.000471368
0.100059  0.100081  0.100069  -0.000468768
0.0990852  0.0991077  0.099096  -0.000466169
0.0981186  0.0981408  0.0981293  -0.000463569
0.0971583  0.0971805  0.0971691  -0.000460969
0.0962048  0.0962268  0.0962154  -0.000458474
0.0952578  0.0952796  0.0952683  -0.000455874
0.0943172  0.094339  0.0943278  -0.000453274
0.0933832  0.0934048  0.0933936  -0.000450779
0.0924556  0.0924771  0.092466  -0.000448179
0.0915345  0.0915558  0.0915447  -0.000445683
0.0906196  0.0906408  0.0906298  -0.000443084
0.0897112  0.0897322  0.0897213  -0.000440588
0.0888091  0.08883  0.0888191  -0.000438092
0.0879133  0.087934  0.0879233  -0.000435597
0.0870237  0.0870443  0.0870336  -0.000433101
0.0861403  0.0861608  0.0861502  -0.000430605
0.0852632  0.0852836  0.085273  -0.00042811
0.0843922  0.0844125  0.084402  -0.000425614
0.0835274  0.0835475  0.083537  -0.000423118
0.0826688  0.0826887  0.0826783  -0.000420623
0.0818161  0.0818359  0.0818256  -0.000418231
0.0809695  0.0809893  0.080979  -0.000415735
0.080129  0.0801487  0.0801385  -0.000413344
0.0792945  0.0793141  0.0793039  -0.000410848
0.078466  0.0784853  0.0784752  -0.000408456
0.0776434  0.0776627  0.0776526  -0.000405961
0.0768267  0.0768459  0.0768359  -0.000403569
0.0760159  0.0760349  0.076025  -0.000401177
0.075211  0.0752299  0.07522  -0.000398786
0.0744119  0.0744307  0.0744209  -0.000396394
0.0736187  0.0736373  0.0736275  -0.000394002
0.0728312  0.0728497  0.07284  -0.000391611
0.0720494  0.0720678  0.0720581  -0.000389219
0.0712734  0.0712917  0.0712821  -0.000386827
0.070503  0.0705212  0.0705118  -0.000384436
0.0697384  0.0697564  0.0697471  -0.000382148
0.0689794  0.0689973  0.068988  -0.000379756
0.0682261  0.0682438  0.0682345  -0.000377469
0.0674783  0.067496  0.0674867  -0.000375077
0.066736  0.0667536  0.0667445  -0.000372789
0.0659994  0.0660168  0.0660077  -0.000370398
0.0652683  0.0652855  0.0652765  -0.00036811
0.0645426  0.0645597  0.0645508  -0.000365822
0.0638224  0.0638394  0.0638305  -0.000363535
0.0631077  0.0631246  0.0631157  -0.000361247
0.0623983  0.0624151  0.0624063  -0.000358959
0.0616943  0.061711  0.0617023  -0.000356671
0.0609957  0.0610123  0.0610036  -0.000354384
0.0603024  0.060319  0.0603103  -0.000352096
0.0596145  0.0596309  0.0596223  -0.000349808
0.0589319  0.0589481  0.0589396  -0.000347521
0.0582544  0.0582707  0.0582621  -0.000345337
0.0575823  0.0575984  0.05759  -0.000343049
0.0569154  0.0569313  0.0569229  -0.000340866
0.0562536  0.0562694  0.0562611  -0.000338578
0.0555971  0.0556128  0.0556045  -0.000336394
0.0549456  0.0549612  0.054953  -0.000334107
0.0542992  0.0543147  0.0543066  -0.000331923
0.0536581  0.0536733  0.0536653  -0.000329739
0.0530219  0.0530372  0.053029  -0.000327555
0.0523907  0.0524059  0.0523978  -0.000325372
0.0517646  0.0517797  0.0517717  -0.000323084
0.0511436  0.0511584  0.0511505  -0.0003209
0.0505273  0.0505422  0.0505344  -0.000318821
0.0499162  0.049931  0.0499232  -0.000316637
0.04931  0.0493245  0.0493169  -0.000314453
0.0487086  0.0487232  0.0487155  -0.00031227
0.0481122  0.0481266  0.0481189  -0.000310086
0.0475206  0.0475348  0.0475274  -0.000308006
0.0469338  0.0469481  0.0469405  -0.000305822
0.0463519  0.0463659  0.0463585  -0.000303743
0.0457747  0.0457887  0.0457813  -0.000301559
0.0452023  0.0452162  0.0452089  -0.000299479
0.0446347  0.0446485  0.0446411  -0.000297296
0.0440718  0.0440854  0.0440781  -0.000295216
0.0435135  0.0435271  0.04352  -0.000293136
0.04296  0.0429735  0.0429663  -0.000290952
0.0424112  0.0424245  0.0424174  -0.000288873
0.0418669  0.0418801  0.0418731  -0.000286793
0.0413272  0.0413404  0.0413333  -0.000284713
0.0407922  0.0408052  0.0407983  -0.000282634
0.0402617  0.0402747  0.0402678  -0.000280554
0.0397358  0.0397486  0.0397417  -0.000278474
0.0392143  0.0392271  0.0392203  -0.000276498
0.0386975  0.0387101  0.0387033  -0.000274419
0.0381851  0.0381975  0.0381909  -0.000272339
0.0376771  0.0376896  0.0376829  -0.000270363
0.0371736  0.0371859  0.0371793  -0.000268284
0.0366745  0.0366867  0.0366802  -0.000266204
0.0361797  0.0361919  0.0361854  -0.000264228
0.0356894  0.0357015  0.035695  -0.000262252
0.0352035  0.0352154  0.035209  -0.000260173
0.0347218  0.0347337  0.0347273  -0.000258197
0.0342445  0.0342563  0.0342499  -0.000256221
0.0337715  0.0337831  0.0337769  -0.000254141
0.0333027  0.0333143  0.033308  -0.000252166
0.0328382  0.0328497  0.0328435  -0.00025019
0.032378  0.0323893  0.0323832  -0.000248214
0.0319219  0.0319331  0.0319271  -0.000246239
0.03147  0.0314812  0.0314752  -0.000244263
0.0310223  0.0310334  0.0310274  -0.000242287
0.0305787  0.0305897  0.0305838  -0.000240415
0.0301394  0.0301503  0.0301444  -0.00023844
0.029704  0.0297148  0.029709  -0.000236464
0.0292727  0.0292835  0.0292777  -0.000234592
0.0288457  0.0288563  0.0288506  -0.000232616
0.0284226  0.0284331  0.0284273  -0.000230641
0.0280034  0.0280139  0.0280083  -0.000228769
0.0275884  0.0275987  0.0275932  -0.000226897
0.0271773  0.0271875  0.027182  -0.000224921
0.0267702  0.0267803  0.0267748  -0.00022305
0.026367  0.0263771  0.0263716  -0.000221178
0.0259678  0.0259777  0.0259723  -0.000219202
0.0255725  0.0255824  0.025577  -0.00021733
0.025181  0.0251909  0.0251855  -0.000215459
0.0247935  0.0248032  0.0247979  -0.000213587
0.0244098  0.0244194  0.0244142  -0.000211715
0.02403  0.0240394  0.0240343  -0.000209843
0.0236539  0.0236633  0.0236582  -0.000207972
0.0232817  0.0232911  0.0232859  -0.0002061
0.0229132  0.0229224  0.0229174  -0.000204332
0.0225485  0.0225577  0.0225527  -0.00020246
0.0221875  0.0221966  0.0221916  -0.000200589
0.0218303  0.0218392  0.0218343  -0.000198821
0.0214767  0.0214857  0.0214808  -0.000196949
0.0211268  0.0211356  0.0211308  -0.000195181
0.0207806  0.0207894  0.0207846  -0.00019331
0.020438  0.0204467  0.020442  -0.000191542
0.0200991  0.0201076  0.020103  -0.00018967
0.0197638  0.0197723  0.0197676  -0.000187902
0.0194319  0.0194404  0.0194358  -0.000186135
0.0191038  0.0191121  0.0191075  -0.000184367
0.0187792  0.0187874  0.0187829  -0.000182599
0.0184581  0.0184662  0.0184618  -0.000180831
0.0181405  0.0181485  0.0181441  -0.000179064
0.0178264  0.0178344  0.01783  -0.000177296
0.0175158  0.0175237  0.0175193  -0.000175528
0.0172087  0.0172165  0.0172122  -0.00017376
0.016905  0.0169127  0.0169084  -0.000171993
0.0166047  0.0166124  0.0166081  -0.000170225
0.0163078  0.0163154  0.0163112  -0.000168561
0.0160143  0.0160218  0.0160177  -0.000166793
0.0157242  0.0157316  0.0157275  -0.00016513
0.0154374  0.0154448  0.0154407  -0.000163362
0.0151541  0.0151612  0.0151572  -0.000161698
0.0148739  0.0148811  0.014877  -0.00015993
0.014597  0.0146042  0.0146001  -0.000158266
0.0143235  0.0143305  0.0143265  -0.000156603
0.0140532  0.0140601  0.0140563  -0.000154835
0.0137861  0.013793  0.0137891  -0.000153171
0.0135223  0.0135291  0.0135253  -0.000151507
0.0132617  0.0132684  0.0132646  -0.000149844
0.0130043  0.0130109  0.0130072  -0.00014818
0.01275  0.0127566  0.0127528  -0.000146516
0.0124989  0.0125053  0.0125017  -0.000144852
0.012251  0.0122573  0.0122537  -0.000143189
0.0120061  0.0120124  0.0120088  -0.000141629
0.0117643  0.0117706  0.011767  -0.000139965
0.0115257  0.0115318  0.0115284  -0.000138301
0.0112902  0.0112962  0.0112928  -0.000136741
0.0110575  0.0110636  0.0110601  -0.000135078
0.010828  0.010834  0.0108306  -0.000133518
0.0106016  0.0106074  0.0106041  -0.000131854
0.010378  0.0103838  0.0103805  -0.000130294
0.0101574  0.0101632  0.0101599  -0.000128734
0.0099399  0.00994552  0.0099423  -0.000127175
0.00972528  0.00973079  0.00972767  -0.000125511
0.00951356  0.00951897  0.00951585  -0.000123951
0.00930476  0.00931017  0.00930705  -0.000122391
0.00909887  0.00910417  0.00910105  -0.000120832
0.00889578  0.00890109  0.00889797  -0.000119272
0.00869561  0.00870081  0.00869779  -0.000117712
0.00849824  0.00850334  0.00850043  -0.000116256
0.00830379  0.00830878  0.00830587  -0.000114696
0.00811204  0.00811703  0.00811412  -0.000113137
0.0079231  0.00792799  0.00792518  -0.000111681
0.00773696  0.00774175  0.00773894  -0.000110121
0.00755353  0.00755832  0.00755551  -0.000108665
0.0073728  0.00737748  0.00737478  -0.000107105
0.00719489  0.00719946  0.00719676  -0.00010565
0.00701957  0.00702414  0.00702144  -0.000104194
0.00684705  0.00685152  0.00684882  -0.000102634
0.00667704  0.00668151  0.00667891  -0.000101178
0.00650983  0.00651409  0.00651159  -9.97224e-05
0.00634511  0.00634948  0.00634688  -9.82666e-05
0.0061831  0.00618737  0.00618487  -9.68108e-05
0.00602369  0.00602785  0.00602536  -9.5355e-05
0.00586688  0.00587094  0.00586844  -9.38992e-05
0.00571257  0.00571662  0.00571413  -9.24434e-05
0.00556085  0.0055648  0.00556241  -9.10916e-05
0.00541163  0.00541548  0.00541319  -8.96358e-05
0.00526491  0.00526865  0.00526636  -8.8284e-05
0.00512068  0.00512442  0.00512214  -8.68282e-05
0.00497884  0.00498259  0.0049803  -8.54764e-05
0.00483961  0.00484314  0.00484096  -8.40206e-05
0.00470266  0.0047063  0.00470411  -8.26688e-05
0.00456831  0.00457174  0.00456966  -8.13169e-05
0.00443624  0.00443968  0.00443749  -7.99651e-05
0.00430657  0.0043099  0.00430782  -7.85093e-05
0.0041793  0.00418262  0.00418054  -7.71575e-05
0.00405441  0.00405763  0.00405566  -7.58057e-05
0.00393181  0.00393493  0.00393306  -7.45579e-05
0.0038115  0.00381462  0.00381275  -7.3206e-05
0.00369358  0.00369659  0.00369472  -7.18542e-05
0.00357784  0.00358086  0.00357899  -7.05024e-05
0.00346439  0.00346741  0.00346554  -6.92546e-05
0.00335323  0.00335614  0.00335427  -6.79028e-05
0.00324425  0.00324706  0.00324529  -6.66549e-05
0.00313746  0.00314027  0.0031385  -6.53031e-05
0.00303296  0.00303566  0.00303389  -6.40553e-05
0.00293053  0.00293323  0.00293147  -6.28075e-05
0.00283029  0.00283289  0.00283122  -6.15596e-05
0.00273223  0.00273483  0.00273316  -6.03118e-05
0.00263635  0.00263875  0.00263719  -5.9064e-05
0.00254245  0.00254485  0.00254329  -5.78161e-05
0.00245063  0.00245303  0.00245147  -5.65683e-05
0.002361  0.00236329  0.00236173  -5.53205e-05
0.00227323  0.00227552  0.00227407  -5.41766e-05
0.00218765  0.00218984  0.00218838  -5.29288e-05
0.00210405  0.00210613  0.00210467  -5.1785e-05
0.00202242  0.0020244  0.00202304  -5.05371e-05
0.00194277  0.00194474  0.00194339  -4.93933e-05
0.00186509  0.00186707  0.00186571  -4.82494e-05
0.00178928  0.00179126  0.00178991  -4.70016e-05
0.00171545  0.00171743  0.00171608  -4.59617e-05
0.0016436  0.00164537  0.00164412  -4.48179e-05
0.00157351  0.00157528  0.00157403  -4.36741e-05
0.0015053  0.00150696  0.00150582  -4.25302e-05
0.00143896  0.00144062  0.00143948  -4.13864e-05
0.00137449  0.00137604  0.0013749  -4.02425e-05
0.00131178  0.00131334  0.0013122  -3.92027e-05
0.00125085  0.0012523  0.00125126  -3.80588e-05
0.00119168  0.00119313  0.00119209  -3.7019e-05
0.00113428  0.00113573  0.00113469  -3.59791e-05
0.00107865  0.00108  0.00107896  -3.49392e-05
0.00102468  0.00102592  0.00102499  -3.38994e-05
0.000972372  0.00097362  0.000972684  -3.28595e-05
0.000921731  0.000922978  0.000922043  -3.18197e-05
0.000872753  0.000874001  0.000873065  -3.07798e-05
0.00082544  0.000826584  0.000825752  -2.974e-05
0.00077979  0.00078083  0.000779998  -2.88041e-05
0.000735596  0.000736636  0.000735804  -2.77642e-05
0.000693066  0.000694106  0.000693274  -2.68284e-05
0.000651991  0.000653031  0.000652199  -2.58925e-05
0.000612581  0.000613517  0.000612685  -2.49566e-05
0.000574522  0.000575458  0.00057473  -2.40207e-05
0.000538023  0.000538855  0.000538231  -2.30849e-05
0.000503084  0.000503811  0.000503188  -2.2149e-05
0.000469392  0.000470224  0.000469496  -2.12131e-05
0.000437261  0.000437988  0.000437364  -2.03812e-05
0.000406481  0.000407105  0.000406585  -1.94454e-05
0.000377053  0.000377677  0.000377157  -1.86135e-05
0.000348977  0.0003496  0.000349081  -1.77816e-05
0.000322252  0.000322876  0.000322252  -1.69497e-05
0.00029688  0.0002974  0.00029688  -1.61178e-05
0.000272755  0.000273171  0.000272755  -1.52859e-05
0.000249878  0.000250294  0.000249774  -1.4558e-05
0.000228145  0.000228561  0.000228145  -1.37261e-05
0.000207764  0.000208076  0.00020766  -1.29982e-05
0.000188422  0.000188838  0.000188422  -1.21663e-05
0.000170329  0.000170745  0.000170329  -1.14384e-05
0.000153379  0.000153691  0.000153275  -1.07105e-05
0.000137573  0.000137781  0.000137469  -9.98264e-06
0.000122703  0.000123015  0.000122599  -9.35873e-06
0.000108977  0.000109185  0.000108873  -8.63083e-06
9.62909e-05  9.64989e-05  9.61869e-05  -8.00691e-06
8.45405e-05  8.47485e-05  8.44365e-05  -7.383e-06
7.383e-05  7.39339e-05  7.3622e-05  -6.75908e-06
6.39513e-05  6.40553e-05  6.38473e-05  -6.13517e-06
5.50085e-05  5.51125e-05  5.49045e-05  -5.61524e-06
4.70016e-05  4.70016e-05  4.67936e-05  -4.99132e-06
3.97226e-05  3.98266e-05  3.96186e-05  -4.47139e-06
3.33795e-05  3.33795e-05  3.31715e-05  -3.95146e-06
2.77642e-05  2.77642e-05  2.75563e-05  -3.43153e-06
2.28769e-05  2.28769e-05  2.26689e-05  -3.01559e-06
1.86135e-05  1.86135e-05  1.85095e-05  -2.59965e-06
1.4974e-05  1.4974e-05  1.487e-05  -2.1837e-06
1.19584e-05  1.19584e-05  1.18544e-05  -1.76776e-06
9.46271e-06  9.46271e-06  9.35873e-06  -1.4558e-06
7.383e-06  7.383e-06  7.27901e-06  -1.24783e-06
5.71922e-06  5.71922e-06  5.61524e-06  -9.35873e-07
4.36741e-06  4.36741e-06  4.26342e-06  -7.27901e-07
3.32755e-06  3.22356e-06  3.22356e-06  -6.23915e-07
2.49566e-06  2.39167e-06  2.39167e-06  -5.19929e-07
1.76776e-06  1.76776e-06  1.76776e-06  -3.11958e-07
1.35182e-06  1.35182e-06  1.24783e-06  -3.11958e-07
