5e-07  0.475 0.5
1.26  0.012  4e-06
0.00152 0.813666  11.9347  14.6678  100
9.09349e-07  3.43709e-11  1.13983e-16
253  516
0.993819  1.00618  0.97254  0.0105102
2.65207  2.61116  2.64233  0.0763241
3.85191  3.81231  3.81822  0.09669
4.56532  4.52573  4.54703  0.0988437
4.99914  4.94981  4.97265  0.112265
5.21346  5.21005  5.21242  0.0924358
5.34909  5.31966  5.33155  0.0859298
5.38168  5.37949  5.38568  0.0801104
5.40648  5.39933  5.3992  0.0641995
5.38948  5.38309  5.39099  0.0593249
5.36697  5.36733  5.36579  0.0526841
5.33703  5.33363  5.3383  0.0403329
5.29566  5.29517  5.29499  0.0421233
5.25669  5.25674  5.25984  0.0284797
5.20727  5.20691  5.20594  0.0311881
5.16103  5.16144  5.16503  0.0207
5.10485  5.10645  5.10401  0.0223319
5.05414  5.05388  5.05782  0.014271
4.99165  4.99485  4.99167  0.0157859
4.93762  4.93726  4.94096  0.00900904
4.87077  4.87476  4.87128  0.0105421
4.81364  4.81354  4.81693  0.00507027
4.74455  4.74896  4.74525  0.00612836
4.68475  4.68497  4.68812  0.00213596
4.61498  4.61958  4.61571  0.0024929
4.55319  4.55377  4.55666  -0.00012669
4.48385  4.48841  4.48452  -0.000459501
4.42071  4.42174  4.42431  -0.00187822
4.35264  4.35699  4.35318  -0.00286359
4.28874  4.29021  4.29244  -0.00323092
4.22248  4.22654  4.22287  -0.00480248
4.15838  4.16023  4.16212  -0.00429907
4.09421  4.09795  4.09447  -0.00632945
4.03041  4.0326  4.03415  -0.00516512
3.96848  3.97188  3.96862  -0.00750251
3.90539  3.90787  3.90909  -0.00587632
3.84573  3.84879  3.84577  -0.00838196
3.78371  3.78642  3.78731  -0.00646419
3.72627  3.72902  3.72624  -0.00901775
3.66561  3.66847  3.66908  -0.00695184
3.61029  3.61278  3.61023  -0.00945212
3.55123  3.55418  3.55453  -0.00735705
3.49793  3.50018  3.49786  -0.00972326
3.44063  3.44361  3.44373  -0.00769053
3.38922  3.39128  3.38918  -0.00986436
3.33381  3.33677  3.33669  -0.00796
3.28417  3.28609  3.28418  -0.00990492
3.23073  3.23363  3.23338  -0.00817182
3.18276  3.18457  3.18284  -0.00986906
3.13131  3.13413  3.13374  -0.00833068
3.08494  3.08665  3.08509  -0.00977689
3.03547  3.03818  3.03769  -0.00844128
2.99061  2.99227  2.99084  -0.00964551
2.94311  2.94569  2.94512  -0.00850798
2.8997  2.90131  2.90001  -0.00948731
2.8541  2.85655  2.85592  -0.00853513
2.8121  2.81367  2.81248  -0.00931202
2.76834  2.77066  2.76998  -0.00852675
2.7277  2.72924  2.72815  -0.00912735
2.6857  2.6879  2.68719  -0.00848787
2.64638  2.6479  2.64689  -0.00893799
2.60607  2.60814  2.60743  -0.00842218
2.56804  2.56954  2.5686  -0.00874728
2.52933  2.53129  2.53057  -0.00833437
2.49256  2.49403  2.49315  -0.00855758
2.45537  2.45721  2.4565  -0.00822779
2.41982  2.42126  2.42044  -0.00837023
2.38406  2.38581  2.38511  -0.00810613
2.34971  2.35113  2.35035  -0.00818589
2.31532  2.31697  2.31628  -0.0079724
2.28213  2.28351  2.28277  -0.00800457
2.24902  2.25059  2.24992  -0.00782962
2.21696  2.2183  2.2176  -0.00782694
2.18507  2.18656  2.18591  -0.00767981
2.1541  2.15541  2.15474  -0.00765232
2.12337  2.12479  2.12416  -0.0075253
2.09345  2.09472  2.09408  -0.00748106
2.06383  2.06518  2.06457  -0.00736777
2.03493  2.03616  2.03555  -0.00731281
2.00635  2.00764  2.00705  -0.00720857
1.97843  1.97962  1.97903  -0.00714757
1.95085  1.95208  1.95152  -0.00704937
1.92388  1.92502  1.92446  -0.00698536
1.89725  1.89842  1.89788  -0.00689017
1.87118  1.87229  1.87175  -0.00682549
1.84546  1.84659  1.84606  -0.00673265
1.82027  1.82133  1.82081  -0.00666897
1.79541  1.79649  1.79599  -0.0065768
1.77106  1.77208  1.77158  -0.0065148
1.74703  1.74807  1.74758  -0.00642363
1.72349  1.72447  1.72399  -0.00636364
1.70025  1.70124  1.70078  -0.00627315
1.67748  1.67842  1.67796  -0.0062155
1.655  1.65596  1.6555  -0.00612568
1.63297  1.63388  1.63343  -0.00607004
1.61122  1.61214  1.6117  -0.00598123
1.5899  1.59078  1.59035  -0.0059276
1.56885  1.56973  1.56931  -0.00584012
1.54821  1.54905  1.54864  -0.00578851
1.52783  1.52868  1.52828  -0.00570271
1.50785  1.50866  1.50826  -0.0056521
1.48811  1.48893  1.48854  -0.00556831
1.46876  1.46954  1.46915  -0.00551904
1.44963  1.45043  1.45005  -0.0054376
1.43089  1.43164  1.43127  -0.00538934
1.41236  1.41312  1.41276  -0.00531024
1.39419  1.39491  1.39455  -0.00526231
1.37623  1.37696  1.37661  -0.00518623
1.35861  1.35931  1.35897  -0.00513897
1.3412  1.34191  1.34157  -0.00506524
1.32412  1.3248  1.32446  -0.00501832
1.30724  1.30792  1.3076  -0.0049476
1.29067  1.29132  1.291  -0.00490101
1.2743  1.27496  1.27464  -0.00483331
1.25822  1.25885  1.25854  -0.00478672
1.24234  1.24297  1.24267  -0.0047217
1.22673  1.22734  1.22704  -0.00467579
1.21132  1.21193  1.21164  -0.00461345
1.19617  1.19676  1.19647  -0.00456753
1.18121  1.1818  1.18152  -0.00450787
1.1665  1.16707  1.16679  -0.00446263
1.15198  1.15255  1.15227  -0.00440531
1.13769  1.13824  1.13797  -0.0043604
1.12358  1.12413  1.12387  -0.00430544
1.10971  1.11024  1.10997  -0.0042612
1.096  1.09653  1.09628  -0.00420858
1.08252  1.08303  1.08278  -0.00416434
1.06921  1.06972  1.06947  -0.00411406
1.0561  1.05659  1.05635  -0.00407083
1.04316  1.04365  1.04341  -0.00402223
1.03042  1.0309  1.03066  -0.00397933
1.01784  1.01832  1.01808  -0.00393274
1.00545  1.00592  1.00569  -0.00389085
0.993224  0.993684  0.993459  -0.0038456
0.981176  0.981623  0.981402  -0.00380471
0.969282  0.969727  0.969509  -0.00376114
0.957563  0.957995  0.957781  -0.00372092
0.945993  0.946423  0.946212  -0.00367869
0.934591  0.93501  0.934802  -0.00363948
0.923335  0.92375  0.923546  -0.00359859
0.912238  0.912644  0.912443  -0.00356038
0.901284  0.901687  0.901489  -0.00352083
0.890484  0.890877  0.890682  -0.00348363
0.879822  0.880211  0.880019  -0.00344509
0.869308  0.869688  0.8695  -0.00340855
0.858928  0.859305  0.859119  -0.00337135
0.84869  0.849059  0.848876  -0.00333583
0.838582  0.838948  0.838767  -0.00329963
0.828612  0.82897  0.828792  -0.00326511
0.818768  0.819122  0.818947  -0.00322992
0.809056  0.809403  0.809231  -0.0031964
0.799467  0.79981  0.79964  -0.00316221
0.790006  0.790342  0.790175  -0.00312937
0.780663  0.780995  0.78083  -0.00309619
0.771443  0.771769  0.771607  -0.00306401
0.762339  0.762661  0.762501  -0.00303184
0.753354  0.75367  0.753513  -0.00300067
0.74448  0.744793  0.744638  -0.00296916
0.735722  0.736029  0.735876  -0.002939
0.727072  0.727375  0.727225  -0.0029085
0.718534  0.718832  0.718683  -0.00287901
0.7101  0.710395  0.710249  -0.00284918
0.701775  0.702064  0.70192  -0.00282035
0.693551  0.693837  0.693695  -0.00279153
0.685432  0.685713  0.685573  -0.00276338
0.677411  0.677689  0.677551  -0.00273522
0.669492  0.669765  0.669629  -0.00270774
0.661668  0.661938  0.661804  -0.00268059
0.653943  0.654208  0.654076  -0.00265378
0.646311  0.646572  0.646442  -0.00262697
0.638773  0.63903  0.638902  -0.00260116
0.631326  0.63158  0.631453  -0.00257502
0.62397  0.62422  0.624096  -0.00254988
0.616703  0.61695  0.616826  -0.00252441
0.609524  0.609767  0.609646  -0.00249994
0.602431  0.602671  0.602551  -0.00247514
0.595424  0.59566  0.595542  -0.00245134
0.5885  0.588733  0.588617  -0.00242721
0.58166  0.581889  0.581775  -0.00240375
0.574899  0.575127  0.575013  -0.00238029
0.568221  0.568445  0.568333  -0.0023575
0.561621  0.561841  0.561731  -0.00233471
0.555099  0.555317  0.555208  -0.00231225
0.548654  0.548868  0.548761  -0.00229013
0.542285  0.542496  0.542391  -0.00226835
0.53599  0.536199  0.536094  -0.00224656
0.529769  0.529975  0.529872  -0.00222545
0.52362  0.523823  0.523722  -0.002204
0.517543  0.517744  0.517643  -0.00218355
0.511537  0.511735  0.511635  -0.00216277
0.5056  0.505795  0.505697  -0.00214266
0.499731  0.499924  0.499827  -0.00212222
0.493931  0.494121  0.494026  -0.00210244
0.488196  0.488385  0.48829  -0.00208301
0.482528  0.482714  0.482621  -0.00206357
0.476924  0.477108  0.477016  -0.00204446
0.471385  0.471566  0.471475  -0.00202569
0.465909  0.466087  0.465998  -0.00200692
0.460495  0.460671  0.460582  -0.00198849
0.455142  0.455316  0.455228  -0.00197006
0.449849  0.450021  0.449935  -0.00195229
0.444617  0.444786  0.444701  -0.0019342
0.439443  0.43961  0.439527  -0.00191677
0.434328  0.434493  0.43441  -0.00189934
0.42927  0.429433  0.429351  -0.00188225
0.424268  0.424429  0.424348  -0.00186515
0.419323  0.419482  0.419402  -0.0018484
0.414432  0.414589  0.41451  -0.00183164
0.409596  0.409751  0.409673  -0.00181521
0.404814  0.404967  0.40489  -0.00179913
0.400085  0.400236  0.40016  -0.00178304
0.395407  0.395557  0.395482  -0.00176695
0.390782  0.39093  0.390856  -0.0017512
0.386208  0.386354  0.38628  -0.00173578
0.381684  0.381828  0.381755  -0.00172036
0.377209  0.377352  0.37728  -0.00170528
0.372784  0.372925  0.372854  -0.0016902
0.368407  0.368547  0.368476  -0.00167545
0.364079  0.364216  0.364147  -0.00166071
0.359797  0.359933  0.359864  -0.00164596
0.355562  0.355696  0.355629  -0.00163155
0.351373  0.351505  0.351439  -0.00161747
0.347229  0.347361  0.347294  -0.00160339
0.343131  0.343261  0.343195  -0.00158932
0.339077  0.339205  0.33914  -0.00157558
0.335066  0.335193  0.335129  -0.00156184
0.331099  0.331224  0.331161  -0.00154843
0.327175  0.327299  0.327236  -0.00153502
0.323293  0.323416  0.323354  -0.00152195
0.319453  0.319574  0.319513  -0.00150888
0.315654  0.315773  0.315713  -0.00149581
0.311896  0.312014  0.311954  -0.00148307
0.308178  0.308295  0.308236  -0.00147034
0.3045  0.304615  0.304557  -0.00145794
0.300861  0.300975  0.300917  -0.0014452
0.29726  0.297373  0.297316  -0.00143313
0.293699  0.29381  0.293754  -0.00142073
0.290175  0.290286  0.29023  -0.00140867
0.286689  0.286798  0.286743  -0.00139694
0.28324  0.283348  0.283293  -0.00138487
0.279827  0.279934  0.27988  -0.00137348
0.276451  0.276556  0.276503  -0.00136175
0.27311  0.273215  0.273162  -0.00135035
0.269805  0.269908  0.269856  -0.00133896
0.266535  0.266637  0.266585  -0.00132756
0.263299  0.2634  0.263349  -0.0013165
0.260098  0.260198  0.260147  -0.00130544
0.25693  0.257029  0.256979  -0.00129438
0.253796  0.253894  0.253844  -0.00128365
0.250695  0.250792  0.250743  -0.00127293
0.247626  0.247722  0.247674  -0.0012622
0.24459  0.244685  0.244637  -0.00125181
0.241586  0.241679  0.241632  -0.00124109
0.238613  0.238706  0.238658  -0.0012307
0.235672  0.235763  0.235717  -0.00122064
0.232761  0.232852  0.232806  -0.00121059
0.229881  0.229971  0.229925  -0.0012002
0.227031  0.22712  0.227075  -0.00119048
0.224211  0.224299  0.224254  -0.00118043
0.221421  0.221508  0.221464  -0.00117071
0.21866  0.218746  0.218702  -0.00116099
0.215928  0.216013  0.21597  -0.00115127
0.213224  0.213308  0.213266  -0.00114188
0.210549  0.210632  0.21059  -0.00113216
0.207902  0.207984  0.207942  -0.00112278
0.205282  0.205364  0.205322  -0.00111373
0.20269  0.202771  0.20273  -0.00110434
0.200125  0.200205  0.200165  -0.0010953
0.197587  0.197667  0.197626  -0.00108625
0.195076  0.195154  0.195114  -0.0010772
0.192591  0.192668  0.192629  -0.00106815
0.190132  0.190208  0.190169  -0.00105943
0.187698  0.187774  0.187735  -0.00105072
0.18529  0.185365  0.185327  -0.00104201
0.182907  0.182982  0.182944  -0.00103329
0.180549  0.180623  0.180586  -0.00102491
0.178216  0.17829  0.178252  -0.0010162
0.175908  0.17598  0.175943  -0.00100782
0.173623  0.173695  0.173658  -0.00099944
0.171363  0.171434  0.171398  -0.000991397
0.169126  0.169196  0.16916  -0.000983018
0.166913  0.166982  0.166947  -0.000974974
0.164723  0.164791  0.164757  -0.00096693
0.162556  0.162624  0.162589  -0.000958886
0.160412  0.160479  0.160444  -0.000950843
0.15829  0.158356  0.158322  -0.000942799
0.15619  0.156256  0.156222  -0.00093509
0.154113  0.154178  0.154145  -0.000927382
0.152057  0.152122  0.152089  -0.000919673
0.150024  0.150088  0.150055  -0.000911964
0.148011  0.148075  0.148043  -0.000904256
0.146021  0.146083  0.146051  -0.000896882
0.14405  0.144112  0.144081  -0.000889174
0.142101  0.142163  0.142131  -0.0008818
0.140173  0.140234  0.140202  -0.000874427
0.138265  0.138325  0.138294  -0.000867053
0.136377  0.136436  0.136406  -0.00085968
0.134509  0.134568  0.134538  -0.000852641
0.132661  0.132719  0.132689  -0.000845603
0.130833  0.130891  0.130861  -0.00083823
0.129024  0.129081  0.129051  -0.000831191
0.127234  0.127291  0.127262  -0.000824153
0.125464  0.12552  0.125491  -0.000817115
0.123712  0.123768  0.123739  -0.000810411
0.121979  0.122034  0.122006  -0.000803373
0.120265  0.12032  0.120291  -0.00079667
0.118569  0.118623  0.118596  -0.000789967
0.116892  0.116945  0.116917  -0.000782929
0.115232  0.115285  0.115258  -0.000776225
0.11359  0.113643  0.113616  -0.000769857
0.111966  0.112018  0.111992  -0.000763154
0.11036  0.110412  0.110385  -0.000756451
0.108771  0.108822  0.108796  -0.000750083
0.1072  0.10725  0.107224  -0.000743715
0.105645  0.105695  0.105669  -0.000737012
0.104107  0.104157  0.104131  -0.000730644
0.102586  0.102635  0.10261  -0.000724276
0.101082  0.10113  0.101105  -0.000718243
0.0995938  0.0996421  0.0996173  -0.000711875
0.0981225  0.0981701  0.0981453  -0.000705507
0.0966669  0.0967141  0.0966897  -0.000699474
0.0952277  0.0952743  0.0952502  -0.000693106
0.093804  0.0938502  0.0938264  -0.000687073
0.0923963  0.0924422  0.0924184  -0.000681041
0.091004  0.0910493  0.0910262  -0.000675008
0.0896276  0.0896725  0.089649  -0.000668975
0.0882661  0.0883104  0.0882876  -0.000662942
0.0869198  0.0869637  0.0869413  -0.000657244
0.0855889  0.0856321  0.0856097  -0.000651212
0.0842724  0.0843156  0.0842932  -0.000645514
0.082971  0.0830139  0.0829918  -0.000639481
0.0816843  0.0817265  0.0817048  -0.000633783
0.0804121  0.080454  0.0804322  -0.000628086
0.0791542  0.0791954  0.079174  -0.000622388
0.0779104  0.0779517  0.0779302  -0.00061669
0.0766811  0.0767216  0.0767005  -0.000610993
0.0754658  0.0755057  0.0754849  -0.000605295
0.0742643  0.0743038  0.0742834  -0.000599932
0.0730765  0.0731157  0.0730952  -0.000594235
0.0719024  0.0719413  0.0719208  -0.000588872
0.0707417  0.0707803  0.0707602  -0.000583175
0.0695948  0.0696327  0.0696129  -0.000577812
0.068461  0.0684985  0.0684791  -0.000572449
0.0673402  0.0673778  0.067358  -0.000567087
0.0662329  0.0662697  0.0662503  -0.000561724
0.0651382  0.0651748  0.0651557  -0.000556362
0.0640567  0.0640929  0.0640738  -0.000550999
0.0629875  0.0630234  0.0630046  -0.000545637
0.0619315  0.0619666  0.0619482  -0.000540274
0.0608878  0.0609226  0.0609042  -0.000535247
0.0598562  0.059891  0.0598729  -0.000529884
0.0588373  0.0588715  0.0588537  -0.000524857
0.0578305  0.0578647  0.0578466  -0.00051983
0.0568361  0.0568696  0.0568518  -0.000514467
0.0558534  0.0558866  0.0558691  -0.00050944
0.0548824  0.0549153  0.0548982  -0.000504412
0.0539235  0.053956  0.053939  -0.000499385
0.0529764  0.0530086  0.0529918  -0.000494358
0.052041  0.0520728  0.052056  -0.00048933
0.0511169  0.0511484  0.0511317  -0.000484303
0.0502043  0.0502355  0.050219  -0.000479611
0.049303  0.0493335  0.0493175  -0.000474583
0.0484129  0.0484434  0.0484273  -0.000469891
0.0475337  0.0475639  0.0475482  -0.000464864
0.046666  0.0466959  0.0466801  -0.000460172
0.045809  0.0458385  0.0458228  -0.000455144
0.0449631  0.0449922  0.0449765  -0.000450452
0.0441275  0.0441564  0.0441413  -0.00044576
0.0433031  0.0433315  0.0433165  -0.000441068
0.042489  0.0425171  0.042502  -0.000436375
0.0416852  0.0417131  0.0416983  -0.000431683
0.0408923  0.0409197  0.040905  -0.000426991
0.0401093  0.0401365  0.0401221  -0.000422299
0.0393368  0.0393636  0.0393492  -0.000417607
0.0385743  0.0386008  0.0385867  -0.00041325
0.0378219  0.037848  0.0378339  -0.000408557
0.0370795  0.0371053  0.0370916  -0.0004042
0.0363469  0.0363727  0.0363589  -0.000399508
0.0356243  0.0356497  0.035636  -0.000395151
0.0349114  0.0349365  0.0349231  -0.000390459
0.0342082  0.0342327  0.0342196  -0.000386102
0.0335144  0.0335389  0.0335258  -0.000381745
0.0328304  0.0328542  0.0328414  -0.000377388
0.0321554  0.0321792  0.0321664  -0.000373031
0.0314901  0.0315135  0.0315008  -0.000368674
0.0308338  0.0308573  0.0308446  -0.000364316
0.030187  0.0302098  0.0301977  -0.000359959
0.0295492  0.0295716  0.0295596  -0.000355602
0.0289204  0.0289429  0.0289305  -0.000351245
0.0283004  0.0283225  0.0283108  -0.000346888
0.0276897  0.0277115  0.0276994  -0.000342866
0.0270875  0.0271089  0.0270972  -0.000338509
0.0264939  0.0265153  0.0265039  -0.000334487
0.0259094  0.0259302  0.0259188  -0.00033013
0.0253332  0.025354  0.0253426  -0.000326109
0.0247655  0.0247859  0.0247749  -0.000322087
0.0242064  0.0242265  0.0242155  -0.00031773
0.0236554  0.0236755  0.0236645  -0.000313708
0.0231128  0.0231326  0.0231219  -0.000309686
0.0225786  0.022598  0.0225873  -0.000305664
0.0220527  0.0220715  0.0220611  -0.000301642
0.0215346  0.0215533  0.0215429  -0.00029762
0.0210244  0.0210429  0.0210328  -0.000293598
0.0205224  0.0205408  0.0205308  -0.000289576
0.0200284  0.0200461  0.0200364  -0.000285554
0.019542  0.0195598  0.0195501  -0.000281868
0.0190634  0.0190809  0.0190711  -0.000277846
0.0185925  0.0186096  0.0186003  -0.000273824
0.0181294  0.0181464  0.0181371  -0.000270137
0.0176735  0.0176903  0.0176812  -0.000266115
0.0172254  0.0172419  0.0172328  -0.000262429
0.0167847  0.0168011  0.0167921  -0.000258742
0.0163513  0.0163674  0.0163587  -0.00025472
0.0159254  0.0159411  0.0159324  -0.000251033
0.0155067  0.0155222  0.0155134  -0.000247346
0.0150948  0.0151103  0.0151019  -0.00024366
0.0146903  0.0147054  0.014697  -0.000239973
0.0142928  0.0143075  0.0142995  -0.000236286
0.0139023  0.0139171  0.0139087  -0.000232599
0.0135189  0.013533  0.013525  -0.000228913
0.0131422  0.0131559  0.0131482  -0.000225226
0.0127722  0.0127859  0.0127782  -0.000221539
0.0124089  0.0124223  0.0124146  -0.000218188
0.0120523  0.0120657  0.012058  -0.000214501
0.0117024  0.0117154  0.0117081  -0.000210814
0.0113592  0.0113719  0.0113645  -0.000207463
0.0110223  0.0110347  0.0110277  -0.000203776
0.0106919  0.0107043  0.0106972  -0.000200424
0.0103678  0.0103802  0.0103731  -0.000197073
0.0100504  0.0100621  0.0100554  -0.000193386
0.00973901  0.00975041  0.00974371  -0.000190034
0.00943369  0.00944508  0.00943838  -0.000186683
0.00913472  0.00914579  0.00913942  -0.000183331
0.00884146  0.00885252  0.00884615  -0.00017998
0.00855457  0.00856563  0.00855926  -0.000176628
0.0082737  0.00828409  0.00827806  -0.000173277
0.00799854  0.00800893  0.0080029  -0.000169925
0.00772907  0.00773946  0.00773343  -0.000166573
0.00746564  0.00747569  0.00746966  -0.000163557
0.0072079  0.00721762  0.00721192  -0.000160205
0.00695586  0.00696525  0.00695989  -0.000156854
0.00670952  0.00671891  0.00671321  -0.000153837
0.00646854  0.00647759  0.00647223  -0.000150486
0.00623326  0.00624231  0.00623695  -0.000147469
0.00600368  0.0060124  0.00600703  -0.000144118
0.00577913  0.0057875  0.00578248  -0.000141101
0.00555993  0.00556831  0.00556328  -0.000138085
0.0053461  0.00535448  0.00534945  -0.000135069
0.00513763  0.00514568  0.00514065  -0.000132052
0.00493419  0.0049419  0.00493721  -0.000129036
0.00473578  0.00474315  0.0047388  -0.000126019
0.00454239  0.00454977  0.00454541  -0.000123003
0.00435403  0.00436141  0.00435672  -0.000119986
0.0041707  0.00417774  0.00417338  -0.00011697
0.0039924  0.0039991  0.00399475  -0.000113954
0.00381879  0.00382549  0.00382113  -0.000111272
0.0036502  0.00365657  0.00365255  -0.000108256
0.00348598  0.00349234  0.00348832  -0.000105575
0.00332678  0.00333281  0.00332879  -0.000102558
0.00317193  0.00317797  0.00317394  -9.9877e-05
0.00302178  0.00302748  0.00302379  -9.71958e-05
0.00287599  0.00288169  0.002878  -9.45145e-05
0.00273455  0.00273991  0.00273656  -9.18332e-05
0.00259781  0.00260284  0.00259948  -8.9152e-05
0.00246509  0.00247011  0.00246676  -8.64707e-05
0.00233672  0.00234175  0.0023384  -8.37894e-05
0.00221271  0.0022174  0.00221439  -8.11082e-05
0.00209306  0.00209742  0.0020944  -7.84269e-05
0.00197743  0.00198179  0.00197877  -7.57457e-05
0.00186549  0.00186985  0.00186683  -7.33996e-05
0.0017579  0.00176192  0.00175924  -7.07183e-05
0.001654  0.00165803  0.00165534  -6.83722e-05
0.00155413  0.00155781  0.00155513  -6.60261e-05
0.00145794  0.00146129  0.00145894  -6.33448e-05
0.00136577  0.00136878  0.00136644  -6.09987e-05
0.00127695  0.0012803  0.00127796  -5.86526e-05
0.00119216  0.00119517  0.00119283  -5.63065e-05
0.00111071  0.00111373  0.00111138  -5.39604e-05
0.00103296  0.00103564  0.00103363  -5.19495e-05
0.000958551  0.000961232  0.000959222  -4.96033e-05
0.000887498  0.000889844  0.000888168  -4.72572e-05
0.000819796  0.000822142  0.000820131  -4.52463e-05
0.000755446  0.000757792  0.000755781  -4.29002e-05
0.000694447  0.000696458  0.000694782  -4.08892e-05
0.000636465  0.000638476  0.0006368  -3.88783e-05
0.000581499  0.00058351  0.000581834  -3.68674e-05
0.000529549  0.00053156  0.000529884  -3.48564e-05
0.000480951  0.000482292  0.000480951  -3.28455e-05
0.000435035  0.000436375  0.000435035  -3.08345e-05
0.000391799  0.00039314  0.000391799  -2.88236e-05
0.000351245  0.000352586  0.000351245  -2.71478e-05
0.000313708  0.000315048  0.000313708  -2.5472e-05
0.000278851  0.000279857  0.000278516  -2.3461e-05
0.000246341  0.000247346  0.000246006  -2.17853e-05
0.000216177  0.000217182  0.000216177  -2.01095e-05
0.000188694  0.000189364  0.000188694  -1.84337e-05
0.000163557  0.000164227  0.000163222  -1.67579e-05
0.000140766  0.000141101  0.000140431  -1.54173e-05
0.000119986  0.000120322  0.000119651  -1.37415e-05
0.000101218  0.000101553  0.000100882  -1.24008e-05
8.44598e-05  8.47949e-05  8.41246e-05  -1.10602e-05
6.97128e-05  7.0048e-05  6.93777e-05  -9.71958e-06
5.69768e-05  5.69768e-05  5.66417e-05  -8.37894e-06
4.59166e-05  4.59166e-05  4.55815e-05  -7.37347e-06
3.65322e-05  3.65322e-05  3.6197e-05  -6.03284e-06
2.84884e-05  2.84884e-05  2.81533e-05  -5.02737e-06
2.21204e-05  2.21204e-05  2.17853e-05  -4.02189e-06
1.67579e-05  1.67579e-05  1.64227e-05  -3.35158e-06
1.24008e-05  1.24008e-05  1.20657e-05  -2.68126e-06
9.04926e-06  9.04926e-06  9.04926e-06  -2.01095e-06
6.70316e-06  6.70316e-06  6.368e-06  -1.67579e-06
4.69221e-06  4.69221e-06  4.69221e-06  -1.00547e-06
3.35158e-06  3.35158e-06  3.35158e-06  -6.70316e-07
2.3461e-06  2.3461e-06  2.3461e-06  -6.70316e-07
1.67579e-06  1.67579e-06  1.34063e-06  -3.35158e-07
1.00547e-06  1.00547e-06  1.00547e-06  -3.35158e-07
