5e-07  0.475 0.5
1.9  0.5  3.5e-05
0.041337 0.486052  4.24047  8.72431  100
6.45568e-06  1.32372e-09  1.35067e-14
53  116
0.883489  1.11651  0.7529  0.177722
2.13198  2.49504  2.27987  0.383164
3.03783  3.25526  3.14177  0.390315
3.50556  3.62636  3.59282  0.318688
3.68845  3.74553  3.74969  0.227429
3.68568  3.70138  3.73437  0.143886
3.57529  3.55777  3.60168  0.072175
3.3878  3.35435  3.40536  0.0180952
3.16914  3.12103  3.17256  -0.0238143
2.9284  2.87518  2.92589  -0.052681
2.68737  2.62978  2.6775  -0.072941
2.44979  2.392  2.43646  -0.0854283
2.22397  2.16673  2.2074  -0.0926143
2.01144  1.95635  1.99336  -0.0955696
1.81457  1.76207  1.79548  -0.095597
1.63345  1.58407  1.61416  -0.0934944
1.46814  1.42202  1.449  -0.0899665
1.31792  1.27516  1.29932  -0.0855037
1.18203  1.14255  1.16416  -0.0804902
1.05943  1.02315  1.04246  -0.0751992
0.949119  0.915874  0.933121  -0.0698347
0.85003  0.819656  0.835059  -0.0645372
0.761166  0.733465  0.747218  -0.0594047
0.681545  0.656332  0.668617  -0.0545025
0.610276  0.587356  0.598329  -0.0498709
0.546512  0.525703  0.535511  -0.0455318
0.489493  0.470617  0.479385  -0.0414935
0.438516  0.421405  0.429249  -0.0377562
0.392948  0.377448  0.384467  -0.0343132
0.352217  0.338181  0.344467  -0.0311513
0.315807  0.303102  0.308733  -0.0282563
0.283255  0.271759  0.276806  -0.0256132
0.254149  0.243748  0.248274  -0.023205
0.228117  0.218707  0.22277  -0.0210137
0.204827  0.196315  0.199964  -0.0190234
0.183986  0.176284  0.179563  -0.017217
0.165328  0.158361  0.161309  -0.0155794
0.148619  0.142315  0.144967  -0.0140966
0.13365  0.127946  0.130332  -0.0127542
0.120234  0.115071  0.117221  -0.0115393
0.108205  0.103532  0.105469  -0.0104413
0.0974147  0.093184  0.0949301  -0.00944801
0.0877318  0.0839002  0.0854755  -0.00855
0.0790394  0.0755681  0.0769896  -0.00773877
0.0712308  0.0680859  0.0693697  -0.00700583
0.0642146  0.0613649  0.0625242  -0.00634364
0.0579068  0.0553231  0.0563711  -0.00574465
0.0522338  0.0498907  0.0508387  -0.00520414
0.0471287  0.0450045  0.0458619  -0.00471552
0.042534  0.0406059  0.0413822  -0.00427406
0.0383958  0.0366459  0.0373496  -0.0038741
0.0346669  0.0330784  0.0337161  -0.00351282
0.031306  0.0298637  0.0304419  -0.00318644
0.0282761  0.0269659  0.0274894  -0.00289119
0.0255415  0.0243511  0.0248265  -0.00262424
0.0230748  0.0219919  0.0224239  -0.00238181
0.0208468  0.0198629  0.0202544  -0.00216297
0.0188357  0.0179405  0.0182961  -0.00196488
0.017017  0.0162029  0.0165265  -0.00178565
0.0153747  0.0146333  0.0149276  -0.00162246
0.013889  0.0132146  0.0134815  -0.00147531
0.0125458  0.0119317  0.0121751  -0.00134136
0.0113299  0.0107715  0.0109922  -0.00122062
0.0102309  0.00972157  0.00992249  -0.00111025
0.00923483  0.00877073  0.00895373  -0.00101027
0.00833398  0.00791045  0.00807741  -0.00091971
0.00751709  0.00713223  0.0072841  -0.0008367
0.00677755  0.00642665  0.00656531  -0.00076218
0.00610781  0.00578804  0.0059135  -0.000694263
0.00550128  0.0052098  0.00532394  -0.000632006
0.00495134  0.00468533  0.00479004  -0.000575408
0.00445328  0.00421085  0.00430613  -0.00052447
0.00400239  0.00378071  0.0038675  -0.000478249
0.003593  0.00339113  0.00347037  -0.000434858
0.00322323  0.00303929  0.00311003  -0.000396183
0.00288742  0.00271951  0.0027846  -0.000361281
0.00258368  0.00243086  0.00249029  -0.000328266
0.00230824  0.00216863  0.00222334  -0.000299024
0.00205921  0.00193281  0.00198186  -0.000271668
0.0018347  0.00171868  0.00176301  -0.000247142
0.00163095  0.0015253  0.00156586  -0.000224503
0.00144701  0.00135079  0.00138758  -0.000204694
0.00128099  0.00119421  0.00122722  -0.000185829
0.00113101  0.00105177  0.00108196  -0.000167906
0.000996116  0.000924426  0.000950838  -0.00015187
0.000874432  0.000809344  0.00083387  -0.000137721
0.000765953  0.000706526  0.000728221  -0.000124515
0.000667851  0.000614083  0.000633892  -0.000112252
0.000580125  0.000532017  0.000548996  -0.000100932
0.000501831  0.00045844  0.000473533  -9.0556e-05
0.000432028  0.000392409  0.000406559  -8.11231e-05
0.00036977  0.000334869  0.000347131  -7.26335e-05
0.000314116  0.000282988  0.000294307  -6.41438e-05
0.000266008  0.00023771  0.000247142  -5.75408e-05
0.000222617  0.000198091  0.000206581  -5.09378e-05
0.000184885  0.000163189  0.000170736  -4.43347e-05
0.000152813  0.000133947  0.000139607  -3.8675e-05
0.000124515  0.000107535  0.000112252  -3.30152e-05
9.99889e-05  8.58396e-05  8.96127e-05  -2.82988e-05
7.92365e-05  6.69737e-05  6.98036e-05  -2.45256e-05
6.1314e-05  5.09378e-05  5.37676e-05  -2.07524e-05
4.71646e-05  3.8675e-05  4.05616e-05  -1.69793e-05
3.49018e-05  2.82988e-05  2.9242e-05  -1.32061e-05
2.54689e-05  1.98091e-05  2.07524e-05  -1.03762e-05
1.79225e-05  1.32061e-05  1.41494e-05  -8.48963e-06
1.22628e-05  8.48963e-06  9.43292e-06  -5.65975e-06
8.48963e-06  5.65975e-06  5.65975e-06  -3.77317e-06
4.71646e-06  3.77317e-06  2.82988e-06  -2.82988e-06
2.82988e-06  1.88658e-06  1.88658e-06  -1.88658e-06
1.88658e-06  9.43292e-07  9.43292e-07  -9.43292e-07
9.43292e-07  9.43292e-07  9.43292e-07  -9.43292e-07
9.43292e-07  0  0  0
0  0  0  0
0  0  0  0
0  0  0  0
0  0  0  0
