5e-07  0.475 0.5
1.4  0.008  1.536e-06
0.001539 0.766175  81.9833  107.003  100
9.09349e-07  3.43709e-11  1.13983e-16
658  1326
1.00638  0.993619  0.940411  -0.00300969
2.517  2.49545  2.53242  0.0987167
3.68716  3.71024  3.65432  0.0771209
4.3768  4.40759  4.41242  0.155359
5.10505  5.15876  5.1071  0.137329
5.68024  5.70189  5.68781  0.140335
6.28105  6.2827  6.28216  0.168527
6.81281  6.83063  6.80545  0.122906
7.31923  7.28964  7.3118  0.16938
7.77871  7.78819  7.77628  0.119538
8.20513  8.17132  8.18728  0.153139
8.58822  8.58394  8.59285  0.119352
8.93983  8.91735  8.91966  0.135071
9.26025  9.24103  9.2665  0.114491
9.54194  9.53192  9.52566  0.121324
9.81235  9.78578  9.81708  0.104655
10.0348  10.0302  10.0235  0.11083
10.2609  10.2353  10.2646  0.0937346
10.4383  10.433  10.4295  0.100333
10.6222  10.6018  10.6269  0.0846762
10.7668  10.759  10.7577  0.0887136
10.9116  10.8961  10.9181  0.0778518
11.0308  11.0217  11.0205  0.0768903
11.142  11.1294  11.1496  0.072099
11.2393  11.2307  11.2282  0.0663179
11.3234  11.312  11.3308  0.0662438
11.4005  11.3931  11.3895  0.0577007
11.4631  11.4524  11.4694  0.059939
11.5214  11.5151  11.5111  0.0509004
11.5669  11.5569  11.5717  0.0535568
11.6084  11.6026  11.5991  0.0454086
11.6397  11.6308  11.6432  0.047546
11.6667  11.6612  11.6584  0.0405969
11.686  11.6783  11.6885  0.0420056
11.7003  11.6954  11.6932  0.0360676
11.7093  11.7026  11.7112  0.0369433
11.7126  11.7083  11.7067  0.0318838
11.7127  11.7068  11.7141  0.0324768
11.7066  11.7031  11.7018  0.0281336
11.699  11.694  11.7002  0.0284064
11.685  11.6823  11.6813  0.0245851
11.6707  11.6665  11.6718  0.0245517
11.6501  11.6478  11.6471  0.0212831
11.6298  11.6261  11.6308  0.0211513
11.6037  11.6015  11.6012  0.0183296
11.5778  11.5749  11.5789  0.0181414
11.5472  11.5453  11.5452  0.0155071
11.5164  11.5142  11.5177  0.0153573
11.4822  11.4805  11.4805  0.0128535
11.4471  11.4455  11.4485  0.0129048
11.4098  11.4082  11.4083  0.0104565
11.3709  11.3698  11.3724  0.010687
11.331  11.3295  11.3296  0.00823085
11.2888  11.2881  11.2904  0.00864537
11.2467  11.2453  11.2454  0.00622151
11.2017  11.2014  11.2033  0.00680661
11.1576  11.1564  11.1564  0.00441685
11.1103  11.1103  11.112  0.00511163
11.0645  11.0635  11.0634  0.00277881
11.0153  11.0156  11.017  0.00355697
10.9681  10.9672  10.9671  0.00130988
10.9173  10.9178  10.919  0.00212712
10.8688  10.8681  10.8679  -1.24903e-05
10.8169  10.8175  10.8185  0.000807677
10.7671  10.7667  10.7665  -0.00119932
10.7143  10.715  10.7159  -0.00040779
10.6636  10.6633  10.6631  -0.00226885
10.61  10.6109  10.6116  -0.00152856
10.5585  10.5585  10.5581  -0.00323515
10.5044  10.5054  10.5059  -0.00255686
10.4523  10.4524  10.452  -0.0041105
10.3978  10.3988  10.3992  -0.00349891
10.3452  10.3454  10.345  -0.00490734
10.2904  10.2915  10.2918  -0.00436025
10.2374  10.2377  10.2374  -0.00563583
10.1825  10.1837  10.1839  -0.00514612
10.1293  10.1297  10.1293  -0.00630319
10.0743  10.0755  10.0756  -0.00586075
10.021  10.0214  10.0211  -0.00691453
9.9659  9.9672  9.96722  -0.00650918
9.91261  9.91314  9.91276  -0.00747406
9.85759  9.85895  9.8589  -0.00709632
9.80438  9.80497  9.80458  -0.00798499
9.74947  9.75089  9.75077  -0.00762741
9.69642  9.69705  9.69666  -0.00845094
9.64169  9.64315  9.64298  -0.00810819
9.58884  9.58952  9.58913  -0.00887517
9.53436  9.53585  9.53563  -0.0085434
9.48176  9.48248  9.48208  -0.00925964
9.42757  9.42909  9.42882  -0.00893684
9.37526  9.37603  9.37561  -0.00960649
9.32142  9.32295  9.32265  -0.00929262
9.26943  9.27024  9.26981  -0.00991817
9.21598  9.21753  9.21719  -0.00961396
9.16434  9.16519  9.16474  -0.0101968
9.11132  9.11287  9.1125  -0.00990377
9.06006  9.06094  9.06048  -0.0104448
9.0075  9.00905  9.00865  -0.0101648
8.95663  8.95755  8.95708  -0.0106649
8.90456  8.90611  8.90569  -0.0103991
8.85411  8.85507  8.85459  -0.0108592
8.80256  8.8041  8.80366  -0.0106088
8.75254  8.75353  8.75304  -0.0110301
8.70152  8.70305  8.7026  -0.0107955
8.65196  8.65297  8.65248  -0.0111797
8.60148  8.603  8.60254  -0.0109607
8.55239  8.55343  8.55293  -0.0113102
8.50247  8.50398  8.5035  -0.0111058
8.45387  8.45492  8.45442  -0.011423
8.4045  8.406  8.40551  -0.0112321
8.3564  8.35747  8.35696  -0.0115199
8.3076  8.30909  8.30859  -0.0113409
8.26002  8.2611  8.26059  -0.011602
8.21178  8.21326  8.21275  -0.0114335
8.16472  8.16581  8.1653  -0.0116707
8.11706  8.11852  8.11801  -0.011511
8.07053  8.07162  8.07111  -0.0117268
8.02343  8.02489  8.02437  -0.0115746
7.97744  7.97853  7.97802  -0.0117712
7.93092  7.93236  7.93183  -0.0116254
7.88546  7.88656  7.88605  -0.0118048
7.83952  7.84094  7.84042  -0.0116645
7.7946  7.7957  7.79519  -0.0118282
7.74923  7.75064  7.75011  -0.0116928
7.70485  7.70595  7.70544  -0.011842
7.66006  7.66145  7.66092  -0.0117113
7.61622  7.61732  7.61681  -0.0118471
7.572  7.57338  7.57285  -0.0117207
7.5287  7.5298  7.52929  -0.0118439
7.48505  7.48641  7.48588  -0.0117219
7.44229  7.44338  7.44287  -0.0118331
7.39921  7.40055  7.40002  -0.0117154
7.35698  7.35807  7.35756  -0.0118152
7.31447  7.31579  7.31526  -0.0117019
7.27276  7.27386  7.27335  -0.0117909
7.23081  7.23212  7.2316  -0.0116819
7.18964  7.19073  7.19022  -0.0117607
7.14825  7.14954  7.14902  -0.011656
7.1076  7.10868  7.10818  -0.0117251
7.06676  7.06803  7.06751  -0.0116244
7.02663  7.02771  7.02721  -0.0116846
6.98634  6.98759  6.98708  -0.0115877
6.94673  6.9478  6.9473  -0.0116396
6.90698  6.90821  6.9077  -0.0115463
6.86788  6.86894  6.86845  -0.0115905
6.82866  6.82988  6.82937  -0.0115004
6.79007  6.79113  6.79064  -0.0115377
6.75138  6.75258  6.75208  -0.0114505
6.7133  6.71435  6.71386  -0.0114814
6.67513  6.67632  6.67581  -0.011397
6.63755  6.63858  6.6381  -0.0114221
6.59989  6.60106  6.60056  -0.01134
6.5628  6.56383  6.56335  -0.0113599
6.52566  6.52681  6.52632  -0.0112799
6.48906  6.49008  6.4896  -0.0112951
6.45242  6.45355  6.45306  -0.011217
6.4163  6.41731  6.41684  -0.0112279
6.38015  6.38127  6.38078  -0.0111516
6.34451  6.34551  6.34504  -0.0111585
6.30885  6.30995  6.30947  -0.011084
6.27368  6.27467  6.27421  -0.0110871
6.23851  6.23959  6.23912  -0.0110142
6.2038  6.20478  6.20433  -0.011014
6.16911  6.17017  6.1697  -0.0109427
6.13486  6.13583  6.13538  -0.0109393
6.10063  6.10169  6.10122  -0.0108695
6.06684  6.0678  6.06735  -0.010863
6.03308  6.03411  6.03365  -0.0107948
5.99973  6.00068  6.00024  -0.0107855
5.96642  5.96744  5.96699  -0.0107188
5.93352  5.93446  5.93402  -0.0107069
5.90066  5.90167  5.90122  -0.0106416
5.86819  5.86912  5.86869  -0.0106273
5.83578  5.83677  5.83632  -0.0105633
5.80374  5.80466  5.80423  -0.0105468
5.77176  5.77274  5.7723  -0.0104842
5.74015  5.74105  5.74063  -0.0104656
5.7086  5.70956  5.70912  -0.0104043
5.6774  5.67829  5.67787  -0.0103838
5.64627  5.64722  5.64679  -0.0103236
5.61549  5.61637  5.61596  -0.0103015
5.58478  5.58571  5.58529  -0.0102424
5.5544  5.55527  5.55486  -0.0102188
5.5241  5.52502  5.5246  -0.0101607
5.49412  5.49498  5.49458  -0.0101357
5.46423  5.46513  5.46472  -0.0100786
5.43464  5.43549  5.43509  -0.0100524
5.40514  5.40603  5.40563  -0.00999623
5.37595  5.37679  5.37639  -0.00996891
5.34684  5.34772  5.34732  -0.00991363
5.31803  5.31886  5.31847  -0.00988533
5.28931  5.29017  5.28978  -0.00983088
5.26087  5.26169  5.2613  -0.0098017
5.23253  5.23338  5.23299  -0.00974808
5.20447  5.20528  5.20489  -0.00971808
5.1765  5.17734  5.17695  -0.00966529
5.1488  5.1496  5.14922  -0.00963455
5.12121  5.12203  5.12165  -0.00958249
5.09387  5.09465  5.09428  -0.00955112
5.06663  5.06744  5.06707  -0.00949984
5.03965  5.04042  5.04005  -0.00946788
5.01277  5.01357  5.0132  -0.00941733
4.98613  4.9869  4.98654  -0.00938484
4.95961  4.96039  4.96003  -0.00933507
4.93332  4.93407  4.93371  -0.00930209
4.90713  4.90791  4.90755  -0.00925301
4.88118  4.88193  4.88157  -0.00921963
4.85534  4.8561  4.85575  -0.00917123
4.82972  4.83046  4.83011  -0.00913752
4.80421  4.80497  4.80461  -0.0090898
4.77893  4.77965  4.77931  -0.00905575
4.75375  4.75449  4.75414  -0.00900871
4.72878  4.7295  4.72916  -0.00897441
4.70393  4.70466  4.70432  -0.00892801
4.67928  4.67999  4.67965  -0.00889352
4.65475  4.65547  4.65513  -0.0088477
4.63042  4.63111  4.63078  -0.00881306
4.6062  4.6069  4.60657  -0.00876783
4.58217  4.58286  4.58253  -0.00873305
4.55826  4.55896  4.55863  -0.00868845
4.53454  4.53522  4.5349  -0.00865362
4.51094  4.51162  4.5113  -0.00860956
4.48752  4.48818  4.48786  -0.00857462
4.46421  4.46489  4.46457  -0.00853115
4.44109  4.44174  4.44143  -0.00849622
4.41807  4.41874  4.41843  -0.00845328
4.39524  4.39589  4.39558  -0.00841835
4.37252  4.37318  4.37286  -0.00837595
4.34997  4.35061  4.3503  -0.00834106
4.32754  4.32818  4.32788  -0.0082992
4.30527  4.3059  4.3056  -0.00826437
4.28312  4.28375  4.28345  -0.00822299
4.26113  4.26175  4.26145  -0.00818825
4.23925  4.23988  4.23958  -0.00814737
4.21753  4.21815  4.21785  -0.00811273
4.19593  4.19655  4.19625  -0.00807238
4.17448  4.17509  4.1748  -0.00803783
4.15315  4.15376  4.15347  -0.00799797
4.13197  4.13256  4.13228  -0.00796352
4.11089  4.1115  4.11121  -0.00792415
4.08997  4.09056  4.09028  -0.0078899
4.06916  4.06975  4.06947  -0.00785096
4.0485  4.04908  4.0488  -0.00781686
4.02794  4.02853  4.02825  -0.00777841
4.00753  4.0081  4.00783  -0.00774445
3.98723  3.9878  3.98753  -0.0077065
3.96707  3.96763  3.96736  -0.00767273
3.94701  3.94758  3.94731  -0.00763521
3.92709  3.92765  3.92738  -0.00760165
3.90728  3.90784  3.90757  -0.00756461
3.88761  3.88816  3.88789  -0.00753124
3.86804  3.86859  3.86833  -0.0074946
3.8486  3.84914  3.84888  -0.00746142
3.82927  3.82981  3.82955  -0.00742527
3.81007  3.8106  3.81034  -0.00739233
3.79097  3.7915  3.79125  -0.00735657
3.772  3.77252  3.77227  -0.00732383
3.75313  3.75366  3.7534  -0.00728851
3.73438  3.7349  3.73465  -0.00725601
3.71574  3.71626  3.71601  -0.00722113
3.69722  3.69773  3.69748  -0.00718888
3.6788  3.67931  3.67907  -0.00715438
3.6605  3.66101  3.66076  -0.00712238
3.6423  3.64281  3.64256  -0.00708827
3.62422  3.62472  3.62447  -0.00705656
3.60623  3.60673  3.60649  -0.00702284
3.58837  3.58886  3.58862  -0.00699137
3.57059  3.57109  3.57085  -0.00695805
3.55294  3.55342  3.55319  -0.00692683
3.53538  3.53586  3.53563  -0.00689389
3.51793  3.51841  3.51817  -0.00686296
3.50057  3.50105  3.50082  -0.00683037
3.48333  3.4838  3.48357  -0.00679973
3.46618  3.46665  3.46642  -0.00676752
3.44913  3.4496  3.44937  -0.00673713
3.43218  3.43265  3.43242  -0.00670532
3.41534  3.4158  3.41557  -0.00667516
3.39859  3.39905  3.39882  -0.00664374
3.38194  3.38239  3.38217  -0.00661388
3.36538  3.36583  3.36561  -0.0065828
3.34892  3.34937  3.34915  -0.00655319
3.33256  3.333  3.33279  -0.0065225
3.31629  3.31673  3.31652  -0.00649318
3.30012  3.30056  3.30034  -0.00646278
3.28404  3.28447  3.28426  -0.00643375
3.26805  3.26848  3.26827  -0.00640374
3.25215  3.25258  3.25237  -0.00637496
3.23634  3.23677  3.23656  -0.00634529
3.22063  3.22106  3.22085  -0.0063168
3.20501  3.20543  3.20522  -0.00628748
3.18947  3.18989  3.18969  -0.00625927
3.17403  3.17444  3.17424  -0.00623024
3.15867  3.15908  3.15888  -0.00620234
3.1434  3.14381  3.14361  -0.00617365
3.12822  3.12862  3.12842  -0.00614598
3.11312  3.11352  3.11332  -0.00611764
3.09811  3.09851  3.09831  -0.00609026
3.08318  3.08358  3.08338  -0.00606226
3.06834  3.06873  3.06854  -0.00603513
3.05357  3.05397  3.05378  -0.00600742
3.0389  3.03929  3.0391  -0.00598058
3.02431  3.02469  3.0245  -0.00595321
3.0098  3.01018  3.00999  -0.00592662
2.99536  2.99575  2.99556  -0.00589959
2.98102  2.9814  2.98121  -0.00587324
2.96674  2.96712  2.96694  -0.00584651
2.95256  2.95293  2.95275  -0.00582045
2.93844  2.93882  2.93864  -0.00579401
2.92441  2.92479  2.9246  -0.00576825
2.91046  2.91083  2.91065  -0.0057421
2.89658  2.89695  2.89677  -0.00571658
2.88278  2.88315  2.88297  -0.00569072
2.86906  2.86942  2.86924  -0.0056655
2.85541  2.85577  2.85559  -0.00563993
2.84184  2.8422  2.84202  -0.00561495
2.82834  2.8287  2.82852  -0.00558967
2.81492  2.81527  2.8151  -0.00556494
2.80157  2.80192  2.80175  -0.00553996
2.78829  2.78864  2.78847  -0.00551551
2.77509  2.77543  2.77526  -0.00549078
2.76195  2.7623  2.76213  -0.00546658
2.74889  2.74923  2.74907  -0.00544213
2.7359  2.73624  2.73608  -0.00541818
2.72298  2.72332  2.72316  -0.00539403
2.71014  2.71047  2.71031  -0.00537036
2.69736  2.69769  2.69753  -0.00534645
2.68465  2.68498  2.68482  -0.00532299
2.67201  2.67234  2.67217  -0.00529937
2.65943  2.65976  2.6596  -0.0052762
2.64693  2.64725  2.64709  -0.00525283
2.63449  2.63481  2.63466  -0.00522989
2.62212  2.62244  2.62228  -0.00520682
2.60982  2.61013  2.60998  -0.00518408
2.59758  2.59789  2.59774  -0.00516125
2.5854  2.58572  2.58556  -0.0051388
2.5733  2.57361  2.57345  -0.00511621
2.56125  2.56156  2.56141  -0.00509396
2.54927  2.54958  2.54943  -0.00507167
2.53736  2.53766  2.53751  -0.00504966
2.52551  2.52581  2.52566  -0.00502756
2.51372  2.51402  2.51387  -0.0050058
2.50199  2.50229  2.50214  -0.00498399
2.49032  2.49062  2.49048  -0.00496247
2.47872  2.47902  2.47887  -0.00494086
2.46718  2.46747  2.46733  -0.00491959
2.4557  2.45599  2.45585  -0.00489822
2.44428  2.44457  2.44442  -0.00487714
2.43291  2.4332  2.43306  -0.00485606
2.42161  2.4219  2.42176  -0.00483518
2.41037  2.41066  2.41052  -0.0048143
2.39919  2.39947  2.39933  -0.00479371
2.38806  2.38834  2.38821  -0.00477307
2.377  2.37728  2.37714  -0.00475263
2.36599  2.36626  2.36613  -0.00473223
2.35503  2.35531  2.35517  -0.00471203
2.34414  2.34441  2.34428  -0.00469183
2.3333  2.33357  2.33344  -0.00467188
2.32252  2.32279  2.32265  -0.00465187
2.31179  2.31206  2.31193  -0.00463216
2.30112  2.30139  2.30125  -0.0046124
2.2905  2.29077  2.29063  -0.00459284
2.27994  2.2802  2.28007  -0.00457332
2.26943  2.26969  2.26956  -0.00455395
2.25898  2.25924  2.25911  -0.00453463
2.24858  2.24884  2.24871  -0.0045155
2.23823  2.23849  2.23836  -0.00449638
2.22793  2.22819  2.22806  -0.00447745
2.21769  2.21795  2.21782  -0.00445857
2.2075  2.20776  2.20763  -0.00443983
2.19737  2.19762  2.19749  -0.00442114
2.18728  2.18753  2.18741  -0.0044026
2.17725  2.1775  2.17737  -0.00438411
2.16726  2.16751  2.16739  -0.00436577
2.15733  2.15758  2.15745  -0.00434747
2.14745  2.14769  2.14757  -0.00432937
2.13761  2.13786  2.13774  -0.00431127
2.12783  2.12807  2.12795  -0.00429331
2.11809  2.11834  2.11822  -0.00427541
2.10841  2.10865  2.10853  -0.00425765
2.09877  2.09901  2.09889  -0.00423994
2.08918  2.08942  2.0893  -0.00422242
2.07964  2.07988  2.07976  -0.00420486
2.07015  2.07039  2.07027  -0.00418749
2.06071  2.06094  2.06082  -0.00417017
2.05131  2.05154  2.05143  -0.00415299
2.04196  2.04219  2.04207  -0.00413582
2.03265  2.03288  2.03277  -0.00411884
2.02339  2.02362  2.02351  -0.00410186
2.01418  2.01441  2.0143  -0.00408503
2.00502  2.00524  2.00513  -0.00406824
1.99589  1.99612  1.99601  -0.00405161
1.98682  1.98704  1.98693  -0.00403497
1.97779  1.97801  1.9779  -0.00401853
1.9688  1.96902  1.96891  -0.00400208
1.95986  1.96008  1.95997  -0.00398579
1.95096  1.95118  1.95107  -0.00396954
1.9421  1.94232  1.94221  -0.00395339
1.93329  1.93351  1.9334  -0.00393729
1.92452  1.92474  1.92463  -0.00392134
1.9158  1.91601  1.91591  -0.00390543
1.90712  1.90733  1.90722  -0.00388962
1.89848  1.89869  1.89858  -0.00387391
1.88988  1.89009  1.88998  -0.00385825
1.88132  1.88153  1.88143  -0.00384268
1.87281  1.87301  1.87291  -0.00382722
1.86434  1.86454  1.86444  -0.0038118
1.8559  1.85611  1.85601  -0.00379648
1.84751  1.84771  1.84761  -0.00378126
1.83916  1.83936  1.83926  -0.00376608
1.83085  1.83105  1.83095  -0.00375101
1.82258  1.82278  1.82268  -0.00373603
1.81435  1.81455  1.81445  -0.00372105
1.80616  1.80636  1.80626  -0.00370622
1.79801  1.7982  1.79811  -0.00369143
1.7899  1.79009  1.78999  -0.00367675
1.78182  1.78202  1.78192  -0.00366216
1.77379  1.77398  1.77389  -0.00364762
1.76579  1.76599  1.76589  -0.00363313
1.75784  1.75803  1.75793  -0.00361874
1.74992  1.75011  1.75001  -0.00360444
1.74204  1.74222  1.74213  -0.00359019
1.73419  1.73438  1.73428  -0.003576
1.72638  1.72657  1.72648  -0.00356194
1.71861  1.7188  1.71871  -0.00354789
1.71088  1.71106  1.71097  -0.00353394
1.70319  1.70337  1.70328  -0.00352003
1.69553  1.69571  1.69562  -0.00350627
1.6879  1.68808  1.68799  -0.00349252
1.68031  1.68049  1.6804  -0.00347885
1.67276  1.67294  1.67285  -0.00346524
1.66525  1.66542  1.66534  -0.00345173
1.65777  1.65794  1.65785  -0.00343826
1.65032  1.6505  1.65041  -0.00342484
1.64291  1.64308  1.643  -0.00341152
1.63553  1.63571  1.63562  -0.0033983
1.62819  1.62837  1.62828  -0.00338508
1.62089  1.62106  1.62097  -0.00337195
1.61361  1.61379  1.6137  -0.00335893
1.60638  1.60655  1.60646  -0.0033459
1.59917  1.59934  1.59926  -0.00333297
1.592  1.59217  1.59208  -0.00332014
1.58486  1.58503  1.58495  -0.00330736
1.57776  1.57792  1.57784  -0.00329462
1.57069  1.57085  1.57077  -0.00328194
1.56365  1.56381  1.56373  -0.00326935
1.55664  1.5568  1.55672  -0.00325681
1.54967  1.54983  1.54975  -0.00324432
1.54273  1.54289  1.54281  -0.00323193
1.53582  1.53598  1.5359  -0.00321958
1.52894  1.5291  1.52902  -0.00320729
1.52209  1.52225  1.52217  -0.00319504
1.51528  1.51544  1.51536  -0.00318289
1.5085  1.50866  1.50858  -0.00317074
1.50175  1.5019  1.50182  -0.00315869
1.49503  1.49518  1.4951  -0.00314674
1.48834  1.48849  1.48841  -0.00313478
1.48168  1.48183  1.48175  -0.00312293
1.47505  1.4752  1.47512  -0.00311112
1.46845  1.4686  1.46853  -0.00309936
1.46188  1.46203  1.46196  -0.00308765
1.45534  1.45549  1.45542  -0.00307604
1.44884  1.44899  1.44891  -0.00306443
1.44236  1.44251  1.44243  -0.00305291
1.43591  1.43606  1.43598  -0.00304145
1.42949  1.42964  1.42956  -0.00303003
1.4231  1.42324  1.42317  -0.00301871
1.41673  1.41688  1.41681  -0.00300739
1.4104  1.41055  1.41047  -0.00299617
1.4041  1.40424  1.40417  -0.00298495
1.39782  1.39797  1.39789  -0.00297383
1.39157  1.39172  1.39165  -0.00296275
1.38536  1.3855  1.38543  -0.00295172
1.37916  1.37931  1.37924  -0.00294075
1.373  1.37314  1.37307  -0.00292982
1.36687  1.36701  1.36694  -0.00291894
1.36076  1.3609  1.36083  -0.00290815
1.35468  1.35482  1.35475  -0.00289737
1.34862  1.34876  1.34869  -0.00288664
1.3426  1.34274  1.34267  -0.002876
1.3366  1.33674  1.33667  -0.00286536
1.33063  1.33076  1.33069  -0.00285483
1.32468  1.32482  1.32475  -0.00284434
1.31876  1.3189  1.31883  -0.00283385
1.31287  1.313  1.31294  -0.00282345
1.307  1.30714  1.30707  -0.00281311
1.30116  1.3013  1.30123  -0.00280277
1.29535  1.29548  1.29541  -0.00279252
1.28956  1.28969  1.28963  -0.00278232
1.2838  1.28393  1.28386  -0.00277213
1.27806  1.27819  1.27812  -0.00276203
1.27235  1.27248  1.27241  -0.00275197
1.26666  1.26679  1.26673  -0.00274192
1.261  1.26113  1.26106  -0.00273197
1.25536  1.25549  1.25543  -0.00272202
1.24975  1.24988  1.24982  -0.00271216
1.24417  1.24429  1.24423  -0.00270231
1.2386  1.23873  1.23867  -0.00269255
1.23307  1.23319  1.23313  -0.00268279
1.22755  1.22768  1.22762  -0.00267308
1.22206  1.22219  1.22213  -0.00266342
1.2166  1.21672  1.21666  -0.00265386
1.21116  1.21128  1.21122  -0.00264429
1.20574  1.20586  1.2058  -0.00263473
1.20035  1.20047  1.20041  -0.00262527
1.19498  1.1951  1.19504  -0.00261585
1.18963  1.18975  1.18969  -0.00260648
1.18431  1.18443  1.18437  -0.00259711
1.17901  1.17913  1.17907  -0.00258784
1.17373  1.17385  1.17379  -0.00257857
1.16848  1.1686  1.16854  -0.00256935
1.16325  1.16337  1.16331  -0.00256018
1.15804  1.15816  1.1581  -0.00255106
1.15286  1.15297  1.15292  -0.00254198
1.1477  1.14781  1.14775  -0.00253291
1.14256  1.14267  1.14261  -0.00252393
1.13744  1.13755  1.13749  -0.00251495
1.13234  1.13246  1.1324  -0.00250602
1.12727  1.12738  1.12732  -0.00249714
1.12222  1.12233  1.12227  -0.00248831
1.11719  1.1173  1.11724  -0.00247948
1.11218  1.11229  1.11223  -0.0024707
1.10719  1.1073  1.10725  -0.00246201
1.10223  1.10234  1.10228  -0.00245333
1.09728  1.09739  1.09734  -0.00244464
1.09236  1.09247  1.09242  -0.00243606
1.08746  1.08757  1.08751  -0.00242747
1.08258  1.08269  1.08263  -0.00241898
1.07772  1.07783  1.07777  -0.00241044
1.07288  1.07299  1.07294  -0.002402
1.06807  1.06817  1.06812  -0.00239361
1.06327  1.06338  1.06332  -0.00238522
1.05849  1.0586  1.05855  -0.00237687
1.05374  1.05384  1.05379  -0.00236858
1.049  1.04911  1.04905  -0.00236029
1.04429  1.04439  1.04434  -0.00235209
1.03959  1.0397  1.03964  -0.00234389
1.03492  1.03502  1.03497  -0.0023357
1.03026  1.03036  1.03031  -0.0023276
1.02563  1.02573  1.02568  -0.0023195
1.02101  1.02111  1.02106  -0.00231145
1.01641  1.01652  1.01646  -0.00230344
1.01184  1.01194  1.01189  -0.00229544
1.00728  1.00738  1.00733  -0.00228749
1.00274  1.00284  1.00279  -0.00227959
0.998225  0.998325  0.998275  -0.00227168
0.993726  0.993826  0.993776  -0.00226388
0.989246  0.989345  0.989295  -0.00225607
0.984785  0.984884  0.984834  -0.00224826
0.980343  0.980441  0.980392  -0.0022405
0.975919  0.976017  0.975968  -0.0022328
0.971515  0.971612  0.971563  -0.00222514
0.967129  0.967226  0.967177  -0.00221748
0.962761  0.962858  0.962809  -0.00220986
0.958412  0.958508  0.95846  -0.0022023
0.954081  0.954177  0.954129  -0.00219474
0.949768  0.949864  0.949816  -0.00218723
0.945474  0.945569  0.945521  -0.00217976
0.941198  0.941292  0.941245  -0.0021723
0.936939  0.937033  0.936986  -0.00216488
0.932699  0.932792  0.932745  -0.00215751
0.928476  0.928569  0.928522  -0.00215015
0.924271  0.924364  0.924317  -0.00214283
0.920084  0.920176  0.92013  -0.00213556
0.915914  0.916006  0.91596  -0.00212829
0.911762  0.911853  0.911807  -0.00212102
0.907627  0.907718  0.907672  -0.00211385
0.903509  0.9036  0.903554  -0.00210667
0.899409  0.899499  0.899454  -0.0020995
0.895326  0.895416  0.89537  -0.00209243
0.891259  0.891349  0.891304  -0.00208535
0.88721  0.887299  0.887254  -0.00207828
0.883178  0.883267  0.883222  -0.00207125
0.879162  0.879251  0.879206  -0.00206427
0.875164  0.875252  0.875207  -0.0020573
0.871181  0.871269  0.871225  -0.00205037
0.867216  0.867303  0.867259  -0.00204344
0.863267  0.863354  0.86331  -0.00203656
0.859334  0.859421  0.859377  -0.00202973
0.855418  0.855504  0.855461  -0.0020229
0.851518  0.851604  0.85156  -0.00201607
0.847634  0.847719  0.847676  -0.00200934
0.843766  0.843851  0.843808  -0.0020026
0.839915  0.839999  0.839957  -0.00199587
0.836079  0.836163  0.836121  -0.00198919
0.832259  0.832343  0.832301  -0.0019825
0.828455  0.828539  0.828496  -0.00197591
0.824667  0.82475  0.824708  -0.00196928
0.820894  0.820977  0.820935  -0.00196269
0.817137  0.81722  0.817178  -0.00195615
0.813396  0.813478  0.813436  -0.00194962
0.80967  0.809751  0.80971  -0.00194313
0.805959  0.80604  0.805999  -0.00193664
0.802264  0.802345  0.802304  -0.0019302
0.798584  0.798664  0.798624  -0.00192381
0.794919  0.794999  0.794959  -0.00191741
0.791269  0.791349  0.791308  -0.00191102
0.787634  0.787714  0.787674  -0.00190468
0.784014  0.784094  0.784054  -0.00189834
0.780409  0.780488  0.780448  -0.00189204
0.776819  0.776898  0.776858  -0.0018858
0.773244  0.773322  0.773283  -0.00187955
0.769683  0.769761  0.769722  -0.00187331
0.766137  0.766215  0.766176  -0.00186711
0.762606  0.762683  0.762644  -0.00186096
0.759089  0.759166  0.759127  -0.00185482
0.755586  0.755663  0.755624  -0.00184867
0.752098  0.752174  0.752136  -0.00184257
0.748624  0.7487  0.748662  -0.00183652
0.745165  0.74524  0.745202  -0.00183047
0.741719  0.741794  0.741756  -0.00182442
0.738288  0.738363  0.738325  -0.00181842
0.73487  0.734945  0.734907  -0.00181242
0.731467  0.731541  0.731504  -0.00180647
0.728077  0.728152  0.728114  -0.00180051
0.724702  0.724776  0.724738  -0.00179461
0.72134  0.721414  0.721376  -0.00178871
0.717992  0.718065  0.718028  -0.00178285
0.714658  0.71473  0.714694  -0.001777
0.711337  0.711409  0.711373  -0.00177119
0.70803  0.708102  0.708065  -0.00176538
0.704736  0.704808  0.704771  -0.00175963
0.701456  0.701527  0.701491  -0.00175387
0.698189  0.69826  0.698224  -0.00174811
0.694935  0.695006  0.69497  -0.0017424
0.691695  0.691765  0.691729  -0.0017367
0.688467  0.688538  0.688502  -0.00173104
0.685253  0.685323  0.685288  -0.00172538
0.682052  0.682122  0.682087  -0.00171976
0.678864  0.678934  0.678899  -0.00171415
0.675689  0.675759  0.675724  -0.00170854
0.672527  0.672596  0.672561  -0.00170298
0.669378  0.669447  0.669412  -0.00169742
0.666242  0.66631  0.666275  -0.00169191
0.663118  0.663186  0.663151  -0.00168639
0.660007  0.660075  0.66004  -0.00168093
0.656908  0.656976  0.656942  -0.00167546
0.653823  0.65389  0.653856  -0.00167
0.650749  0.650816  0.650782  -0.00166458
0.647688  0.647755  0.647721  -0.00165917
0.64464  0.644707  0.644673  -0.0016538
0.641604  0.64167  0.641637  -0.00164843
0.63858  0.638646  0.638613  -0.00164307
0.635569  0.635634  0.635601  -0.00163775
0.632569  0.632635  0.632602  -0.00163248
0.629582  0.629647  0.629614  -0.00162716
0.626607  0.626672  0.626639  -0.00162189
0.623644  0.623709  0.623676  -0.00161667
0.620693  0.620758  0.620725  -0.0016114
0.617754  0.617818  0.617786  -0.00160623
0.614827  0.614891  0.614858  -0.00160101
0.611912  0.611975  0.611943  -0.00159584
0.609008  0.609071  0.609039  -0.00159067
0.606116  0.606179  0.606147  -0.00158554
0.603236  0.603299  0.603267  -0.00158042
0.600368  0.60043  0.600398  -0.00157535
0.597511  0.597573  0.597541  -0.00157022
0.594665  0.594727  0.594696  -0.0015652
0.591831  0.591893  0.591862  -0.00156012
0.589009  0.589071  0.589039  -0.0015551
0.586198  0.586259  0.586228  -0.00155007
0.583398  0.583459  0.583428  -0.0015451
0.58061  0.580671  0.58064  -0.00154012
0.577833  0.577894  0.577863  -0.00153514
0.575067  0.575127  0.575097  -0.00153021
0.572312  0.572372  0.572342  -0.00152529
0.569569  0.569629  0.569598  -0.00152036
0.566836  0.566896  0.566865  -0.00151548
0.564114  0.564174  0.564144  -0.0015106
0.561404  0.561463  0.561433  -0.00150577
0.558704  0.558763  0.558733  -0.00150089
0.556016  0.556074  0.556044  -0.00149611
0.553338  0.553396  0.553366  -0.00149128
0.550671  0.550729  0.550699  -0.0014865
0.548014  0.548072  0.548043  -0.00148172
0.545369  0.545426  0.545397  -0.00147693
0.542733  0.542791  0.542762  -0.0014722
0.540109  0.540167  0.540137  -0.00146747
0.537495  0.537553  0.537524  -0.00146279
0.534892  0.534949  0.53492  -0.0014581
0.532299  0.532356  0.532327  -0.00145342
0.529717  0.529774  0.529745  -0.00144873
0.527145  0.527201  0.527173  -0.0014441
0.524583  0.52464  0.524611  -0.00143946
0.522032  0.522088  0.52206  -0.00143483
0.519491  0.519547  0.519519  -0.00143024
0.516961  0.517016  0.516988  -0.00142566
0.51444  0.514495  0.514467  -0.00142107
0.51193  0.511985  0.511957  -0.00141653
0.509429  0.509484  0.509456  -0.00141199
0.506939  0.506994  0.506966  -0.00140746
0.504459  0.504513  0.504486  -0.00140297
0.501989  0.502043  0.502015  -0.00139848
0.499529  0.499583  0.499555  -0.00139399
0.497078  0.497132  0.497105  -0.0013895
0.494638  0.494691  0.494664  -0.00138506
0.492207  0.492261  0.492233  -0.00138062
0.489786  0.48984  0.489812  -0.00137623
0.487375  0.487428  0.487401  -0.00137179
0.484974  0.485027  0.485  -0.0013674
0.482582  0.482635  0.482608  -0.00136301
0.4802  0.480253  0.480226  -0.00135867
0.477828  0.47788  0.477853  -0.00135432
0.475465  0.475517  0.47549  -0.00134998
0.473111  0.473163  0.473137  -0.00134564
0.470768  0.470819  0.470793  -0.00134135
0.468433  0.468484  0.468458  -0.00133705
0.466108  0.466159  0.466133  -0.00133276
0.463792  0.463843  0.463817  -0.00132851
0.461486  0.461537  0.461511  -0.00132422
0.459189  0.45924  0.459214  -0.00131998
0.456901  0.456952  0.456926  -0.00131578
0.454623  0.454673  0.454647  -0.00131154
0.452353  0.452403  0.452378  -0.00130734
0.450093  0.450143  0.450118  -0.00130314
0.447842  0.447892  0.447866  -0.001299
0.4456  0.44565  0.445624  -0.00129485
0.443367  0.443416  0.443391  -0.00129065
0.441143  0.441192  0.441167  -0.00128655
0.438928  0.438977  0.438952  -0.00128241
0.436722  0.436771  0.436746  -0.00127831
0.434525  0.434574  0.434549  -0.00127421
0.432337  0.432385  0.43236  -0.00127011
0.430157  0.430206  0.430181  -0.00126606
0.427987  0.428035  0.42801  -0.00126196
0.425825  0.425873  0.425848  -0.00125791
0.423672  0.423719  0.423695  -0.00125391
0.421527  0.421575  0.421551  -0.00124986
0.419392  0.419439  0.419415  -0.00124586
0.417264  0.417312  0.417288  -0.00124186
0.415146  0.415193  0.415169  -0.00123786
0.413036  0.413083  0.413059  -0.00123391
0.410935  0.410981  0.410957  -0.00122996
0.408842  0.408888  0.408864  -0.00122601
0.406757  0.406803  0.40678  -0.00122205
0.404681  0.404727  0.404704  -0.0012181
0.402614  0.40266  0.402636  -0.0012142
0.400554  0.4006  0.400577  -0.0012103
0.398504  0.398549  0.398526  -0.00120639
0.396461  0.396506  0.396483  -0.00120254
0.394427  0.394472  0.394449  -0.00119868
0.392401  0.392446  0.392423  -0.00119478
0.390383  0.390428  0.390405  -0.00119097
0.388373  0.388418  0.388395  -0.00118712
0.386372  0.386416  0.386393  -0.00118331
0.384378  0.384423  0.3844  -0.00117946
0.382393  0.382437  0.382415  -0.0011757
0.380416  0.38046  0.380437  -0.0011719
0.378447  0.378491  0.378468  -0.00116809
0.376485  0.376529  0.376507  -0.00116433
0.374532  0.374576  0.374554  -0.00116058
0.372587  0.37263  0.372608  -0.00115682
0.37065  0.370693  0.370671  -0.00115311
0.36872  0.368763  0.368741  -0.00114936
0.366799  0.366841  0.36682  -0.00114565
0.364885  0.364928  0.364906  -0.00114194
0.362979  0.363021  0.363  -0.00113828
0.36108  0.361123  0.361101  -0.00113457
0.35919  0.359232  0.359211  -0.00113091
0.357307  0.357349  0.357328  -0.00112725
0.355432  0.355474  0.355453  -0.00112359
0.353565  0.353606  0.353585  -0.00111994
0.351705  0.351747  0.351725  -0.00111632
0.349853  0.349894  0.349873  -0.00111271
0.348008  0.348049  0.348028  -0.0011091
0.346171  0.346212  0.346191  -0.00110549
0.344341  0.344382  0.344361  -0.00110188
0.342519  0.34256  0.342539  -0.00109832
0.340704  0.340745  0.340724  -0.00109476
0.338897  0.338938  0.338917  -0.0010912
0.337097  0.337138  0.337117  -0.00108764
0.335305  0.335345  0.335324  -0.00108407
0.33352  0.33356  0.333539  -0.00108056
0.331742  0.331782  0.331761  -0.00107705
0.329971  0.330011  0.329991  -0.00107354
0.328208  0.328248  0.328227  -0.00107002
0.326452  0.326492  0.326471  -0.00106651
0.324703  0.324743  0.324722  -0.00106305
0.322961  0.323001  0.322981  -0.00105958
0.321227  0.321266  0.321246  -0.00105612
0.3195  0.319539  0.319519  -0.00105265
0.317779  0.317818  0.317798  -0.00104919
0.316066  0.316105  0.316085  -0.00104577
0.31436  0.314399  0.314379  -0.00104236
0.312661  0.3127  0.31268  -0.00103894
0.310969  0.311008  0.310988  -0.00103553
0.309284  0.309322  0.309303  -0.00103211
0.307606  0.307644  0.307625  -0.00102875
0.305935  0.305973  0.305953  -0.00102533
0.304271  0.304308  0.304289  -0.00102196
0.302613  0.302651  0.302632  -0.0010186
0.300963  0.301  0.300981  -0.00101523
0.299319  0.299356  0.299337  -0.00101191
0.297682  0.297719  0.2977  -0.00100855
0.296052  0.296089  0.29607  -0.00100523
0.294429  0.294466  0.294447  -0.00100191
0.292812  0.292849  0.29283  -0.000998594
0.291202  0.291239  0.29122  -0.000995325
0.289599  0.289636  0.289617  -0.000992007
0.288003  0.288039  0.28802  -0.000988738
0.286413  0.286449  0.28643  -0.000985469
0.28483  0.284866  0.284847  -0.0009822
0.283253  0.283289  0.28327  -0.000978931
0.281683  0.281719  0.2817  -0.000975662
0.280119  0.280155  0.280137  -0.000972442
0.278562  0.278598  0.278579  -0.000969173
0.277012  0.277047  0.277029  -0.000965953
0.275468  0.275503  0.275485  -0.000962733
0.27393  0.273965  0.273947  -0.000959512
0.272399  0.272434  0.272416  -0.000956341
0.270874  0.270909  0.270891  -0.000953121
0.269356  0.269391  0.269373  -0.00094995
0.267844  0.267878  0.267861  -0.000946778
0.266338  0.266373  0.266355  -0.000943607
0.264839  0.264873  0.264855  -0.000940435
0.263346  0.26338  0.263362  -0.000937264
0.261859  0.261893  0.261876  -0.000934141
0.260378  0.260413  0.260395  -0.00093097
0.258904  0.258938  0.258921  -0.000927847
0.257436  0.25747  0.257453  -0.000924725
0.255974  0.256008  0.255991  -0.000921602
0.254519  0.254552  0.254535  -0.000918528
0.253069  0.253102  0.253085  -0.000915406
0.251626  0.251659  0.251642  -0.000912332
0.250188  0.250221  0.250204  -0.000909258
0.248757  0.24879  0.248773  -0.000906185
0.247332  0.247365  0.247348  -0.000903111
0.245913  0.245945  0.245929  -0.000900037
0.2445  0.244532  0.244515  -0.000896963
0.243092  0.243125  0.243108  -0.000893938
0.241691  0.241724  0.241707  -0.000890864
0.240296  0.240328  0.240312  -0.000887839
0.238907  0.238939  0.238922  -0.000884814
0.237523  0.237556  0.237539  -0.000881789
0.236146  0.236178  0.236162  -0.000878813
0.234774  0.234806  0.23479  -0.000875788
0.233409  0.233441  0.233424  -0.000872812
0.232049  0.232081  0.232064  -0.000869787
0.230695  0.230726  0.23071  -0.000866811
0.229347  0.229378  0.229362  -0.000863834
0.228004  0.228035  0.228019  -0.000860907
0.226667  0.226699  0.226682  -0.000857931
0.225336  0.225367  0.225351  -0.000854955
0.224011  0.224042  0.224026  -0.000852027
0.222692  0.222722  0.222707  -0.0008491
0.221378  0.221408  0.221393  -0.000846172
0.220069  0.2201  0.220084  -0.000843245
0.218767  0.218797  0.218782  -0.000840317
0.21747  0.2175  0.217485  -0.00083739
0.216179  0.216209  0.216193  -0.000834463
0.214893  0.214923  0.214907  -0.000831584
0.213613  0.213643  0.213627  -0.000828705
0.212338  0.212368  0.212352  -0.000825827
0.211069  0.211099  0.211083  -0.000822948
0.209805  0.209835  0.209819  -0.000820069
0.208547  0.208577  0.208561  -0.000817191
0.207294  0.207324  0.207309  -0.000814312
0.206047  0.206076  0.206061  -0.000811482
0.204805  0.204835  0.204819  -0.000808652
0.203569  0.203598  0.203583  -0.000805774
0.202338  0.202367  0.202352  -0.000802944
0.201112  0.201141  0.201126  -0.000800114
0.199892  0.199921  0.199906  -0.000797284
0.198677  0.198706  0.198691  -0.000794503
0.197468  0.197496  0.197481  -0.000791673
0.196263  0.196292  0.196277  -0.000788892
0.195064  0.195093  0.195078  -0.000786111
0.193871  0.193899  0.193884  -0.000783281
0.192682  0.19271  0.192696  -0.0007805
0.191499  0.191527  0.191513  -0.000777719
0.190321  0.190349  0.190334  -0.000774987
0.189148  0.189176  0.189162  -0.000772206
0.187981  0.188008  0.187994  -0.000769425
0.186818  0.186846  0.186832  -0.000766693
0.185661  0.185688  0.185674  -0.00076396
0.184509  0.184536  0.184522  -0.000761228
0.183362  0.183389  0.183375  -0.000758496
0.18222  0.182247  0.182233  -0.000755764
0.181083  0.18111  0.181096  -0.000753031
0.179951  0.179978  0.179964  -0.000750299
0.178824  0.178851  0.178837  -0.000747616
0.177703  0.17773  0.177716  -0.000744883
0.176586  0.176613  0.176599  -0.0007422
0.175474  0.175501  0.175487  -0.000739516
0.174368  0.174394  0.17438  -0.000736833
0.173266  0.173292  0.173279  -0.000734149
0.172169  0.172195  0.172182  -0.000731466
0.171077  0.171103  0.17109  -0.000728783
0.16999  0.170016  0.170003  -0.000726148
0.168908  0.168934  0.168921  -0.000723464
0.167831  0.167857  0.167844  -0.00072083
0.166759  0.166785  0.166771  -0.000718195
0.165691  0.165717  0.165704  -0.00071556
0.164629  0.164654  0.164641  -0.000712926
0.163571  0.163597  0.163583  -0.000710291
0.162518  0.162543  0.16253  -0.000707656
0.16147  0.161495  0.161482  -0.000705022
0.160426  0.160452  0.160439  -0.000702436
0.159388  0.159413  0.1594  -0.000699801
0.158354  0.158379  0.158366  -0.000697215
0.157325  0.15735  0.157337  -0.000694629
0.1563  0.156325  0.156312  -0.000692043
0.15528  0.155305  0.155292  -0.000689457
0.154265  0.15429  0.154277  -0.000686872
0.153255  0.15328  0.153267  -0.000684286
0.152249  0.152274  0.152261  -0.0006817
0.151248  0.151272  0.15126  -0.000679163
0.150252  0.150276  0.150263  -0.000676577
0.14926  0.149284  0.149271  -0.00067404
0.148272  0.148296  0.148284  -0.000671503
0.14729  0.147314  0.147301  -0.000668965
0.146311  0.146335  0.146323  -0.000666428
0.145338  0.145361  0.145349  -0.000663891
0.144369  0.144392  0.14438  -0.000661354
0.143404  0.143428  0.143415  -0.000658817
0.142444  0.142467  0.142455  -0.000656329
0.141488  0.141512  0.141499  -0.000653792
0.140537  0.14056  0.140548  -0.000651303
0.13959  0.139614  0.139601  -0.000648815
0.138648  0.138671  0.138659  -0.000646327
0.13771  0.137733  0.137721  -0.000643838
0.136777  0.1368  0.136788  -0.00064135
0.135848  0.135871  0.135859  -0.000638862
0.134923  0.134946  0.134934  -0.000636373
0.134003  0.134026  0.134014  -0.000633934
0.133087  0.13311  0.133098  -0.000631446
0.132176  0.132198  0.132186  -0.000629006
0.131269  0.131291  0.131279  -0.000626518
0.130366  0.130388  0.130376  -0.000624078
0.129467  0.129489  0.129478  -0.000621639
0.128573  0.128595  0.128583  -0.000619199
0.127683  0.127705  0.127693  -0.00061676
0.126797  0.126819  0.126807  -0.00061432
0.125916  0.125937  0.125926  -0.000611881
0.125038  0.12506  0.125049  -0.00060949
0.124165  0.124187  0.124175  -0.00060705
0.123296  0.123318  0.123307  -0.00060466
0.122432  0.122453  0.122442  -0.000602269
0.121571  0.121593  0.121581  -0.000599829
0.120715  0.120736  0.120725  -0.000597439
0.119863  0.119884  0.119873  -0.000595048
0.119015  0.119036  0.119025  -0.000592657
0.118171  0.118192  0.118181  -0.000590315
0.117331  0.117352  0.117341  -0.000587925
0.116495  0.116516  0.116505  -0.000585534
0.115664  0.115685  0.115674  -0.000583192
0.114836  0.114857  0.114846  -0.000580801
0.114013  0.114033  0.114022  -0.000578459
0.113193  0.113214  0.113203  -0.000576117
0.112378  0.112398  0.112388  -0.000573727
0.111567  0.111587  0.111576  -0.000571385
0.110759  0.110779  0.110769  -0.000569043
0.109956  0.109976  0.109965  -0.00056675
0.109156  0.109177  0.109166  -0.000564408
0.108361  0.108381  0.10837  -0.000562066
0.10757  0.10759  0.107579  -0.000559724
0.106782  0.106802  0.106791  -0.000557431
0.105998  0.106018  0.106008  -0.000555137
0.105219  0.105239  0.105228  -0.000552795
0.104443  0.104463  0.104452  -0.000550502
0.103671  0.103691  0.10368  -0.000548209
0.102903  0.102923  0.102912  -0.000545916
0.102139  0.102159  0.102148  -0.000543623
0.101379  0.101398  0.101388  -0.00054133
0.100622  0.100642  0.100632  -0.000539037
0.0998699  0.099889  0.0998789  -0.000536792
0.0991212  0.0991402  0.0991301  -0.000534499
0.0983762  0.0983952  0.0983851  -0.000532255
0.0976351  0.0976539  0.0976439  -0.000529962
0.0968977  0.0969165  0.0969065  -0.000527717
0.0961641  0.0961828  0.0961729  -0.000525473
0.0954343  0.0954529  0.095443  -0.000523228
0.0947082  0.0947268  0.0947169  -0.000520935
0.0939858  0.0940043  0.0939945  -0.00051874
0.0932672  0.0932856  0.0932758  -0.000516495
0.0925523  0.0925706  0.0925609  -0.000514251
0.0918411  0.0918593  0.0918496  -0.000512007
0.0911336  0.0911517  0.0911421  -0.000509811
0.0904297  0.0904478  0.0904382  -0.000507567
0.0897295  0.0897475  0.089738  -0.000505371
0.089033  0.0890509  0.0890414  -0.000503127
0.0883401  0.0883579  0.0883485  -0.000500931
0.0876509  0.0876686  0.0876592  -0.000498736
0.0869652  0.0869829  0.0869735  -0.00049654
0.0862832  0.0863008  0.0862914  -0.000494345
0.0856047  0.0856223  0.0856129  -0.000492149
0.0849299  0.0849473  0.084938  -0.000489953
0.0842586  0.0842759  0.0842667  -0.000487758
0.0835909  0.0836081  0.083599  -0.000485611
0.0829267  0.0829439  0.0829347  -0.000483416
0.0822661  0.0822832  0.0822741  -0.000481269
0.081609  0.081626  0.0816169  -0.000479073
0.0809554  0.0809723  0.0809633  -0.000476926
0.0803053  0.0803222  0.0803131  -0.00047478
0.0796587  0.0796755  0.0796665  -0.000472633
0.0790156  0.0790323  0.0790234  -0.000470486
0.078376  0.0783926  0.0783837  -0.000468339
0.0777398  0.0777563  0.0777475  -0.000466192
0.077107  0.0771235  0.0771147  -0.000464046
0.0764777  0.0764942  0.0764854  -0.000461899
0.0758519  0.0758682  0.0758594  -0.000459801
0.0752294  0.0752457  0.075237  -0.000457654
0.0746104  0.0746266  0.0746179  -0.000455556
0.0739947  0.0740108  0.0740022  -0.000453409
0.0733825  0.0733985  0.0733899  -0.000451311
0.0727735  0.0727895  0.0727809  -0.000449213
0.072168  0.0721839  0.0721753  -0.000447115
0.0715658  0.0715816  0.0715731  -0.000445017
0.0709669  0.0709827  0.0709743  -0.000442919
0.0703715  0.0703871  0.0703787  -0.000440821
0.0697792  0.0697948  0.0697865  -0.000438723
0.0691903  0.0692058  0.0691975  -0.000436625
0.0686047  0.0686202  0.0686119  -0.000434528
0.0680224  0.0680378  0.0680295  -0.000432478
0.0674434  0.0674587  0.0674505  -0.00043038
0.0668676  0.0668828  0.0668746  -0.000428331
0.0662951  0.0663102  0.0663021  -0.000426282
0.0657258  0.0657409  0.0657328  -0.000424184
0.0651598  0.0651748  0.0651667  -0.000422135
0.064597  0.0646119  0.0646038  -0.000420086
0.0640374  0.0640522  0.0640442  -0.000418036
0.063481  0.0634958  0.0634878  -0.000415987
0.0629278  0.0629425  0.0629345  -0.000413987
0.0623778  0.0623924  0.0623845  -0.000411938
0.0618309  0.0618454  0.0618376  -0.000409888
0.0612872  0.0613017  0.0612938  -0.000407888
0.0607467  0.0607611  0.0607533  -0.000405839
0.0602093  0.0602236  0.0602159  -0.000403838
0.059675  0.0596893  0.0596816  -0.000401789
0.0591438  0.059158  0.0591504  -0.000399789
0.0586158  0.0586299  0.0586223  -0.000397788
0.0580909  0.0581049  0.0580973  -0.000395788
0.057569  0.057583  0.0575754  -0.000393788
0.0570503  0.0570642  0.0570566  -0.000391787
0.0565346  0.0565484  0.0565409  -0.000389787
0.0560219  0.0560357  0.0560282  -0.000387786
0.0555124  0.055526  0.0555186  -0.000385786
0.0550058  0.0550194  0.055012  -0.000383834
0.0545023  0.0545158  0.0545085  -0.000381834
0.0540018  0.0540153  0.054008  -0.000379882
0.0535044  0.0535177  0.0535105  -0.000377882
0.0530099  0.0530232  0.053016  -0.00037593
0.0525184  0.0525316  0.0525244  -0.000373979
0.0520299  0.052043  0.0520359  -0.000371978
0.0515443  0.0515575  0.0515503  -0.000370027
0.0510618  0.0510748  0.0510677  -0.000368075
0.0505822  0.0505951  0.0505881  -0.000366123
0.0501055  0.0501184  0.0501113  -0.000364221
0.0496317  0.0496445  0.0496376  -0.000362269
0.0491609  0.0491737  0.0491667  -0.000360317
0.048693  0.0487057  0.0486987  -0.000358414
0.048228  0.0482406  0.0482337  -0.000356463
0.0477659  0.0477785  0.0477716  -0.00035456
0.0473067  0.0473191  0.0473123  -0.000352608
0.0468503  0.0468627  0.0468559  -0.000350706
0.0463968  0.0464092  0.0464024  -0.000348803
0.0459462  0.0459585  0.0459517  -0.000346851
0.0454984  0.0455106  0.0455039  -0.000344948
0.0450535  0.0450656  0.045059  -0.000343045
0.0446114  0.0446234  0.0446168  -0.000341143
0.0441721  0.0441841  0.0441775  -0.000339289
0.0437356  0.0437475  0.043741  -0.000337386
0.0433019  0.0433137  0.0433073  -0.000335483
0.042871  0.0428828  0.0428763  -0.000333629
0.0424429  0.0424546  0.0424482  -0.000331726
0.0420175  0.0420292  0.0420228  -0.000329872
0.041595  0.0416066  0.0416002  -0.000327969
0.0411751  0.0411867  0.0411803  -0.000326115
0.0407581  0.0407695  0.0407632  -0.000324261
0.0403437  0.0403551  0.0403488  -0.000322407
0.0399321  0.0399434  0.0399372  -0.000320504
0.0395232  0.0395344  0.0395282  -0.00031865
0.039117  0.0391282  0.039122  -0.000316845
0.0387135  0.0387246  0.0387185  -0.000314991
0.0383127  0.0383238  0.0383176  -0.000313137
0.0379145  0.0379255  0.0379194  -0.000311283
0.0375191  0.03753  0.037524  -0.000309478
0.0371263  0.0371372  0.0371311  -0.000307624
0.0367361  0.0367469  0.0367409  -0.000305818
0.0363486  0.0363594  0.0363534  -0.000303964
0.0359638  0.0359744  0.0359685  -0.000302159
0.0355815  0.0355922  0.0355863  -0.000300354
0.0352019  0.0352125  0.0352066  -0.000298549
0.0348249  0.0348354  0.0348295  -0.000296743
0.0344505  0.0344609  0.0344551  -0.000294938
0.0340786  0.034089  0.0340832  -0.000293133
0.0337094  0.0337197  0.033714  -0.000291328
0.0333427  0.033353  0.0333473  -0.000289522
0.0329786  0.0329888  0.0329831  -0.000287766
0.0326171  0.0326272  0.0326215  -0.000285961
0.0322581  0.0322681  0.0322625  -0.000284155
0.0319016  0.0319116  0.031906  -0.000282399
0.0315476  0.0315575  0.031552  -0.000280643
0.0311962  0.0312061  0.0312005  -0.000278837
0.0308473  0.0308571  0.0308516  -0.000277081
0.0305009  0.0305106  0.0305052  -0.000275324
0.030157  0.0301666  0.0301612  -0.000273568
0.0298155  0.0298251  0.0298198  -0.000271811
0.0294766  0.0294861  0.0294808  -0.000270055
0.0291401  0.0291496  0.0291442  -0.000268299
0.0288061  0.0288155  0.0288102  -0.000266591
0.0284745  0.0284838  0.0284786  -0.000264834
0.0281453  0.0281546  0.0281494  -0.000263078
0.0278186  0.0278279  0.0278226  -0.00026137
0.0274943  0.0275035  0.0274983  -0.000259614
0.0271725  0.0271816  0.0271764  -0.000257906
0.026853  0.0268621  0.0268569  -0.000256199
0.0265359  0.0265449  0.0265398  -0.000254491
0.0262212  0.0262302  0.0262251  -0.000252734
0.0259089  0.0259178  0.0259128  -0.000251027
0.025599  0.0256078  0.0256028  -0.000249319
0.0252914  0.0253002  0.0252952  -0.00024766
0.0249863  0.0249949  0.02499  -0.000245953
0.0246834  0.024692  0.0246871  -0.000244245
0.0243829  0.0243914  0.0243866  -0.000242537
0.0240847  0.0240931  0.0240883  -0.000240878
0.0237888  0.0237972  0.0237925  -0.000239171
0.0234952  0.0235036  0.0234988  -0.000237512
0.023204  0.0232123  0.0232076  -0.000235853
0.022915  0.0229233  0.0229186  -0.000234145
0.0226284  0.0226366  0.0226319  -0.000232486
0.022344  0.0223521  0.0223474  -0.000230827
0.0220619  0.0220699  0.0220653  -0.000229169
0.021782  0.02179  0.0217854  -0.00022751
0.0215044  0.0215123  0.0215077  -0.000225851
0.021229  0.0212369  0.0212324  -0.000224241
0.0209559  0.0209637  0.0209592  -0.000222582
0.020685  0.0206928  0.0206883  -0.000220923
0.0204163  0.020424  0.0204196  -0.000219313
0.0201499  0.0201575  0.0201531  -0.000217654
0.0198856  0.0198932  0.0198888  -0.000216044
0.0196235  0.0196311  0.0196267  -0.000214434
0.0193637  0.0193711  0.0193668  -0.000212824
0.0191059  0.0191134  0.0191091  -0.000211165
0.0188504  0.0188578  0.0188535  -0.000209555
0.0185971  0.0186044  0.0186001  -0.000207945
0.0183458  0.0183531  0.0183489  -0.000206383
0.0180968  0.018104  0.0180998  -0.000204773
0.0178498  0.017857  0.0178529  -0.000203163
0.017605  0.0176121  0.017608  -0.000201553
0.0173624  0.0173694  0.0173653  -0.000199992
0.0171218  0.0171288  0.0171247  -0.000198382
0.0168833  0.0168903  0.0168862  -0.000196821
0.016647  0.0166538  0.0166498  -0.000195259
0.0164127  0.0164195  0.0164155  -0.000193698
0.0161805  0.0161872  0.0161833  -0.000192088
0.0159504  0.0159571  0.0159532  -0.000190527
0.0157223  0.0157289  0.0157251  -0.000188965
0.0154963  0.0155029  0.015499  -0.000187453
0.0152723  0.0152789  0.015275  -0.000185892
0.0150504  0.0150569  0.0150531  -0.00018433
0.0148305  0.0148369  0.0148332  -0.000182769
0.0146126  0.014619  0.0146153  -0.000181256
0.0143968  0.0144031  0.0143994  -0.000179695
0.0141829  0.0141892  0.0141855  -0.000178183
0.0139711  0.0139773  0.0139736  -0.00017667
0.0137612  0.0137674  0.0137637  -0.000175158
0.0135533  0.0135594  0.0135558  -0.000173645
0.0133474  0.0133535  0.0133499  -0.000172084
0.0131435  0.0131495  0.0131459  -0.00017062
0.0129415  0.0129475  0.0129439  -0.000169108
0.0127415  0.0127474  0.0127439  -0.000167595
0.0125434  0.0125492  0.0125457  -0.000166083
0.0123472  0.012353  0.0123495  -0.000164619
0.012153  0.0121587  0.0121553  -0.000163106
0.0119607  0.0119663  0.011963  -0.000161643
0.0117703  0.0117759  0.0117725  -0.00016013
0.0115818  0.0115873  0.011584  -0.000158666
0.0113951  0.0114007  0.0113973  -0.000157203
0.0112104  0.0112159  0.0112126  -0.000155739
0.0110276  0.011033  0.0110297  -0.000154275
0.0108466  0.0108519  0.0108487  -0.000152812
0.0106675  0.0106728  0.0106695  -0.000151348
0.0104902  0.0104955  0.0104923  -0.000149933
0.0103148  0.01032  0.0103168  -0.000148469
0.0101412  0.0101463  0.0101432  -0.000147006
0.0099694  0.00997452  0.0099714  -0.000145591
0.00979946  0.00980448  0.00980146  -0.000144176
0.00963133  0.0096363  0.00963328  -0.000142712
0.009465  0.00946993  0.0094669  -0.000141297
0.00930048  0.00930536  0.00930238  -0.000139882
0.00913771  0.00914254  0.00913962  -0.000138467
0.00897675  0.00898154  0.00897861  -0.000137052
0.00881755  0.00882228  0.00881941  -0.000135686
0.00866015  0.00866484  0.00866191  -0.000134271
0.00850446  0.0085091  0.00850622  -0.000132856
0.00835053  0.00835512  0.00835229  -0.00013149
0.00819835  0.00820289  0.00820006  -0.000130075
0.00804788  0.00805237  0.00804959  -0.000128709
0.00789912  0.00790356  0.00790083  -0.000127343
0.00775212  0.00775651  0.00775377  -0.000125977
0.00760682  0.00761111  0.00760843  -0.000124611
0.00746318  0.00746747  0.00746479  -0.000123245
0.00732125  0.00732549  0.00732286  -0.000121878
0.00718102  0.00718517  0.00718258  -0.000120512
0.00704246  0.00704656  0.00704397  -0.000119195
0.00690555  0.0069096  0.00690702  -0.000117829
0.00677026  0.00677431  0.00677177  -0.000116512
0.00663667  0.00664067  0.00663813  -0.000115145
0.00650474  0.00650869  0.00650615  -0.000113828
0.00637442  0.00637827  0.00637583  -0.000112511
0.00624571  0.00624957  0.00624708  -0.000111193
0.00611861  0.00612242  0.00611998  -0.000109876
0.00599312  0.00599688  0.00599449  -0.000108559
0.00586929  0.005873  0.00587061  -0.000107241
0.00574698  0.00575063  0.00574829  -0.000105973
0.00562632  0.00562993  0.00562758  -0.000104655
0.00550717  0.00551073  0.00550844  -0.000103387
0.00538963  0.00539315  0.00539085  -0.00010207
0.00527361  0.00527712  0.00527483  -0.000100801
0.0051592  0.00516261  0.00516037  -9.95325e-05
0.0050463  0.00504966  0.00504747  -9.82639e-05
0.00493491  0.00493827  0.00493608  -9.69954e-05
0.00482508  0.0048284  0.0048262  -9.57268e-05
0.00471677  0.00472003  0.00471789  -9.44583e-05
0.00460996  0.00461313  0.00461104  -9.32385e-05
0.00450462  0.0045078  0.0045057  -9.19699e-05
0.00440085  0.00440397  0.00440187  -9.07502e-05
0.00429849  0.00430156  0.00429951  -8.95304e-05
0.00419764  0.00420066  0.00419866  -8.82619e-05
0.00409825  0.00410123  0.00409927  -8.70421e-05
0.00400033  0.0040033  0.0040013  -8.58224e-05
0.00390387  0.00390675  0.0039048  -8.46514e-05
0.00380882  0.0038117  0.00380975  -8.34316e-05
0.00371524  0.00371807  0.00371617  -8.22119e-05
0.00362308  0.00362586  0.00362396  -8.10409e-05
0.00353233  0.00353506  0.00353321  -7.98211e-05
0.00344299  0.00344568  0.00344382  -7.86502e-05
0.00335502  0.00335766  0.00335585  -7.74792e-05
0.00326852  0.00327111  0.0032693  -7.63082e-05
0.00318333  0.00318587  0.00318411  -7.51373e-05
0.00309956  0.00310205  0.00310029  -7.39663e-05
0.0030171  0.00301959  0.00301788  -7.27953e-05
0.00293606  0.0029385  0.00293679  -7.16731e-05
0.00285634  0.00285873  0.00285707  -7.05022e-05
0.00277798  0.00278032  0.00277866  -6.938e-05
0.00270094  0.00270323  0.00270162  -6.82578e-05
0.00262522  0.00262746  0.00262585  -6.71356e-05
0.00255081  0.00255306  0.00255145  -6.60134e-05
0.00247772  0.00247992  0.00247836  -6.48913e-05
0.0024059  0.00240805  0.00240654  -6.37691e-05
0.0023354  0.0023375  0.00233599  -6.26957e-05
0.00226617  0.00226827  0.00226675  -6.15735e-05
0.00219825  0.00220025  0.00219879  -6.05001e-05
0.00213156  0.00213351  0.00213204  -5.94267e-05
0.00206608  0.00206803  0.00206662  -5.83046e-05
0.00200192  0.00200382  0.00200241  -5.72312e-05
0.00193893  0.00194079  0.00193942  -5.62066e-05
0.00187721  0.00187902  0.00187765  -5.51332e-05
0.00181666  0.00181847  0.00181715  -5.40598e-05
0.00175738  0.00175914  0.00175782  -5.30352e-05
0.00169927  0.00170098  0.00169966  -5.20106e-05
0.00164233  0.00164404  0.00164272  -5.09372e-05
0.00158662  0.00158827  0.00158701  -4.99126e-05
0.00153207  0.00153368  0.00153241  -4.8888e-05
0.00147864  0.00148025  0.00147898  -4.79122e-05
0.00142639  0.00142795  0.00142673  -4.68876e-05
0.0013753  0.00137682  0.0013756  -4.59118e-05
0.00132534  0.00132681  0.00132564  -4.48872e-05
0.0012765  0.00127792  0.0012768  -4.39114e-05
0.00122879  0.00123015  0.00122903  -4.29356e-05
0.00118214  0.00118351  0.00118239  -4.19598e-05
0.00113662  0.00113794  0.00113687  -4.0984e-05
0.00109222  0.00109349  0.00109242  -4.00569e-05
0.00104885  0.00105012  0.00104904  -3.90811e-05
0.00100655  0.00100777  0.00100674  -3.81541e-05
0.000965319  0.000966538  0.000965514  -3.72271e-05
0.000925164  0.000926335  0.00092531  -3.63001e-05
0.000886034  0.000887156  0.00088618  -3.53731e-05
0.00084788  0.000849002  0.000848026  -3.4446e-05
0.000810799  0.000811873  0.000810946  -3.35678e-05
0.000774743  0.000775768  0.000774841  -3.26408e-05
0.000739663  0.000740639  0.00073976  -3.17626e-05
0.000705558  0.000706534  0.000705656  -3.08843e-05
0.00067243  0.000673405  0.000672527  -3.00061e-05
0.000640277  0.000641204  0.000640374  -2.91279e-05
0.0006091  0.000609978  0.000609148  -2.82984e-05
0.00057885  0.000579728  0.000578898  -2.74202e-05
0.000549575  0.000550405  0.000549624  -2.65908e-05
0.000521179  0.00052196  0.000521228  -2.57613e-05
0.00049371  0.000494491  0.000493759  -2.49319e-05
0.000467168  0.0004679  0.000467168  -2.41513e-05
0.000441505  0.000442236  0.000441505  -2.33218e-05
0.000416719  0.000417402  0.000416719  -2.25412e-05
0.00039286  0.000393495  0.000392812  -2.17605e-05
0.000369783  0.000370417  0.000369734  -2.09799e-05
0.000347583  0.000348217  0.000347534  -2.01992e-05
0.000326262  0.000326798  0.000326164  -1.94674e-05
0.000305721  0.000306257  0.000305623  -1.86867e-05
0.000286009  0.000286497  0.000285912  -1.79549e-05
0.000267079  0.000267567  0.000266981  -1.7223e-05
0.000248978  0.000249417  0.00024888  -1.64912e-05
0.000231608  0.000232096  0.000231511  -1.58081e-05
0.000215068  0.000215459  0.000214971  -1.50762e-05
0.00019926  0.00019965  0.000199114  -1.43932e-05
0.000184184  0.000184525  0.000184037  -1.37101e-05
0.000169791  0.000170181  0.000169693  -1.30758e-05
0.000156178  0.00015652  0.000156032  -1.23928e-05
0.000143249  0.000143541  0.000143102  -1.17585e-05
0.000131002  0.000131295  0.000130856  -1.11242e-05
0.000119439  0.000119732  0.000119293  -1.04899e-05
0.000108559  0.000108803  0.000108412  -9.90446e-06
9.83127e-05  9.85567e-05  9.81663e-05  -9.31897e-06
8.8701e-05  8.88961e-05  8.85546e-05  -8.73349e-06
7.97236e-05  7.99187e-05  7.95284e-05  -8.148e-06
7.13316e-05  7.1478e-05  7.11364e-05  -7.61131e-06
6.35251e-05  6.36715e-05  6.333e-05  -7.07461e-06
5.63041e-05  5.64017e-05  5.6109e-05  -6.53792e-06
4.96199e-05  4.97174e-05  4.94247e-05  -6.00122e-06
4.34723e-05  4.35698e-05  4.32771e-05  -5.51332e-06
3.78614e-05  3.79589e-05  3.7715e-05  -5.02541e-06
3.27872e-05  3.2836e-05  3.2592e-05  -4.53751e-06
2.82009e-05  2.82497e-05  2.80057e-05  -4.0984e-06
2.40537e-05  2.41025e-05  2.39073e-05  -3.65928e-06
2.03944e-05  2.04432e-05  2.0248e-05  -3.26896e-06
1.71742e-05  1.71742e-05  1.69791e-05  -2.82984e-06
1.42956e-05  1.43444e-05  1.41492e-05  -2.48831e-06
1.18561e-05  1.18561e-05  1.17097e-05  -2.14678e-06
9.70929e-06  9.75808e-06  9.61171e-06  -1.85404e-06
7.90405e-06  7.90405e-06  7.80647e-06  -1.56129e-06
6.39155e-06  6.39155e-06  6.29396e-06  -1.31734e-06
5.12299e-06  5.12299e-06  5.02541e-06  -1.07339e-06
4.04961e-06  4.04961e-06  3.95202e-06  -8.78228e-07
3.17138e-06  3.17138e-06  3.12259e-06  -7.31856e-07
2.48831e-06  2.48831e-06  2.43952e-06  -5.85485e-07
1.90283e-06  1.90283e-06  1.85404e-06  -4.87904e-07
1.46371e-06  1.46371e-06  1.41492e-06  -3.90323e-07
