5e-07  0.475 0.5
1.53  0.008  4e-07
0.001135 0.626268  891.79  1423.97  100
9.09349e-07  3.43709e-11  1.13983e-16
2524  2010
0.97762  1.04151  0.933305  0.0084628
2.65655  2.77159  2.73428  0.0557925
4.20724  4.31538  4.24163  0.0649974
5.54027  5.63451  5.61634  0.117985
6.96792  7.06175  6.9794  0.107252
8.29159  8.34165  8.33533  0.145309
9.67824  9.73624  9.68008  0.144863
10.9621  10.9891  10.9853  0.164726
12.2657  12.3049  12.2704  0.178072
13.4965  13.5195  13.5062  0.178353
14.719  14.7406  14.7264  0.202242
15.8896  15.9107  15.8926  0.191117
17.0405  17.0459  17.0453  0.217977
18.1464  18.1673  18.1481  0.203495
19.2352  19.2297  19.2345  0.226482
20.2766  20.2952  20.2804  0.215049
21.3094  21.297  21.3021  0.230673
22.29  22.3035  22.296  0.224569
23.2691  23.2545  23.2562  0.232663
24.1948  24.2014  24.2018  0.231099
25.1211  25.1066  25.1051  0.234152
25.9984  25.9975  26.0045  0.234761
26.8722  26.8596  26.8556  0.235426
27.7062  27.6988  27.7099  0.23552
28.5291  28.5178  28.5137  0.236537
29.3232  29.3109  29.324  0.234531
30.0982  30.0876  30.0848  0.236802
30.8548  30.8396  30.8526  0.232533
31.5856  31.575  31.5744  0.236188
32.306  32.2892  32.3015  0.229994
32.9964  32.9845  32.9866  0.23444
33.6808  33.6638  33.675  0.227412
34.3346  34.3216  34.3255  0.231491
34.9843  34.9676  34.978  0.224786
35.6048  35.5904  35.5957  0.22775
36.2208  36.2043  36.2145  0.222055
36.8104  36.7948  36.8007  0.223532
37.394  37.3779  37.3882  0.219122
37.9545  37.9383  37.9443  0.219042
38.5079  38.4918  38.5025  0.215772
39.0406  39.0242  39.0299  0.214529
39.5657  39.5494  39.5605  0.21205
40.0717  40.0553  40.0608  0.210156
40.5704  40.5539  40.5652  0.207992
41.0507  41.0346  41.0401  0.205855
41.5248  41.508  41.5194  0.20368
41.9805  41.9648  41.9703  0.20161
42.4313  42.4145  42.4256  0.199186
42.8636  42.8485  42.8541  0.197262
43.2924  43.2755  43.2864  0.194647
43.7028  43.688  43.6939  0.192857
44.1104  44.0937  44.1042  0.190173
44.5  44.4855  44.4917  0.18834
44.8872  44.8711  44.881  0.185764
45.2573  45.2434  45.2497  0.183733
45.6255  45.6094  45.6193  0.181431
45.9772  45.9633  45.9696  0.179089
46.3266  46.3109  46.3203  0.177143
46.6608  46.6473  46.6536  0.174472
46.9922  46.977  46.9864  0.172901
47.3102  47.2968  47.3031  0.169937
47.6247  47.6099  47.6193  0.168657
47.927  47.9135  47.9198  0.165507
48.2253  48.2109  48.2199  0.164408
48.5123  48.4993  48.5056  0.161193
48.7958  48.7814  48.7904  0.160166
49.0681  49.0555  49.0613  0.156997
49.3372  49.3233  49.3318  0.155956
49.5955  49.5834  49.5893  0.1529
49.8507  49.8373  49.8458  0.1518
50.0961  50.084  50.0898  0.148874
50.3379  50.3249  50.3329  0.147718
50.5707  50.559  50.5648  0.144903
50.7999  50.7873  50.7954  0.143726
51.0205  51.0093  51.0151  0.140982
51.2381  51.2255  51.2331  0.139836
51.4471  51.4363  51.4417  0.137115
51.653  51.6409  51.6485  0.136041
51.8512  51.8405  51.8458  0.133308
52.0459  52.0342  52.0414  0.132331
52.2334  52.2231  52.2284  0.129574
52.4177  52.4065  52.4132  0.128697
52.5953  52.585  52.5904  0.125926
52.7694  52.7586  52.7653  0.125132
52.9376  52.9277  52.9326  0.122374
53.1017  53.0914  53.0977  0.121629
53.2605  53.2511  53.256  0.118916
53.4157  53.4058  53.4121  0.11819
53.5655  53.5566  53.5615  0.115551
53.7122  53.7023  53.7082  0.114816
53.8535  53.8445  53.8494  0.112271
53.9912  53.9822  53.9876  0.111516
54.1249  54.1159  54.1208  0.109069
54.2545  54.2455  54.2509  0.108294
54.3801  54.3715  54.376  0.105937
54.5021  54.4931  54.4985  0.105152
54.62  54.612  54.6164  0.102871
54.7344  54.7259  54.7313  0.102091
54.8452  54.8376  54.8416  0.0998706
54.9528  54.9443  54.9497  0.0991094
55.0565  55.0488  55.0533  0.0969358
55.1569  55.1493  55.1542  0.0962025
55.2543  55.2471  55.2511  0.0940692
55.3485  55.3408  55.3453  0.0933655
55.4391  55.4319  55.4359  0.0912731
55.527  55.5193  55.5238  0.0905935
55.6117  55.6046  55.6086  0.0885486
55.6934  55.6862  55.6907  0.0878848
55.7719  55.7656  55.7692  0.0858951
55.8477  55.8409  55.8454  0.0852376
55.9212  55.9145  55.9181  0.0833102
55.9912  55.9845  55.989  0.0826517
56.0589  56.0527  56.0562  0.0807912
56.124  56.1177  56.1213  0.0801274
56.1863  56.1805  56.1836  0.0783341
56.246  56.2397  56.2437  0.0776658
56.3034  56.298  56.3011  0.0759358
56.3581  56.3523  56.3559  0.0752666
56.411  56.4052  56.4088  0.073594
56.4608  56.455  56.4586  0.0729288
56.5088  56.5034  56.5066  0.0713074
56.5541  56.5487  56.5523  0.0706507
56.5976  56.5927  56.5958  0.069075
56.6389  56.6335  56.6367  0.0684305
56.6779  56.673  56.6761  0.0668965
56.7147  56.7098  56.7129  0.0662649
56.7497  56.7452  56.7479  0.0647726
56.7824  56.7775  56.7806  0.0641523
56.8134  56.8089  56.8116  0.0627018
56.8421  56.8376  56.8407  0.0620904
56.8694  56.865  56.8676  0.0606833
56.8946  56.8901  56.8928  0.0600778
56.9179  56.9138  56.9165  0.0587161
56.9394  56.9349  56.9376  0.0581141
56.9591  56.9551  56.9578  0.0567981
56.9771  56.9731  56.9757  0.0561989
56.9937  56.9897  56.9923  0.0549268
57.008  57.004  57.0067  0.0543307
57.0215  57.0175  57.0202  0.0531017
57.0327  57.0287  57.0314  0.0525097
57.0426  57.039  57.0412  0.0513202
57.0507  57.0471  57.0498  0.0507348
57.0578  57.0542  57.0565  0.0495816
57.0628  57.0596  57.0619  0.0490039
57.0672  57.0637  57.0659  0.0478848
57.069  57.0659  57.0681  0.0473165
57.0704  57.0672  57.0695  0.0462297
57.0699  57.0668  57.0686  0.0456704
57.0681  57.065  57.0672  0.0446151
57.065  57.0619  57.0641  0.0440649
57.061  57.0578  57.0601  0.0430404
57.0551  57.052  57.0542  0.0424981
57.0484  57.0457  57.0475  0.0415047
57.0399  57.0372  57.039  0.0409694
57.0309  57.0282  57.03  0.0400069
57.0202  57.0175  57.0193  0.0394779
57.0085  57.0058  57.0076  0.0385458
56.9955  56.9928  56.9946  0.0380228
56.9816  56.9793  56.9811  0.0371202
56.9663  56.9641  56.9659  0.0366035
56.9506  56.9479  56.9497  0.0357291
56.9331  56.9309  56.9322  0.0352191
56.9152  56.9125  56.9143  0.0343715
56.8955  56.8932  56.895  0.0338689
56.8753  56.873  56.8748  0.0330465
56.8537  56.8519  56.8533  0.0325519
56.8318  56.83  56.8313  0.0317534
56.8084  56.8062  56.808  0.0312671
56.7847  56.7824  56.7838  0.0304915
56.7591  56.7573  56.7587  0.0300136
56.7335  56.7317  56.7331  0.0292603
56.7066  56.7044  56.7057  0.0287904
56.6788  56.677  56.6784  0.0280588
56.6501  56.6483  56.6497  0.0275967
56.621  56.6192  56.6205  0.0268866
56.5905  56.5887  56.59  0.0264318
56.5595  56.5582  56.5591  0.0257427
56.5277  56.5259  56.5272  0.025295
56.4954  56.4936  56.4949  0.0246265
56.4617  56.4604  56.4613  0.0241857
56.4276  56.4263  56.4272  0.023537
56.3926  56.3913  56.3926  0.0231032
56.3572  56.3559  56.3572  0.0224735
56.3209  56.3195  56.3204  0.022047
56.2841  56.2828  56.2837  0.0214355
56.2464  56.2451  56.246  0.0210164
56.2083  56.207  56.2079  0.0204223
56.1693  56.1679  56.1688  0.0200106
56.1298  56.1285  56.1294  0.0194331
56.0894  56.0881  56.089  0.0190291
56.0486  56.0473  56.0482  0.0184677
56.0069  56.006  56.0069  0.0180711
55.9652  55.9638  55.9647  0.0175253
55.9221  55.9212  55.9221  0.017136
55.8791  55.8782  55.8791  0.0166054
55.8351  55.8342  55.8351  0.0162233
55.7912  55.7903  55.7907  0.0157076
55.7459  55.745  55.7459  0.0153324
55.7006  55.6997  55.7006  0.0148312
55.6548  55.6539  55.6548  0.0144627
55.6082  55.6077  55.6082  0.0139756
55.5615  55.5606  55.5611  0.0136138
55.514  55.5131  55.514  0.0131404
55.466  55.4651  55.466  0.0127853
55.4175  55.4171  55.4175  0.0123249
55.3686  55.3682  55.3686  0.0119765
55.3193  55.3189  55.3193  0.0115288
55.2695  55.2691  55.2695  0.011187
55.2197  55.2188  55.2197  0.0107515
55.169  55.1681  55.169  0.0104164
55.1179  55.1175  55.1179  0.00999258
55.0663  55.0659  55.0663  0.00966411
55.0147  55.0143  55.0147  0.00925164
54.9623  54.9618  54.9623  0.00892973
54.9098  54.9093  54.9098  0.00852829
54.8564  54.8564  54.8569  0.00821274
54.8035  54.803  54.8035  0.00782207
54.7497  54.7492  54.7497  0.00751271
54.6954  54.6949  54.6954  0.00713253
54.6407  54.6407  54.6411  0.00682932
54.5859  54.5859  54.5864  0.00645937
54.5308  54.5308  54.5312  0.00616212
54.4756  54.4752  54.4756  0.00580208
54.4195  54.4195  54.42  0.00551076
54.3635  54.3635  54.3639  0.00516027
54.307  54.307  54.3074  0.00487482
54.2504  54.2504  54.2504  0.00453362
54.1935  54.193  54.1935  0.00425396
54.1361  54.1361  54.1361  0.00392176
54.0782  54.0782  54.0787  0.00364781
54.0208  54.0203  54.0208  0.00332429
53.9625  53.9625  53.9625  0.00305602
53.9042  53.9037  53.9042  0.00274095
53.8454  53.8454  53.8454  0.00247826
53.7862  53.7862  53.7867  0.00217135
53.727  53.727  53.7274  0.00191413
53.6678  53.6678  53.6678  0.00161519
53.6081  53.6081  53.6081  0.00136336
53.548  53.548  53.5485  0.00107217
53.4879  53.4879  53.4884  0.000825589
53.4278  53.4278  53.4278  0.000541957
53.3668  53.3673  53.3673  0.000300551
53.3063  53.3063  53.3067  2.42613e-05
53.2453  53.2453  53.2457  -0.000212077
53.1843  53.1843  53.1843  -0.000481216
53.1228  53.1228  53.1228  -0.000712567
53.0609  53.0614  53.0614  -0.000974768
52.9995  52.9995  52.9995  -0.0012012
52.9371  52.9376  52.9376  -0.00145668
52.8752  52.8752  52.8757  -0.00167827
52.8129  52.8129  52.8133  -0.0019272
52.7505  52.7505  52.7505  -0.00214403
52.6877  52.6877  52.6882  -0.00238662
52.6249  52.6249  52.6254  -0.00259875
52.5617  52.5622  52.5622  -0.00283517
52.4989  52.4989  52.4989  -0.00304271
52.4357  52.4357  52.4357  -0.00327312
52.372  52.3724  52.3724  -0.00347613
52.3083  52.3087  52.3087  -0.00370069
52.2446  52.245  52.245  -0.00389927
52.1809  52.1813  52.1813  -0.00411814
52.1168  52.1172  52.1172  -0.00431237
52.0526  52.0531  52.0531  -0.00452568
51.9885  51.9889  51.9889  -0.00471564
51.9243  51.9243  51.9243  -0.00492354
51.8597  51.8602  51.8602  -0.00510936
51.7952  51.7956  51.7956  -0.00531197
51.7301  51.7306  51.7306  -0.00549367
51.6655  51.666  51.666  -0.00569116
51.6005  51.6009  51.6009  -0.00586883
51.5355  51.5359  51.5359  -0.00606134
51.4704  51.4709  51.4709  -0.00623506
51.4054  51.4058  51.4058  -0.00642272
51.3399  51.3403  51.3403  -0.00659249
51.2744  51.2749  51.2749  -0.00677545
51.2089  51.2094  51.2094  -0.00694141
51.1434  51.1439  51.1439  -0.00711975
51.0779  51.0784  51.0784  -0.00728198
51.012  51.0125  51.0125  -0.00745584
50.9461  50.947  50.9465  -0.00761439
50.8806  50.881  50.881  -0.00778385
50.8147  50.8151  50.8151  -0.00793882
50.7483  50.7492  50.7487  -0.00810402
50.6823  50.6828  50.6828  -0.00825544
50.6164  50.6168  50.6168  -0.00841647
50.55  50.5505  50.5505  -0.00856444
50.4836  50.4845  50.4841  -0.00872138
50.4177  50.4181  50.4181  -0.00886599
50.3513  50.3518  50.3518  -0.00901898
50.2849  50.2854  50.2854  -0.00916023
50.2181  50.219  50.219  -0.00930937
50.1517  50.1526  50.1522  -0.00944734
50.0853  50.0858  50.0858  -0.00959271
50.0185  50.0194  50.019  -0.00972749
49.9521  49.9526  49.9526  -0.00986918
49.8853  49.8862  49.8857  -0.0100008
49.8189  49.8194  49.8194  -0.010139
49.7521  49.7525  49.7525  -0.0102675
49.6852  49.6861  49.6857  -0.0104022
49.6184  49.6193  49.6189  -0.0105277
49.5516  49.5525  49.552  -0.0106589
49.4847  49.4856  49.4852  -0.0107815
49.4179  49.4188  49.4184  -0.0109094
49.3511  49.352  49.3515  -0.0110291
49.2842  49.2851  49.2847  -0.0111537
49.2174  49.2183  49.2179  -0.0112705
49.1506  49.151  49.151  -0.011392
49.0838  49.0842  49.0842  -0.011506
49.0165  49.0174  49.0174  -0.0116244
48.9496  48.9505  48.9501  -0.0117357
48.8828  48.8837  48.8833  -0.011851
48.816  48.8164  48.8164  -0.0119597
48.7487  48.7496  48.7496  -0.0120721
48.6819  48.6828  48.6823  -0.0121781
48.615  48.6159  48.6155  -0.0122876
48.5482  48.5486  48.5486  -0.012391
48.4809  48.4818  48.4818  -0.0124977
48.4141  48.415  48.4145  -0.0125987
48.3473  48.3482  48.3477  -0.0127026
48.2804  48.2809  48.2809  -0.012801
48.2131  48.214  48.214  -0.0129023
48.1463  48.1472  48.1468  -0.0129983
48.0795  48.0804  48.0799  -0.0130969
48.0126  48.0135  48.0131  -0.0131905
47.9458  47.9467  47.9463  -0.0132867
47.879  47.8799  47.8794  -0.0133779
47.8122  47.8131  47.8126  -0.0134715
47.7453  47.7462  47.7458  -0.0135605
47.6785  47.6794  47.6789  -0.0136517
47.6117  47.6126  47.6121  -0.0137385
47.5448  47.5457  47.5453  -0.0138272
47.478  47.4789  47.4789  -0.0139118
47.4116  47.4125  47.4121  -0.0139982
47.3448  47.3457  47.3452  -0.0140807
47.2779  47.2788  47.2788  -0.0141648
47.2116  47.2125  47.212  -0.0142451
47.1447  47.1456  47.1456  -0.014327
47.0783  47.0792  47.0788  -0.0144053
47.012  47.0129  47.0124  -0.014485
46.9451  46.946  46.946  -0.0145612
46.8787  46.8796  46.8792  -0.0146388
46.8124  46.8133  46.8128  -0.0147131
46.746  46.7469  46.7464  -0.0147886
46.6796  46.6805  46.68  -0.0148609
46.6132  46.6141  46.6141  -0.0149344
46.5473  46.5477  46.5477  -0.0150048
46.4809  46.4818  46.4813  -0.0150762
46.4145  46.4154  46.415  -0.0151448
46.3486  46.3495  46.349  -0.0152143
46.2822  46.2831  46.2831  -0.0152811
46.2163  46.2172  46.2167  -0.0153487
46.1503  46.1512  46.1508  -0.0154137
46.0844  46.0853  46.0848  -0.0154794
46.0185  46.0194  46.0189  -0.0155426
45.9525  45.9534  45.953  -0.0156065
45.8866  45.8875  45.887  -0.015668
45.8207  45.8215  45.8215  -0.0157301
45.7552  45.7561  45.7556  -0.01579
45.6892  45.6901  45.6901  -0.0158503
45.6237  45.6246  45.6242  -0.0159085
45.5583  45.5592  45.5587  -0.0159671
45.4928  45.4937  45.4932  -0.0160237
45.4273  45.4282  45.4277  -0.0160807
45.3618  45.3627  45.3622  -0.0161357
45.2963  45.2972  45.2968  -0.016191
45.2308  45.2317  45.2317  -0.0162445
45.1658  45.1667  45.1662  -0.0162982
45.1008  45.1016  45.1012  -0.0163501
45.0353  45.0362  45.0362  -0.0164023
44.9702  44.9711  44.9711  -0.0164528
44.9052  44.9061  44.9061  -0.0165034
44.8404  44.8413  44.8409  -0.0165524
44.7755  44.7764  44.776  -0.0166015
44.7106  44.7115  44.7112  -0.0166491
44.6458  44.6467  44.6464  -0.0166968
44.5811  44.582  44.5817  -0.0167429
44.5164  44.5174  44.517  -0.0167892
44.4519  44.4528  44.4524  -0.0168339
44.3874  44.3883  44.3879  -0.0168788
44.3229  44.3238  44.3234  -0.0169222
44.2585  44.2594  44.259  -0.0169657
44.1941  44.195  44.1947  -0.0170078
44.1299  44.1308  44.1304  -0.01705
44.0657  44.0666  44.0662  -0.0170908
44.0015  44.0024  44.0021  -0.0171316
43.9375  43.9384  43.938  -0.0171712
43.8735  43.8744  43.874  -0.0172107
43.8095  43.8104  43.8101  -0.017249
43.7457  43.7466  43.7462  -0.0172873
43.6819  43.6828  43.6824  -0.0173244
43.6182  43.6191  43.6187  -0.0173614
43.5545  43.5554  43.5551  -0.0173974
43.4909  43.4918  43.4914  -0.0174332
43.4274  43.4283  43.4279  -0.017468
43.364  43.3649  43.3645  -0.0175026
43.3006  43.3015  43.3011  -0.0175362
43.2373  43.2382  43.2378  -0.0175697
43.1741  43.175  43.1746  -0.0176022
43.111  43.1119  43.1115  -0.0176346
43.0478  43.0488  43.0484  -0.017666
42.9849  42.9858  42.9854  -0.0176972
42.9219  42.9228  42.9225  -0.0177275
42.8591  42.86  42.8596  -0.0177577
42.7963  42.7972  42.7968  -0.017787
42.7336  42.7345  42.7341  -0.0178161
42.671  42.6719  42.6715  -0.0178443
42.6085  42.6094  42.609  -0.0178724
42.546  42.5469  42.5465  -0.0178996
42.4836  42.4845  42.4841  -0.0179267
42.4212  42.4222  42.4218  -0.0179529
42.359  42.3599  42.3596  -0.017979
42.2969  42.2978  42.2974  -0.0180043
42.2348  42.2357  42.2353  -0.0180294
42.1728  42.1737  42.1733  -0.0180537
42.1108  42.1118  42.1113  -0.0180778
42.049  42.0499  42.0495  -0.0181012
41.9872  41.9881  41.9877  -0.0181244
41.9255  41.9264  41.9261  -0.0181469
41.8639  41.8648  41.8644  -0.0181692
41.8024  41.8033  41.8029  -0.0181907
41.7409  41.7418  41.7414  -0.0182121
41.6795  41.6804  41.6801  -0.0182328
41.6183  41.6192  41.6188  -0.0182534
41.557  41.5579  41.5576  -0.0182732
41.4959  41.4969  41.4965  -0.0182928
41.4349  41.4358  41.4354  -0.0183118
41.3739  41.3748  41.3744  -0.0183306
41.313  41.3139  41.3135  -0.0183488
41.2522  41.2531  41.2528  -0.0183668
41.1915  41.1924  41.192  -0.0183842
41.1308  41.1318  41.1314  -0.0184014
41.0703  41.0712  41.0708  -0.018418
41.0098  41.0107  41.0104  -0.0184343
40.9495  40.9504  40.95  -0.0184502
40.8891  40.89  40.8897  -0.0184658
40.8289  40.8298  40.8294  -0.0184809
40.7688  40.7697  40.7693  -0.0184957
40.7087  40.7096  40.7092  -0.01851
40.6488  40.6497  40.6493  -0.0185241
40.5888  40.5897  40.5894  -0.0185377
40.529  40.5299  40.5295  -0.0185511
40.4693  40.4702  40.4698  -0.018564
40.4097  40.4106  40.4102  -0.0185766
40.3501  40.351  40.3507  -0.0185888
40.2907  40.2915  40.2912  -0.0186007
40.2313  40.2322  40.2318  -0.0186123
40.172  40.1729  40.1725  -0.0186235
40.1128  40.1137  40.1133  -0.0186344
40.0536  40.0545  40.0541  -0.018645
39.9946  39.9955  39.9951  -0.0186552
39.9356  39.9365  39.9361  -0.0186651
39.8767  39.8776  39.8773  -0.0186747
39.818  39.8188  39.8185  -0.018684
39.7593  39.7602  39.7598  -0.0186929
39.7006  39.7015  39.7011  -0.0187016
39.6421  39.643  39.6426  -0.0187099
39.5837  39.5846  39.5842  -0.0187179
39.5253  39.5262  39.5258  -0.0187256
39.467  39.4679  39.4675  -0.0187331
39.4088  39.4097  39.4093  -0.0187402
39.3507  39.3516  39.3512  -0.0187471
39.2927  39.2936  39.2932  -0.0187536
39.2348  39.2356  39.2353  -0.0187599
39.1769  39.1778  39.1774  -0.0187659
39.1192  39.1201  39.1197  -0.0187716
39.0615  39.0624  39.062  -0.018777
39.0039  39.0048  39.0044  -0.0187822
38.9464  38.9473  38.9469  -0.018787
38.889  38.8899  38.8895  -0.0187916
38.8317  38.8326  38.8322  -0.0187959
38.7745  38.7753  38.775  -0.0188001
38.7173  38.7182  38.7178  -0.0188039
38.6602  38.6611  38.6607  -0.0188075
38.6033  38.6041  38.6038  -0.0188108
38.5464  38.5472  38.5468  -0.0188138
38.4896  38.4904  38.49  -0.0188166
38.4329  38.4337  38.4333  -0.0188192
38.3762  38.3771  38.3767  -0.0188215
38.3196  38.3205  38.3201  -0.0188236
38.2632  38.2641  38.2637  -0.0188254
38.2068  38.2077  38.2073  -0.018827
38.1506  38.1514  38.151  -0.0188283
38.0943  38.0952  38.0948  -0.0188295
38.0382  38.0391  38.0387  -0.0188304
37.9822  37.9831  37.9827  -0.0188311
37.9263  37.9271  37.9268  -0.0188315
37.8704  37.8713  37.8709  -0.0188317
37.8147  37.8155  37.8151  -0.0188317
37.759  37.7598  37.7595  -0.0188316
37.7034  37.7043  37.7039  -0.0188311
37.6479  37.6488  37.6484  -0.0188305
37.5925  37.5933  37.593  -0.0188296
37.5372  37.538  37.5376  -0.0188286
37.4819  37.4828  37.4824  -0.0188273
37.4268  37.4276  37.4272  -0.0188258
37.3717  37.3726  37.3722  -0.0188241
37.3167  37.3176  37.3172  -0.0188223
37.2618  37.2627  37.2623  -0.0188202
37.207  37.2079  37.2075  -0.0188179
37.1523  37.1531  37.1528  -0.0188155
37.0977  37.0985  37.0982  -0.0188128
37.0431  37.044  37.0436  -0.0188099
36.9887  36.9895  36.9892  -0.0188069
36.9343  36.9352  36.9347  -0.0188037
36.88  36.8808  36.8805  -0.0188003
36.8258  36.8267  36.8263  -0.0187968
36.7717  36.7725  36.7722  -0.018793
36.7177  36.7185  36.7182  -0.018789
36.6637  36.6646  36.6642  -0.018785
36.6099  36.6107  36.6103  -0.0187807
36.5561  36.5569  36.5566  -0.0187762
36.5025  36.5033  36.5029  -0.0187715
36.4489  36.4497  36.4493  -0.0187668
36.3953  36.3961  36.3958  -0.0187618
36.3419  36.3427  36.3424  -0.0187567
36.2886  36.2894  36.289  -0.0187514
36.2353  36.2362  36.2358  -0.0187459
36.1822  36.183  36.1826  -0.0187403
36.1291  36.1299  36.1295  -0.0187345
36.0761  36.0769  36.0766  -0.0187286
36.0232  36.024  36.0236  -0.0187225
35.9704  35.9712  35.9708  -0.0187162
35.9176  35.9185  35.9181  -0.0187099
35.865  35.8658  35.8654  -0.0187033
35.8125  35.8132  35.8129  -0.0186967
35.76  35.7608  35.7604  -0.0186898
35.7076  35.7084  35.708  -0.0186829
35.6553  35.6561  35.6557  -0.0186757
35.603  35.6039  35.6035  -0.0186685
35.5509  35.5517  35.5514  -0.0186611
35.4989  35.4997  35.4993  -0.0186535
35.4469  35.4477  35.4474  -0.0186459
35.3951  35.3958  35.3955  -0.0186381
35.3433  35.3441  35.3437  -0.0186301
35.2915  35.2923  35.292  -0.018622
35.2399  35.2407  35.2404  -0.0186138
35.1884  35.1892  35.1888  -0.0186055
35.1369  35.1377  35.1374  -0.018597
35.0856  35.0863  35.086  -0.0185884
35.0343  35.0351  35.0347  -0.0185797
34.9831  34.9838  34.9835  -0.0185708
34.9319  34.9328  34.9324  -0.0185619
34.8809  34.8817  34.8814  -0.0185528
34.83  34.8308  34.8304  -0.0185436
34.7791  34.7799  34.7795  -0.0185343
34.7284  34.7291  34.7288  -0.0185248
34.6777  34.6784  34.6781  -0.0185153
34.627  34.6278  34.6275  -0.0185056
34.5765  34.5773  34.5769  -0.0184958
34.5261  34.5269  34.5265  -0.0184859
34.4757  34.4765  34.4761  -0.0184759
34.4255  34.4262  34.4259  -0.0184658
34.3753  34.376  34.3757  -0.0184556
34.3252  34.3259  34.3256  -0.0184452
34.2752  34.2759  34.2756  -0.0184348
34.2252  34.226  34.2256  -0.0184242
34.1754  34.1761  34.1758  -0.0184136
34.1256  34.1263  34.126  -0.0184029
34.0759  34.0766  34.0763  -0.018392
34.0263  34.027  34.0267  -0.0183811
33.9767  33.9775  33.9771  -0.01837
33.9273  33.928  33.9277  -0.0183589
33.8779  33.8787  33.8783  -0.0183476
33.8287  33.8294  33.8291  -0.0183363
33.7795  33.7802  33.7799  -0.0183249
33.7304  33.7311  33.7308  -0.0183134
33.6813  33.6821  33.6817  -0.0183018
33.6324  33.6331  33.6328  -0.01829
33.5835  33.5843  33.5839  -0.0182782
33.5347  33.5355  33.5351  -0.0182664
33.486  33.4868  33.4864  -0.0182544
33.4374  33.4381  33.4378  -0.0182423
33.3889  33.3896  33.3893  -0.0182302
33.3404  33.3412  33.3408  -0.018218
33.2921  33.2928  33.2925  -0.0182057
33.2437  33.2445  33.2441  -0.0181933
33.1955  33.1962  33.1959  -0.0181808
33.1474  33.1481  33.1478  -0.0181682
33.0994  33.1001  33.0997  -0.0181556
33.0514  33.0521  33.0518  -0.0181429
33.0035  33.0042  33.0039  -0.0181301
32.9557  32.9564  32.9561  -0.0181172
32.908  32.9087  32.9083  -0.0181043
32.8603  32.861  32.8607  -0.0180913
32.8127  32.8135  32.8131  -0.0180782
32.7652  32.766  32.7657  -0.018065
32.7178  32.7186  32.7182  -0.0180518
32.6705  32.6712  32.6709  -0.0180385
32.6233  32.624  32.6236  -0.0180251
32.5761  32.5768  32.5765  -0.0180117
32.529  32.5297  32.5294  -0.0179981
32.482  32.4827  32.4824  -0.0179845
32.4351  32.4358  32.4354  -0.0179709
32.3882  32.3889  32.3886  -0.0179572
32.3415  32.3421  32.3418  -0.0179434
32.2948  32.2955  32.2951  -0.0179296
32.2481  32.2488  32.2485  -0.0179157
32.2016  32.2023  32.202  -0.0179017
32.1551  32.1559  32.1556  -0.0178877
32.1088  32.1095  32.1092  -0.0178735
32.0625  32.0632  32.0629  -0.0178594
32.0163  32.017  32.0166  -0.0178452
31.9701  31.9708  31.9705  -0.0178309
31.9241  31.9248  31.9244  -0.0178166
31.8781  31.8788  31.8784  -0.0178022
31.8322  31.8329  31.8326  -0.0177877
31.7864  31.787  31.7867  -0.0177732
31.7406  31.7413  31.741  -0.0177587
31.6949  31.6956  31.6953  -0.017744
31.6493  31.65  31.6497  -0.0177294
31.6038  31.6045  31.6042  -0.0177147
31.5584  31.559  31.5587  -0.0176999
31.513  31.5137  31.5134  -0.0176851
31.4677  31.4684  31.4681  -0.0176702
31.4225  31.4232  31.4229  -0.0176553
31.3774  31.3781  31.3777  -0.0176403
31.3323  31.333  31.3327  -0.0176253
31.2873  31.288  31.2877  -0.0176102
31.2424  31.2431  31.2428  -0.0175951
31.1976  31.1983  31.198  -0.01758
31.1528  31.1535  31.1532  -0.0175648
31.1082  31.1088  31.1085  -0.0175495
31.0636  31.0643  31.064  -0.0175342
31.0191  31.0197  31.0194  -0.0175189
30.9746  30.9753  30.975  -0.0175035
30.9302  30.9309  30.9306  -0.0174881
30.8859  30.8866  30.8863  -0.0174726
30.8417  30.8424  30.8421  -0.0174571
30.7976  30.7982  30.7979  -0.0174416
30.7535  30.7541  30.7538  -0.0174259
30.7095  30.7101  30.7098  -0.0174103
30.6656  30.6662  30.6659  -0.0173946
30.6217  30.6224  30.6221  -0.0173789
30.578  30.5786  30.5783  -0.0173632
30.5343  30.5349  30.5346  -0.0173474
30.4906  30.4913  30.491  -0.0173316
30.4471  30.4478  30.4474  -0.0173157
30.4036  30.4042  30.404  -0.0172999
30.3602  30.3609  30.3606  -0.0172839
30.3169  30.3175  30.3172  -0.017268
30.2736  30.2743  30.274  -0.017252
30.2304  30.2311  30.2308  -0.0172359
30.1873  30.188  30.1877  -0.0172198
30.1443  30.1449  30.1446  -0.0172037
30.1013  30.102  30.1017  -0.0171876
30.0585  30.0591  30.0588  -0.0171714
30.0156  30.0163  30.016  -0.0171552
29.9729  29.9736  29.9732  -0.0171391
29.9302  29.9309  29.9306  -0.0171228
29.8876  29.8882  29.888  -0.0171065
29.8451  29.8457  29.8455  -0.0170902
29.8027  29.8033  29.803  -0.0170739
29.7603  29.7609  29.7606  -0.0170575
29.718  29.7186  29.7183  -0.0170411
29.6757  29.6764  29.6761  -0.0170247
29.6336  29.6342  29.6339  -0.0170083
29.5915  29.5921  29.5918  -0.0169918
29.5495  29.5501  29.5498  -0.0169753
29.5075  29.5082  29.5078  -0.0169587
29.4656  29.4663  29.466  -0.0169422
29.4238  29.4245  29.4241  -0.0169256
29.3821  29.3827  29.3824  -0.016909
29.3405  29.341  29.3408  -0.0168924
29.2988  29.2995  29.2992  -0.0168758
29.2573  29.2579  29.2577  -0.0168591
29.2159  29.2165  29.2162  -0.0168424
29.1745  29.1751  29.1748  -0.0168257
29.1332  29.1338  29.1335  -0.016809
29.092  29.0925  29.0923  -0.0167922
29.0508  29.0514  29.0511  -0.0167755
29.0097  29.0103  29.01  -0.0167587
28.9687  28.9692  28.969  -0.0167419
28.9277  28.9283  28.928  -0.016725
28.8868  28.8874  28.8871  -0.0167081
28.846  28.8466  28.8463  -0.0166913
28.8052  28.8058  28.8055  -0.0166744
28.7645  28.7651  28.7648  -0.0166575
28.7239  28.7245  28.7243  -0.0166406
28.6834  28.684  28.6837  -0.0166236
28.6429  28.6435  28.6432  -0.0166067
28.6025  28.6031  28.6028  -0.0165897
28.5622  28.5627  28.5625  -0.0165728
28.5219  28.5225  28.5222  -0.0165557
28.4817  28.4823  28.482  -0.0165387
28.4415  28.4421  28.4419  -0.0165217
28.4015  28.4021  28.4018  -0.0165046
28.3615  28.3621  28.3618  -0.0164876
28.3216  28.3221  28.3219  -0.0164706
28.2817  28.2823  28.282  -0.0164535
28.2419  28.2425  28.2422  -0.0164364
28.2022  28.2027  28.2025  -0.0164192
28.1625  28.1631  28.1628  -0.0164021
28.1229  28.1235  28.1232  -0.016385
28.0834  28.084  28.0837  -0.0163678
28.044  28.0445  28.0442  -0.0163507
28.0045  28.0051  28.0048  -0.0163335
27.9652  27.9658  27.9655  -0.0163164
27.9259  27.9265  27.9263  -0.0162992
27.8868  27.8873  27.8871  -0.0162819
27.8476  27.8482  27.8479  -0.0162648
27.8086  27.8091  27.8089  -0.0162475
27.7696  27.7702  27.7699  -0.0162303
27.7307  27.7312  27.731  -0.0162131
27.6918  27.6924  27.6921  -0.0161958
27.653  27.6536  27.6533  -0.0161786
27.6143  27.6148  27.6146  -0.0161613
27.5756  27.5762  27.5759  -0.016144
27.537  27.5376  27.5373  -0.0161268
27.4985  27.499  27.4988  -0.0161095
27.46  27.4606  27.4603  -0.0160922
27.4216  27.4222  27.4219  -0.0160749
27.3833  27.3838  27.3836  -0.0160576
27.345  27.3456  27.3453  -0.0160403
27.3068  27.3074  27.3071  -0.016023
27.2687  27.2692  27.269  -0.0160057
27.2306  27.2311  27.2309  -0.0159883
27.1926  27.1931  27.1929  -0.015971
27.1546  27.1552  27.1549  -0.0159537
27.1167  27.1173  27.117  -0.0159364
27.0789  27.0795  27.0792  -0.015919
27.0412  27.0417  27.0414  -0.0159017
27.0034  27.004  27.0038  -0.0158843
26.9658  26.9663  26.9661  -0.015867
26.9283  26.9288  26.9285  -0.0158497
26.8908  26.8913  26.891  -0.0158323
26.8533  26.8539  26.8536  -0.0158149
26.816  26.8165  26.8162  -0.0157976
26.7786  26.7792  26.7789  -0.0157802
26.7414  26.7419  26.7416  -0.0157628
26.7042  26.7047  26.7044  -0.0157455
26.667  26.6676  26.6674  -0.0157281
26.63  26.6305  26.6303  -0.0157107
26.593  26.5935  26.5933  -0.0156933
26.5561  26.5566  26.5563  -0.015676
26.5192  26.5197  26.5195  -0.0156586
26.4824  26.4829  26.4826  -0.0156413
26.4456  26.4461  26.4459  -0.0156239
26.4089  26.4094  26.4092  -0.0156065
26.3723  26.3728  26.3726  -0.0155891
26.3357  26.3362  26.336  -0.0155718
26.2992  26.2997  26.2995  -0.0155544
26.2628  26.2633  26.263  -0.015537
26.2264  26.2269  26.2267  -0.0155197
26.1901  26.1906  26.1903  -0.0155023
26.1538  26.1543  26.154  -0.0154849
26.1176  26.1181  26.1179  -0.0154675
26.0815  26.082  26.0817  -0.0154502
26.0454  26.0459  26.0456  -0.0154328
26.0094  26.0099  26.0096  -0.0154155
25.9734  25.9739  25.9736  -0.0153982
25.9375  25.938  25.9378  -0.0153808
25.9017  25.9022  25.9019  -0.0153634
25.8659  25.8664  25.8661  -0.0153461
25.8302  25.8307  25.8304  -0.0153288
25.7945  25.795  25.7948  -0.0153114
25.7589  25.7594  25.7592  -0.0152941
25.7234  25.7239  25.7236  -0.0152768
25.6879  25.6884  25.6882  -0.0152594
25.6525  25.653  25.6527  -0.0152421
25.6171  25.6176  25.6174  -0.0152248
25.5818  25.5823  25.5821  -0.0152075
25.5466  25.547  25.5468  -0.0151902
25.5114  25.5119  25.5117  -0.0151729
25.4763  25.4768  25.4765  -0.0151556
25.4412  25.4417  25.4415  -0.0151383
25.4062  25.4067  25.4064  -0.015121
25.3712  25.3717  25.3715  -0.0151037
25.3364  25.3368  25.3366  -0.0150865
25.3015  25.302  25.3018  -0.0150692
25.2668  25.2672  25.267  -0.0150519
25.232  25.2325  25.2323  -0.0150347
25.1974  25.1979  25.1976  -0.0150174
25.1628  25.1632  25.163  -0.0150002
25.1282  25.1287  25.1285  -0.0149829
25.0938  25.0942  25.094  -0.0149657
25.0593  25.0598  25.0596  -0.0149485
25.0249  25.0254  25.0252  -0.0149313
24.9906  24.9911  24.9909  -0.014914
24.9564  24.9569  24.9566  -0.0148969
24.9222  24.9226  24.9224  -0.0148796
24.888  24.8885  24.8883  -0.0148625
24.8539  24.8544  24.8542  -0.0148453
24.8199  24.8204  24.8201  -0.0148281
24.7859  24.7864  24.7862  -0.014811
24.752  24.7525  24.7523  -0.0147938
24.7182  24.7186  24.7184  -0.0147767
24.6844  24.6848  24.6846  -0.0147595
24.6506  24.6511  24.6509  -0.0147424
24.6169  24.6174  24.6172  -0.0147253
24.5833  24.5838  24.5835  -0.0147082
24.5497  24.5502  24.55  -0.0146911
24.5162  24.5167  24.5164  -0.0146739
24.4827  24.4832  24.483  -0.0146569
24.4493  24.4498  24.4496  -0.0146398
24.416  24.4164  24.4162  -0.0146227
24.3826  24.3831  24.3829  -0.0146057
24.3494  24.3499  24.3496  -0.0145886
24.3162  24.3167  24.3164  -0.0145716
24.2831  24.2835  24.2833  -0.0145546
24.25  24.2505  24.2502  -0.0145375
24.217  24.2174  24.2172  -0.0145205
24.184  24.1844  24.1842  -0.0145035
24.1511  24.1515  24.1513  -0.0144866
24.1182  24.1187  24.1185  -0.0144696
24.0854  24.0858  24.0856  -0.0144526
24.0527  24.0531  24.0529  -0.0144357
24.02  24.0204  24.0202  -0.0144187
23.9873  23.9878  23.9875  -0.0144018
23.9547  23.9551  23.9549  -0.0143849
23.9222  23.9226  23.9224  -0.014368
23.8897  23.8901  23.8899  -0.0143511
23.8572  23.8577  23.8575  -0.0143342
23.8248  23.8253  23.8251  -0.0143173
23.7926  23.793  23.7928  -0.0143005
23.7603  23.7607  23.7605  -0.0142836
23.7281  23.7285  23.7283  -0.0142668
23.6959  23.6963  23.6961  -0.0142499
23.6638  23.6642  23.664  -0.0142331
23.6317  23.6322  23.6319  -0.0142163
23.5997  23.6001  23.5999  -0.0141995
23.5677  23.5682  23.568  -0.0141828
23.5359  23.5363  23.5361  -0.014166
23.504  23.5044  23.5042  -0.0141492
23.4722  23.4726  23.4724  -0.0141325
23.4405  23.4409  23.4407  -0.0141157
23.4087  23.4092  23.409  -0.014099
23.3771  23.3775  23.3773  -0.0140823
23.3455  23.3459  23.3458  -0.0140656
23.314  23.3144  23.3142  -0.014049
23.2825  23.2829  23.2827  -0.0140323
23.2511  23.2515  23.2513  -0.0140156
23.2197  23.2201  23.2199  -0.013999
23.1883  23.1888  23.1886  -0.0139824
23.1571  23.1575  23.1573  -0.0139658
23.1258  23.1263  23.1261  -0.0139491
23.0947  23.0951  23.0949  -0.0139326
23.0635  23.064  23.0638  -0.013916
23.0325  23.0329  23.0327  -0.0138994
23.0014  23.0018  23.0016  -0.0138829
22.9705  22.9709  22.9707  -0.0138663
22.9395  22.9399  22.9398  -0.0138498
22.9087  22.9091  22.9089  -0.0138333
22.8779  22.8783  22.878  -0.0138168
22.847  22.8475  22.8473  -0.0138003
22.8164  22.8168  22.8165  -0.0137839
22.7857  22.7861  22.7859  -0.0137674
22.755  22.7554  22.7553  -0.013751
22.7245  22.7249  22.7247  -0.0137345
22.694  22.6944  22.6942  -0.0137182
22.6635  22.6639  22.6637  -0.0137017
22.633  22.6334  22.6333  -0.0136854
22.6027  22.6031  22.6029  -0.013669
22.5724  22.5728  22.5725  -0.0136527
22.5421  22.5425  22.5423  -0.0136363
22.5118  22.5123  22.5121  -0.01362
22.4817  22.4821  22.4819  -0.0136037
22.4515  22.4519  22.4517  -0.0135874
22.4215  22.4219  22.4216  -0.0135711
22.3914  22.3918  22.3916  -0.0135549
22.3615  22.3619  22.3616  -0.0135386
22.3315  22.3319  22.3317  -0.0135224
22.3016  22.302  22.3018  -0.0135062
22.2718  22.2722  22.272  -0.01349
22.242  22.2424  22.2422  -0.0134738
22.2123  22.2127  22.2124  -0.0134576
22.1826  22.183  22.1828  -0.0134415
22.1529  22.1533  22.1531  -0.0134253
22.1233  22.1237  22.1235  -0.0134092
22.0938  22.0942  22.094  -0.0133931
22.0643  22.0647  22.0645  -0.013377
22.0348  22.0352  22.035  -0.0133609
22.0054  22.0058  22.0056  -0.0133448
21.9761  21.9764  21.9763  -0.0133288
21.9467  21.9471  21.947  -0.0133128
21.9175  21.9179  21.9177  -0.0132968
21.8883  21.8887  21.8885  -0.0132807
21.8591  21.8595  21.8593  -0.0132648
21.83  21.8304  21.8302  -0.0132488
21.8009  21.8013  21.8011  -0.0132328
21.7719  21.7723  21.7721  -0.0132169
21.7429  21.7433  21.7431  -0.013201
21.7139  21.7143  21.7142  -0.0131851
21.6851  21.6855  21.6853  -0.0131692
21.6562  21.6566  21.6564  -0.0131533
21.6274  21.6278  21.6276  -0.0131375
21.5987  21.5991  21.5989  -0.0131217
21.57  21.5704  21.5702  -0.0131058
21.5413  21.5417  21.5415  -0.01309
21.5127  21.5131  21.5129  -0.0130742
21.4842  21.4845  21.4843  -0.0130585
21.4556  21.456  21.4558  -0.0130427
21.4272  21.4276  21.4274  -0.013027
21.3988  21.3991  21.3989  -0.0130112
21.3704  21.3707  21.3705  -0.0129955
21.342  21.3424  21.3422  -0.0129798
21.3137  21.3141  21.3139  -0.0129641
21.2855  21.2859  21.2857  -0.0129485
21.2573  21.2577  21.2575  -0.0129328
21.2291  21.2295  21.2293  -0.0129172
21.201  21.2014  21.2012  -0.0129016
21.173  21.1733  21.1731  -0.012886
21.1449  21.1453  21.1451  -0.0128704
21.1169  21.1173  21.1171  -0.0128549
21.089  21.0894  21.0892  -0.0128393
21.0611  21.0615  21.0613  -0.0128238
21.0333  21.0337  21.0335  -0.0128083
21.0055  21.0058  21.0057  -0.0127928
20.9778  20.9781  20.9779  -0.0127773
20.95  20.9504  20.9502  -0.0127619
20.9224  20.9227  20.9225  -0.0127464
20.8947  20.8951  20.8949  -0.012731
20.8672  20.8675  20.8674  -0.0127156
20.8397  20.84  20.8398  -0.0127002
20.8122  20.8125  20.8123  -0.0126848
20.7847  20.7851  20.7849  -0.0126695
20.7573  20.7577  20.7575  -0.0126541
20.7299  20.7303  20.7301  -0.0126388
20.7026  20.703  20.7028  -0.0126235
20.6754  20.6757  20.6755  -0.0126082
20.6481  20.6485  20.6483  -0.012593
20.621  20.6213  20.6211  -0.0125777
20.5938  20.5942  20.594  -0.0125625
20.5667  20.567  20.5669  -0.0125472
20.5396  20.54  20.5398  -0.0125321
20.5126  20.513  20.5128  -0.0125168
20.4857  20.486  20.4859  -0.0125017
20.4587  20.4591  20.4589  -0.0124865
20.4319  20.4322  20.432  -0.0124714
20.405  20.4053  20.4052  -0.0124563
20.3782  20.3786  20.3784  -0.0124412
20.3515  20.3518  20.3517  -0.0124261
20.3247  20.3251  20.3249  -0.012411
20.2981  20.2984  20.2982  -0.012396
20.2715  20.2718  20.2716  -0.012381
20.2449  20.2452  20.245  -0.012366
20.2183  20.2186  20.2185  -0.012351
20.1918  20.1922  20.192  -0.012336
20.1653  20.1657  20.1655  -0.012321
20.1389  20.1392  20.1391  -0.0123061
20.1125  20.1129  20.1127  -0.0122912
20.0862  20.0865  20.0863  -0.0122763
20.0599  20.0602  20.0601  -0.0122614
20.0336  20.034  20.0338  -0.0122465
20.0074  20.0078  20.0076  -0.0122316
19.9813  19.9816  19.9814  -0.0122168
19.9551  19.9555  19.9553  -0.012202
19.929  19.9294  19.9292  -0.0121872
19.903  19.9033  19.9032  -0.0121724
19.877  19.8773  19.8771  -0.0121577
19.851  19.8513  19.8512  -0.0121429
19.8251  19.8254  19.8253  -0.0121282
19.7992  19.7995  19.7994  -0.0121134
19.7734  19.7737  19.7735  -0.0120988
19.7475  19.7479  19.7477  -0.0120841
19.7218  19.7221  19.722  -0.0120694
19.696  19.6964  19.6962  -0.0120548
19.6704  19.6707  19.6705  -0.0120402
19.6447  19.645  19.6449  -0.0120256
19.6191  19.6194  19.6193  -0.012011
19.5935  19.5939  19.5937  -0.0119964
19.568  19.5683  19.5682  -0.0119818
19.5425  19.5429  19.5427  -0.0119673
19.5171  19.5174  19.5172  -0.0119528
19.4917  19.492  19.4919  -0.0119383
19.4663  19.4666  19.4665  -0.0119238
19.441  19.4413  19.4412  -0.0119094
19.4157  19.416  19.4159  -0.0118949
19.3905  19.3908  19.3906  -0.0118805
19.3653  19.3656  19.3654  -0.0118661
19.3401  19.3404  19.3402  -0.0118517
19.315  19.3153  19.3151  -0.0118373
19.2899  19.2902  19.29  -0.011823
19.2648  19.2651  19.265  -0.0118086
19.2398  19.2401  19.24  -0.0117943
19.2148  19.2152  19.215  -0.01178
19.1899  19.1902  19.1901  -0.0117657
19.165  19.1653  19.1651  -0.0117514
19.1402  19.1405  19.1403  -0.0117372
19.1153  19.1156  19.1155  -0.011723
19.0905  19.0909  19.0907  -0.0117087
19.0658  19.0661  19.066  -0.0116945
19.0411  19.0414  19.0413  -0.0116804
19.0165  19.0168  19.0166  -0.0116662
18.9918  18.9921  18.992  -0.0116521
18.9672  18.9675  18.9674  -0.0116379
18.9427  18.943  18.9428  -0.0116238
18.9182  18.9184  18.9183  -0.0116097
18.8937  18.894  18.8938  -0.0115957
18.8692  18.8696  18.8694  -0.0115816
18.8448  18.8452  18.845  -0.0115676
18.8205  18.8208  18.8206  -0.0115536
18.7962  18.7964  18.7963  -0.0115396
18.7719  18.7722  18.772  -0.0115256
18.7476  18.7479  18.7478  -0.0115116
18.7234  18.7237  18.7236  -0.0114977
18.6992  18.6996  18.6994  -0.0114837
18.6751  18.6754  18.6752  -0.0114698
18.651  18.6513  18.6512  -0.011456
18.6269  18.6273  18.6271  -0.0114421
18.6029  18.6032  18.6031  -0.0114282
18.5789  18.5792  18.5791  -0.0114144
18.555  18.5553  18.5551  -0.0114006
18.531  18.5314  18.5312  -0.0113868
18.5072  18.5075  18.5073  -0.0113729
18.4834  18.4836  18.4835  -0.0113592
18.4595  18.4598  18.4597  -0.0113455
18.4358  18.436  18.4359  -0.0113317
18.412  18.4123  18.4122  -0.011318
18.3884  18.3886  18.3885  -0.0113043
18.3647  18.365  18.3648  -0.0112906
18.341  18.3414  18.3412  -0.011277
18.3175  18.3178  18.3176  -0.0112633
18.2939  18.2942  18.2941  -0.0112497
18.2704  18.2707  18.2706  -0.0112361
18.2469  18.2472  18.2471  -0.0112225
18.2235  18.2238  18.2236  -0.0112089
18.2001  18.2004  18.2002  -0.0111954
18.1767  18.177  18.1769  -0.0111818
18.1534  18.1536  18.1535  -0.0111683
18.1301  18.1304  18.1302  -0.0111548
18.1068  18.1071  18.107  -0.0111413
18.0836  18.0839  18.0837  -0.0111279
18.0604  18.0607  18.0605  -0.0111144
18.0373  18.0375  18.0374  -0.011101
18.0141  18.0144  18.0142  -0.0110876
17.991  17.9913  17.9912  -0.0110742
17.968  17.9683  17.9681  -0.0110608
17.9449  17.9453  17.9451  -0.0110474
17.922  17.9222  17.9221  -0.0110341
17.899  17.8993  17.8992  -0.0110208
17.8761  17.8764  17.8763  -0.0110075
17.8533  17.8535  17.8534  -0.0109942
17.8304  17.8307  17.8305  -0.0109809
17.8076  17.8079  17.8077  -0.0109676
17.7848  17.7851  17.7849  -0.0109544
17.7621  17.7623  17.7622  -0.0109412
17.7394  17.7396  17.7395  -0.010928
17.7167  17.717  17.7169  -0.0109148
17.6941  17.6943  17.6942  -0.0109017
17.6715  17.6717  17.6716  -0.0108885
17.6489  17.6492  17.649  -0.0108754
17.6264  17.6267  17.6265  -0.0108623
17.6039  17.6041  17.604  -0.0108492
17.5814  17.5817  17.5815  -0.0108361
17.559  17.5592  17.5591  -0.010823
17.5366  17.5369  17.5367  -0.01081
17.5142  17.5145  17.5143  -0.010797
17.4919  17.4921  17.492  -0.010784
17.4696  17.4699  17.4697  -0.010771
17.4473  17.4476  17.4475  -0.010758
17.4251  17.4254  17.4252  -0.010745
17.4029  17.4032  17.4031  -0.0107321
17.3808  17.381  17.3809  -0.0107192
17.3586  17.3589  17.3588  -0.0107063
17.3365  17.3368  17.3367  -0.0106934
17.3145  17.3147  17.3146  -0.0106805
17.2925  17.2927  17.2926  -0.0106677
17.2704  17.2707  17.2706  -0.0106548
17.2485  17.2488  17.2486  -0.010642
17.2266  17.2268  17.2267  -0.0106292
17.2047  17.2049  17.2048  -0.0106164
17.1828  17.1831  17.1829  -0.0106037
17.161  17.1612  17.1611  -0.0105909
17.1392  17.1394  17.1393  -0.0105782
17.1174  17.1177  17.1175  -0.0105655
17.0957  17.096  17.0958  -0.0105528
17.074  17.0742  17.0741  -0.0105401
17.0523  17.0526  17.0524  -0.0105275
17.0307  17.0309  17.0308  -0.0105148
17.0091  17.0093  17.0092  -0.0105022
16.9875  16.9878  16.9876  -0.0104896
16.966  16.9662  16.9661  -0.010477
16.9445  16.9447  16.9446  -0.0104644
16.923  16.9233  16.9231  -0.0104519
16.9016  16.9018  16.9017  -0.0104393
16.8802  16.8804  16.8803  -0.0104268
16.8588  16.859  16.8589  -0.0104143
16.8374  16.8377  16.8376  -0.0104018
16.8161  16.8164  16.8162  -0.0103894
16.7949  16.7951  16.7949  -0.0103769
16.7736  16.7738  16.7737  -0.0103645
16.7524  16.7526  16.7525  -0.010352
16.7312  16.7314  16.7313  -0.0103396
16.71  16.7103  16.7102  -0.0103272
16.6889  16.6891  16.689  -0.0103149
16.6678  16.668  16.668  -0.0103025
16.6467  16.647  16.6469  -0.0102902
16.6257  16.626  16.6258  -0.0102779
16.6047  16.605  16.6049  -0.0102656
16.5838  16.584  16.5839  -0.0102533
16.5628  16.563  16.563  -0.010241
16.5419  16.5421  16.5421  -0.0102288
16.5211  16.5213  16.5212  -0.0102165
16.5002  16.5004  16.5003  -0.0102043
16.4794  16.4796  16.4795  -0.0101921
16.4586  16.4589  16.4587  -0.0101799
16.4379  16.4381  16.438  -0.0101678
16.4171  16.4174  16.4173  -0.0101556
16.3965  16.3967  16.3966  -0.0101435
16.3758  16.3761  16.3759  -0.0101314
16.3552  16.3554  16.3553  -0.0101193
16.3346  16.3348  16.3347  -0.0101072
16.314  16.3142  16.3142  -0.0100952
16.2935  16.2937  16.2936  -0.0100831
16.273  16.2732  16.2731  -0.0100711
16.2525  16.2528  16.2526  -0.010059
16.232  16.2323  16.2322  -0.010047
16.2116  16.2119  16.2118  -0.0100351
16.1913  16.1915  16.1914  -0.0100231
16.1709  16.1711  16.171  -0.0100111
16.1506  16.1508  16.1507  -0.00999922
16.1303  16.1305  16.1304  -0.00998733
16.11  16.1103  16.1101  -0.0099754
16.0898  16.09  16.0899  -0.00996356
16.0696  16.0698  16.0697  -0.00995167
16.0494  16.0497  16.0495  -0.00993983
16.0292  16.0295  16.0294  -0.00992799
16.0092  16.0094  16.0092  -0.00991619
15.9891  15.9893  15.9892  -0.00990435
15.969  15.9692  15.9691  -0.0098926
15.949  15.9492  15.9491  -0.0098808
15.929  15.9292  15.9291  -0.00986909
15.909  15.9092  15.9091  -0.00985734
15.8891  15.8893  15.8892  -0.00984564
15.8692  15.8694  15.8693  -0.00983393
15.8492  15.8495  15.8494  -0.00982227
15.8294  15.8296  15.8295  -0.00981056
15.8096  15.8098  15.8097  -0.00979894
15.7898  15.79  15.7899  -0.00978728
15.77  15.7703  15.7702  -0.00977566
15.7503  15.7505  15.7504  -0.00976405
15.7306  15.7308  15.7307  -0.00975248
15.7109  15.7111  15.711  -0.0097409
15.6913  15.6915  15.6914  -0.00972938
15.6716  15.6719  15.6718  -0.0097178
15.6521  15.6523  15.6522  -0.00970632
15.6325  15.6327  15.6326  -0.00969479
15.613  15.6132  15.613  -0.00968331
15.5934  15.5937  15.5935  -0.00967183
15.574  15.5742  15.5741  -0.00966039
15.5545  15.5547  15.5546  -0.00964895
15.5351  15.5353  15.5352  -0.00963752
15.5157  15.5159  15.5158  -0.00962612
15.4963  15.4966  15.4964  -0.00961473
15.477  15.4772  15.4771  -0.00960334
15.4577  15.4579  15.4578  -0.00959199
15.4384  15.4386  15.4385  -0.00958064
15.4191  15.4194  15.4193  -0.00956934
15.3999  15.4001  15.4  -0.00955799
15.3808  15.3809  15.3808  -0.00954669
15.3616  15.3618  15.3617  -0.00953543
15.3424  15.3426  15.3425  -0.00952417
15.3233  15.3235  15.3234  -0.00951291
15.3042  15.3045  15.3043  -0.0095017
15.2852  15.2854  15.2853  -0.00949049
15.2662  15.2663  15.2662  -0.00947927
15.2471  15.2474  15.2472  -0.0094681
15.2282  15.2284  15.2282  -0.00945689
15.2092  15.2094  15.2093  -0.00944577
15.1903  15.1905  15.1904  -0.00943464
15.1714  15.1716  15.1715  -0.00942352
15.1525  15.1528  15.1526  -0.0094124
15.1337  15.1339  15.1338  -0.00940132
15.1149  15.1151  15.115  -0.00939024
15.0961  15.0963  15.0962  -0.00937916
15.0773  15.0775  15.0775  -0.00936812
15.0586  15.0588  15.0587  -0.00935709
15.0399  15.0401  15.04  -0.0093461
15.0212  15.0214  15.0213  -0.00933511
15.0026  15.0028  15.0027  -0.00932412
14.9839  14.9842  14.9841  -0.00931318
14.9654  14.9655  14.9655  -0.00930219
14.9468  14.947  14.9469  -0.00929125
14.9282  14.9284  14.9284  -0.00928035
14.9097  14.9099  14.9098  -0.00926945
14.8912  14.8914  14.8914  -0.00925855
14.8728  14.873  14.8729  -0.00924769
14.8543  14.8545  14.8544  -0.00923684
14.8359  14.8361  14.836  -0.00922598
14.8175  14.8177  14.8177  -0.00921517
14.7992  14.7994  14.7993  -0.00920436
14.7809  14.7811  14.781  -0.00919355
14.7625  14.7628  14.7627  -0.00918279
14.7443  14.7445  14.7444  -0.00917202
14.726  14.7262  14.7261  -0.00916126
14.7078  14.708  14.7079  -0.00915054
14.6896  14.6898  14.6897  -0.00913982
14.6714  14.6716  14.6715  -0.0091291
14.6533  14.6535  14.6534  -0.00911842
14.6351  14.6354  14.6352  -0.00910775
14.6171  14.6173  14.6172  -0.00909712
14.599  14.5992  14.5991  -0.00908644
14.5809  14.5811  14.5811  -0.00907586
14.5629  14.5631  14.563  -0.00906523
14.5449  14.5451  14.545  -0.0090546
14.527  14.5271  14.5271  -0.00904406
14.509  14.5092  14.5091  -0.00903347
14.4911  14.4913  14.4912  -0.00902293
14.4732  14.4734  14.4733  -0.00901239
14.4553  14.4556  14.4555  -0.00900185
14.4375  14.4377  14.4376  -0.00899135
14.4197  14.4199  14.4198  -0.00898086
14.4019  14.4021  14.402  -0.00897036
14.3841  14.3843  14.3842  -0.00895991
14.3664  14.3666  14.3665  -0.00894946
14.3487  14.3489  14.3488  -0.00893906
14.331  14.3312  14.3311  -0.0089286
14.3133  14.3135  14.3135  -0.00891824
14.2957  14.2959  14.2958  -0.00890784
14.2781  14.2783  14.2782  -0.00889748
14.2605  14.2607  14.2606  -0.00888711
14.2429  14.2431  14.243  -0.00887675
14.2254  14.2256  14.2255  -0.00886644
14.2079  14.2081  14.208  -0.00885612
14.1904  14.1906  14.1905  -0.0088458
14.1729  14.1731  14.173  -0.00883553
14.1555  14.1557  14.1556  -0.00882526
14.1381  14.1383  14.1382  -0.00881503
14.1207  14.1209  14.1208  -0.00880476
14.1033  14.1035  14.1034  -0.00879454
14.086  14.0862  14.0861  -0.00878436
14.0686  14.0689  14.0688  -0.00877413
14.0514  14.0516  14.0515  -0.00876395
14.0341  14.0343  14.0342  -0.00875381
14.0169  14.0171  14.017  -0.00874363
13.9997  13.9998  13.9998  -0.00873349
13.9824  13.9826  13.9825  -0.00872335
13.9653  13.9655  13.9654  -0.00871326
13.9481  13.9483  13.9482  -0.00870317
13.931  13.9312  13.9311  -0.00869308
13.9139  13.9141  13.914  -0.00868303
13.8969  13.897  13.8969  -0.00867298
13.8798  13.88  13.8799  -0.00866294
13.8628  13.8629  13.8629  -0.00865289
13.8458  13.846  13.8459  -0.00864289
13.8288  13.829  13.8289  -0.00863288
13.8118  13.812  13.8119  -0.00862293
13.7949  13.7951  13.795  -0.00861297
13.778  13.7782  13.7781  -0.00860301
13.7611  13.7613  13.7612  -0.00859305
13.7443  13.7444  13.7444  -0.00858314
13.7274  13.7276  13.7275  -0.00857323
13.7106  13.7108  13.7107  -0.00856332
13.6938  13.694  13.6939  -0.00855345
13.677  13.6772  13.6771  -0.00854358
13.6603  13.6605  13.6604  -0.00853376
13.6436  13.6438  13.6437  -0.00852389
13.6269  13.6271  13.627  -0.00851407
13.6102  13.6104  13.6103  -0.00850424
13.5936  13.5937  13.5936  -0.00849447
13.577  13.5771  13.5771  -0.00848469
13.5604  13.5605  13.5605  -0.00847491
13.5438  13.544  13.5439  -0.00846518
13.5272  13.5274  13.5273  -0.00845544
13.5107  13.5108  13.5108  -0.00844571
13.4942  13.4943  13.4943  -0.00843598
13.4777  13.4779  13.4778  -0.00842629
13.4612  13.4614  13.4613  -0.0084166
13.4448  13.445  13.4449  -0.00840691
13.4284  13.4285  13.4285  -0.00839727
13.412  13.4121  13.4121  -0.00838762
13.3956  13.3958  13.3957  -0.00837803
13.3792  13.3794  13.3793  -0.00836838
13.3629  13.3631  13.363  -0.00835878
13.3466  13.3468  13.3467  -0.00834919
13.3304  13.3305  13.3304  -0.00833963
13.3141  13.3143  13.3142  -0.00833008
13.2978  13.298  13.2979  -0.00832052
13.2816  13.2818  13.2817  -0.00831097
13.2655  13.2656  13.2655  -0.00830146
13.2493  13.2494  13.2494  -0.00829195
13.2331  13.2333  13.2332  -0.00828249
13.217  13.2171  13.2171  -0.00827298
13.2009  13.201  13.201  -0.00826351
13.1848  13.185  13.1849  -0.00825405
13.1688  13.1689  13.1688  -0.00824463
13.1527  13.1529  13.1528  -0.00823521
13.1367  13.1369  13.1368  -0.00822579
13.1207  13.1209  13.1208  -0.00821642
13.1047  13.1049  13.1048  -0.008207
13.0888  13.089  13.0889  -0.00819763
13.0729  13.073  13.073  -0.0081883
13.057  13.0572  13.0571  -0.00817892
13.0411  13.0413  13.0412  -0.00816959
13.0252  13.0254  13.0253  -0.00816031
13.0094  13.0096  13.0095  -0.00815098
12.9936  12.9938  12.9937  -0.00814169
12.9778  12.9779  12.9779  -0.00813241
12.962  12.9622  12.9621  -0.00812317
12.9463  12.9465  12.9464  -0.00811388
12.9305  12.9307  12.9306  -0.00810464
12.9148  12.915  12.9149  -0.00809545
12.8991  12.8993  12.8992  -0.00808621
12.8835  12.8837  12.8836  -0.00807701
12.8678  12.868  12.8679  -0.00806786
12.8522  12.8524  12.8523  -0.00805867
12.8366  12.8368  12.8367  -0.00804952
12.821  12.8212  12.8211  -0.00804037
12.8055  12.8057  12.8056  -0.00803122
12.79  12.7901  12.7901  -0.00802211
12.7744  12.7746  12.7745  -0.00801301
12.759  12.7591  12.7591  -0.0080039
12.7435  12.7436  12.7436  -0.00799484
12.728  12.7282  12.7281  -0.00798578
12.7126  12.7128  12.7127  -0.00797672
12.6972  12.6973  12.6973  -0.00796766
12.6818  12.682  12.6819  -0.00795864
12.6664  12.6666  12.6665  -0.00794963
12.6511  12.6513  12.6512  -0.00794061
12.6358  12.6359  12.6358  -0.00793164
12.6205  12.6206  12.6205  -0.00792263
12.6052  12.6053  12.6053  -0.0079137
12.5899  12.5901  12.59  -0.00790473
12.5747  12.5748  12.5748  -0.00789581
12.5595  12.5596  12.5595  -0.00788683
12.5443  12.5444  12.5443  -0.00787795
12.5291  12.5293  12.5292  -0.00786903
12.5139  12.5141  12.514  -0.00786015
12.4988  12.499  12.4989  -0.00785127
12.4837  12.4838  12.4837  -0.00784243
12.4686  12.4688  12.4687  -0.00783355
12.4535  12.4536  12.4536  -0.00782471
12.4384  12.4386  12.4385  -0.00781592
12.4234  12.4236  12.4235  -0.00780708
12.4084  12.4086  12.4085  -0.00779829
12.3934  12.3936  12.3935  -0.0077895
12.3784  12.3786  12.3785  -0.00778076
12.3635  12.3636  12.3636  -0.00777196
12.3486  12.3487  12.3486  -0.00776322
12.3337  12.3338  12.3337  -0.00775447
12.3188  12.3189  12.3188  -0.00774577
12.3039  12.304  12.304  -0.00773707
12.289  12.2892  12.2891  -0.00772837
12.2742  12.2744  12.2743  -0.00771966
12.2594  12.2595  12.2595  -0.00771101
12.2446  12.2448  12.2447  -0.00770231
12.2298  12.23  12.2299  -0.00769369
12.2151  12.2152  12.2152  -0.00768504
12.2004  12.2005  12.2004  -0.00767643
12.1856  12.1858  12.1857  -0.00766781
12.1709  12.1711  12.171  -0.0076592
12.1563  12.1564  12.1564  -0.00765059
12.1416  12.1418  12.1417  -0.00764202
12.127  12.1272  12.1271  -0.00763346
12.1124  12.1125  12.1124  -0.00762493
12.0978  12.0979  12.0979  -0.00761637
12.0832  12.0833  12.0833  -0.00760784
12.0687  12.0688  12.0687  -0.00759932
12.0541  12.0543  12.0542  -0.00759085
12.0396  12.0397  12.0397  -0.00758232
12.0251  12.0253  12.0252  -0.00757385
12.0106  12.0108  12.0107  -0.00756537
11.9962  11.9963  11.9963  -0.00755694
11.9817  11.9819  11.9818  -0.00754846
11.9673  11.9675  11.9674  -0.00754007
11.9529  11.9531  11.953  -0.00753164
11.9386  11.9387  11.9386  -0.00752321
11.9242  11.9243  11.9243  -0.00751482
11.9098  11.91  11.9099  -0.00750643
11.8955  11.8957  11.8956  -0.00749809
11.8812  11.8814  11.8813  -0.0074897
11.867  11.8671  11.867  -0.00748136
11.8527  11.8528  11.8527  -0.00747301
11.8384  11.8386  11.8385  -0.00746472
11.8242  11.8244  11.8243  -0.00745642
11.81  11.8102  11.8101  -0.00744812
11.7958  11.796  11.7959  -0.00743982
11.7817  11.7818  11.7817  -0.00743153
11.7675  11.7677  11.7676  -0.00742327
11.7534  11.7535  11.7534  -0.00741502
11.7393  11.7394  11.7394  -0.00740677
11.7252  11.7253  11.7253  -0.00739856
11.7111  11.7112  11.7112  -0.0073903
11.6971  11.6972  11.6971  -0.0073821
11.683  11.6832  11.6831  -0.00737393
11.669  11.6692  11.6691  -0.00736573
11.655  11.6551  11.6551  -0.00735756
11.641  11.6412  11.6411  -0.0073494
11.627  11.6272  11.6271  -0.00734124
11.6131  11.6133  11.6132  -0.00733312
11.5992  11.5993  11.5993  -0.007325
11.5853  11.5854  11.5854  -0.00731688
11.5714  11.5716  11.5715  -0.00730876
11.5575  11.5577  11.5576  -0.00730069
11.5437  11.5438  11.5437  -0.00729261
11.5298  11.53  11.5299  -0.00728454
11.516  11.5162  11.5161  -0.00727647
11.5023  11.5024  11.5023  -0.00726844
11.4884  11.4886  11.4885  -0.00726041
11.4747  11.4749  11.4748  -0.00725238
11.4609  11.4611  11.461  -0.00724435
11.4472  11.4474  11.4473  -0.00723637
11.4335  11.4337  11.4336  -0.00722838
11.4199  11.42  11.4199  -0.0072204
11.4062  11.4063  11.4063  -0.00721242
11.3925  11.3927  11.3926  -0.00720448
11.3789  11.379  11.379  -0.00719654
11.3653  11.3654  11.3654  -0.0071886
11.3517  11.3518  11.3518  -0.00718066
11.3381  11.3383  11.3382  -0.00717276
11.3245  11.3247  11.3246  -0.00716487
11.311  11.3111  11.3111  -0.00715698
11.2975  11.2976  11.2975  -0.00714908
11.284  11.2841  11.284  -0.00714123
11.2705  11.2706  11.2706  -0.00713338
11.257  11.2572  11.2571  -0.00712553
11.2436  11.2437  11.2436  -0.00711773
11.2301  11.2303  11.2302  -0.00710988
11.2167  11.2169  11.2168  -0.00710208
11.2034  11.2035  11.2034  -0.00709427
11.1899  11.1901  11.19  -0.00708651
11.1766  11.1767  11.1767  -0.00707871
11.1633  11.1634  11.1633  -0.00707095
11.1499  11.1501  11.15  -0.00706319
11.1366  11.1367  11.1367  -0.00705547
11.1233  11.1234  11.1234  -0.00704771
11.11  11.1101  11.1101  -0.00704
11.0968  11.0969  11.0968  -0.00703228
11.0836  11.0837  11.0836  -0.00702457
11.0703  11.0705  11.0704  -0.0070169
11.0571  11.0572  11.0572  -0.00700923
11.0439  11.044  11.044  -0.00700156
11.0308  11.0309  11.0308  -0.00699389
11.0176  11.0177  11.0177  -0.00698626
11.0045  11.0046  11.0045  -0.00697859
10.9913  10.9915  10.9914  -0.00697101
10.9782  10.9784  10.9783  -0.00696339
10.9651  10.9653  10.9652  -0.00695576
10.9521  10.9522  10.9521  -0.00694818
10.939  10.9392  10.9391  -0.0069406
10.926  10.9261  10.9261  -0.00693302
10.913  10.9131  10.913  -0.00692544
10.9  10.9001  10.9001  -0.00691791
10.887  10.8871  10.887  -0.00691037
10.874  10.8741  10.8741  -0.00690284
10.8611  10.8612  10.8611  -0.00689535
10.8482  10.8482  10.8482  -0.00688781
10.8352  10.8353  10.8353  -0.00688032
10.8223  10.8225  10.8224  -0.00687283
10.8095  10.8096  10.8095  -0.00686538
10.7966  10.7967  10.7966  -0.00685789
10.7837  10.7838  10.7838  -0.00685045
10.7709  10.771  10.771  -0.006843
10.7581  10.7582  10.7581  -0.00683556
10.7453  10.7454  10.7454  -0.00682815
10.7325  10.7326  10.7326  -0.00682071
10.7197  10.7199  10.7198  -0.00681331
10.707  10.7071  10.707  -0.00680595
10.6943  10.6944  10.6943  -0.00679855
10.6815  10.6817  10.6816  -0.0067912
10.6688  10.669  10.6689  -0.00678379
10.6562  10.6563  10.6562  -0.00677644
10.6435  10.6436  10.6436  -0.00676913
10.6308  10.631  10.6309  -0.00676177
10.6182  10.6183  10.6183  -0.00675446
10.6056  10.6057  10.6057  -0.00674715
10.593  10.5931  10.5931  -0.00673984
10.5804  10.5805  10.5805  -0.00673257
10.5679  10.568  10.5679  -0.00672531
10.5553  10.5554  10.5554  -0.00671804
10.5428  10.5429  10.5428  -0.00671077
10.5302  10.5304  10.5303  -0.00670351
10.5177  10.5179  10.5178  -0.00669628
10.5053  10.5054  10.5053  -0.00668906
10.4928  10.4929  10.4928  -0.00668184
10.4803  10.4804  10.4804  -0.00667462
10.4679  10.468  10.4679  -0.0066674
10.4555  10.4556  10.4556  -0.00666022
10.4431  10.4432  10.4431  -0.00665305
10.4307  10.4308  10.4308  -0.00664587
10.4183  10.4184  10.4184  -0.00663874
10.4059  10.4061  10.406  -0.00663156
10.3936  10.3937  10.3937  -0.00662443
10.3813  10.3814  10.3813  -0.0066173
10.369  10.3691  10.369  -0.00661017
10.3567  10.3568  10.3567  -0.00660308
10.3444  10.3445  10.3445  -0.00659599
10.3321  10.3323  10.3322  -0.00658886
10.3199  10.32  10.32  -0.00658182
10.3077  10.3078  10.3077  -0.00657473
10.2954  10.2956  10.2955  -0.00656769
10.2832  10.2834  10.2833  -0.00656065
10.2711  10.2712  10.2711  -0.00655361
10.2589  10.259  10.259  -0.00654656
10.2467  10.2469  10.2468  -0.00653957
10.2346  10.2347  10.2347  -0.00653252
10.2225  10.2226  10.2225  -0.00652553
10.2104  10.2105  10.2104  -0.00651853
10.1983  10.1984  10.1983  -0.00651153
10.1862  10.1863  10.1863  -0.00650458
10.1741  10.1743  10.1742  -0.00649763
10.1621  10.1622  10.1622  -0.00649068
10.1501  10.1502  10.1501  -0.00648372
10.1381  10.1382  10.1381  -0.00647682
10.1261  10.1262  10.1261  -0.00646986
10.1141  10.1142  10.1141  -0.00646296
10.1021  10.1022  10.1022  -0.00645605
10.0902  10.0903  10.0902  -0.00644919
10.0782  10.0783  10.0783  -0.00644228
10.0663  10.0664  10.0664  -0.00643542
10.0544  10.0545  10.0545  -0.00642855
10.0425  10.0426  10.0426  -0.00642169
10.0307  10.0307  10.0307  -0.00641483
10.0188  10.0189  10.0188  -0.00640801
10.0069  10.0071  10.007  -0.00640115
9.99509  9.99522  9.99518  -0.00639438
9.98329  9.98338  9.98334  -0.00638756
9.9715  9.97159  9.97154  -0.00638074
9.9597  9.95983  9.95974  -0.00637397
9.94795  9.94804  9.94799  -0.00636719
9.9362  9.93629  9.93624  -0.00636042
9.92444  9.92453  9.92449  -0.00635365
9.91269  9.91283  9.91278  -0.00634688
9.90099  9.90112  9.90108  -0.00634015
9.88932  9.88941  9.88937  -0.00633342
9.87762  9.87775  9.87766  -0.00632669
9.86595  9.86609  9.866  -0.00631996
9.85429  9.85443  9.85438  -0.00631324
9.84268  9.84277  9.84272  -0.00630655
9.83106  9.83115  9.8311  -0.00629987
9.81944  9.81958  9.81949  -0.00629319
9.80787  9.80796  9.80791  -0.0062865
9.7963  9.79639  9.79634  -0.00627986
9.78473  9.78481  9.78477  -0.00627323
9.77315  9.77329  9.77324  -0.00626659
9.76163  9.76176  9.76172  -0.00625995
9.75014  9.75023  9.75019  -0.00625331
9.73862  9.73871  9.73866  -0.00624672
9.72713  9.72722  9.72718  -0.00624008
9.71565  9.71574  9.7157  -0.00623349
9.70421  9.7043  9.70426  -0.00622689
9.69273  9.69286  9.69282  -0.00622034
9.68134  9.68143  9.68138  -0.00621375
9.6699  9.66999  9.66994  -0.0062072
9.65851  9.6586  9.65855  -0.00620065
9.64711  9.6472  9.64716  -0.0061941
9.63572  9.63586  9.63581  -0.0061876
9.62437  9.62446  9.62442  -0.00618105
9.61303  9.61316  9.61307  -0.00617455
9.60172  9.60181  9.60177  -0.00616804
9.59037  9.59051  9.59046  -0.00616154
9.57907  9.57921  9.57916  -0.00615504
9.56781  9.5679  9.56786  -0.00614858
9.55651  9.55664  9.5566  -0.00614212
9.54525  9.54539  9.54534  -0.00613566
9.53404  9.53413  9.53408  -0.0061292
9.52278  9.52291  9.52282  -0.00612274
9.51157  9.5117  9.51161  -0.00611633
9.50035  9.50049  9.50044  -0.00610987
9.48918  9.48927  9.48923  -0.00610345
9.47802  9.47811  9.47806  -0.00609704
9.46685  9.46694  9.46689  -0.00609067
9.45572  9.45581  9.45577  -0.00608426
9.44456  9.44469  9.44465  -0.00607789
9.43348  9.43357  9.43352  -0.00607152
9.42235  9.42244  9.4224  -0.00606515
9.41127  9.41136  9.41132  -0.00605878
9.4002  9.40028  9.40024  -0.00605246
9.38912  9.38921  9.38916  -0.00604609
9.37808  9.37817  9.37813  -0.00603976
9.36705  9.36714  9.36709  -0.00603344
9.35601  9.3561  9.35606  -0.00602711
9.34503  9.34511  9.34507  -0.00602083
9.33404  9.33413  9.33408  -0.00601455
9.32305  9.32314  9.32309  -0.00600823
9.31206  9.31219  9.3121  -0.006002
9.30111  9.3012  9.30116  -0.00599572
9.29017  9.2903  9.29021  -0.00598944
9.27927  9.27936  9.27931  -0.0059832
9.26837  9.26846  9.26842  -0.00597692
9.25747  9.25756  9.25752  -0.00597069
9.24657  9.24666  9.24662  -0.00596445
9.23572  9.23581  9.23576  -0.00595826
9.22486  9.22495  9.22491  -0.00595203
9.21401  9.2141  9.21405  -0.00594584
9.20315  9.20324  9.2032  -0.00593965
9.19234  9.19243  9.19239  -0.00593346
9.18153  9.18167  9.18158  -0.00592727
9.17077  9.17086  9.17081  -0.00592112
9.16  9.16009  9.16005  -0.00591498
9.14924  9.14933  9.14928  -0.00590879
9.13847  9.13856  9.13852  -0.00590265
9.12775  9.12784  9.1278  -0.00589655
9.11703  9.11712  9.11708  -0.0058904
9.10631  9.1064  9.10636  -0.0058843
9.09559  9.09573  9.09564  -0.0058782
9.08492  9.08501  9.08496  -0.00587206
9.07424  9.07438  9.07429  -0.005866
9.06361  9.0637  9.06366  -0.0058599
9.05298  9.05307  9.05303  -0.0058538
9.04235  9.04244  9.0424  -0.00584774
9.03172  9.03181  9.03177  -0.00584169
9.02114  9.02123  9.02118  -0.00583563
9.01051  9.01064  9.0106  -0.00582958
8.99997  9.00006  9.00001  -0.00582357
8.98938  8.98947  8.98943  -0.00581751
8.97884  8.97893  8.97889  -0.0058115
8.9683  8.96839  8.96834  -0.00580549
8.95776  8.95785  8.9578  -0.00579948
8.94726  8.94735  8.94731  -0.00579352
8.93677  8.93686  8.93681  -0.00578751
8.92627  8.92636  8.92632  -0.00578154
8.91582  8.91591  8.91587  -0.00577557
8.90537  8.90546  8.90541  -0.00576961
8.89492  8.89501  8.89496  -0.00576364
8.88447  8.88456  8.88451  -0.00575768
8.87406  8.87415  8.87411  -0.00575176
8.86366  8.86375  8.8637  -0.00574584
8.85325  8.85334  8.8533  -0.00573992
8.84289  8.84298  8.84293  -0.005734
8.83248  8.83257  8.83253  -0.00572807
8.82212  8.82226  8.82221  -0.00572215
8.81181  8.8119  8.81185  -0.00571628
8.80149  8.80158  8.80153  -0.0057104
8.79117  8.79126  8.79122  -0.00570453
8.78086  8.78095  8.7809  -0.00569865
8.77054  8.77063  8.77059  -0.00569278
8.76027  8.76036  8.76031  -0.00568694
8.75  8.75009  8.75004  -0.00568111
8.73977  8.73986  8.73982  -0.00567528
8.7295  8.72959  8.72954  -0.00566945
8.71927  8.71936  8.71932  -0.00566362
8.70905  8.70914  8.70909  -0.00565779
8.69886  8.69895  8.69891  -0.005652
8.68868  8.68877  8.68873  -0.00564622
8.6785  8.67859  8.67855  -0.00564043
8.66832  8.66841  8.66836  -0.00563464
8.65818  8.65827  8.65823  -0.00562886
8.64804  8.64813  8.64809  -0.00562312
8.63791  8.638  8.63795  -0.00561733
8.62777  8.62786  8.62782  -0.00561159
8.61768  8.61777  8.61772  -0.00560585
8.60759  8.60768  8.60763  -0.00560011
8.59749  8.59758  8.59754  -0.00559437
8.58745  8.58754  8.58749  -0.00558867
8.5774  8.57749  8.57745  -0.00558293
8.56735  8.56744  8.5674  -0.00557723
8.55731  8.5574  8.55735  -0.00557154
8.5473  8.54739  8.54735  -0.00556584
8.5373  8.53739  8.53735  -0.00556019
8.5273  8.52739  8.52734  -0.00555449
8.5173  8.51739  8.51734  -0.00554884
8.50734  8.50743  8.50738  -0.00554319
8.49738  8.49747  8.49743  -0.00553754
8.48742  8.48751  8.48747  -0.00553189
8.47751  8.4776  8.47756  -0.00552623
8.4676  8.46769  8.46764  -0.00552063
8.45769  8.45778  8.45773  -0.00551498
8.44777  8.44786  8.44782  -0.00550937
8.43791  8.438  8.43795  -0.00550376
8.42804  8.42813  8.42808  -0.0054982
8.41817  8.41826  8.41822  -0.00549259
8.40835  8.40839  8.40835  -0.00548699
8.39848  8.39857  8.39852  -0.00548142
8.38866  8.38875  8.3887  -0.00547586
8.37883  8.37892  8.37888  -0.0054703
8.36906  8.36915  8.3691  -0.00546474
8.35928  8.35937  8.35932  -0.00545918
8.3495  8.34959  8.34954  -0.00545366
8.33972  8.33981  8.33977  -0.0054481
8.32999  8.33008  8.33003  -0.00544258
8.32025  8.3203  8.32025  -0.00543706
8.31052  8.31057  8.31057  -0.00543155
8.30079  8.30088  8.30083  -0.00542608
8.2911  8.29114  8.29114  -0.00542056
8.28141  8.28146  8.28141  -0.00541509
8.27172  8.27181  8.27177  -0.00540961
8.26203  8.26212  8.26208  -0.00540414
8.25239  8.25248  8.25244  -0.00539867
8.24275  8.24284  8.24279  -0.0053932
8.2331  8.23319  8.23315  -0.00538777
8.22346  8.22355  8.22351  -0.0053823
8.21386  8.21395  8.21391  -0.00537687
8.20426  8.20435  8.20431  -0.00537144
8.19466  8.19475  8.19471  -0.00536602
8.18511  8.1852  8.18516  -0.00536059
8.17556  8.1756  8.17556  -0.00535516
8.166  8.16605  8.166  -0.00534978
8.15645  8.15654  8.15649  -0.0053444
8.1469  8.14699  8.14694  -0.00533901
8.13739  8.13748  8.13743  -0.00533363
8.12788  8.12797  8.12792  -0.00532825
8.11841  8.11846  8.11841  -0.00532287
8.1089  8.10899  8.10895  -0.00531753
8.09944  8.09953  8.09949  -0.00531215
8.08998  8.09007  8.09002  -0.00530681
8.08051  8.0806  8.08056  -0.00530147
8.07109  8.07118  8.07114  -0.00529618
8.06167  8.06172  8.06172  -0.00529084
8.05225  8.05234  8.0523  -0.0052855
8.04284  8.04292  8.04288  -0.00528021
8.03346  8.03351  8.03351  -0.00527492
8.02409  8.02413  8.02409  -0.00526958
8.01471  8.01476  8.01476  -0.00526429
8.00534  8.00543  8.00538  -0.00525904
7.99601  7.99605  7.99601  -0.00525375
7.98663  7.98672  7.98668  -0.0052485
7.97735  7.97739  7.97735  -0.00524321
7.96802  7.96811  7.96806  -0.00523796
7.95869  7.95878  7.95873  -0.00523271
7.94941  7.94949  7.94945  -0.00522746
7.94012  7.94021  7.94017  -0.00522226
7.93088  7.93097  7.93093  -0.00521701
7.9216  7.92169  7.92164  -0.00521181
7.91236  7.91245  7.9124  -0.00520656
7.90312  7.90321  7.90316  -0.0052014
7.89392  7.89397  7.89392  -0.0051962
7.88468  7.88477  7.88473  -0.005191
7.87549  7.87558  7.87553  -0.00518579
7.86629  7.86638  7.86634  -0.00518064
7.8571  7.85719  7.85714  -0.00517543
7.84795  7.84804  7.84799  -0.00517028
7.8388  7.83889  7.83884  -0.00516512
7.82965  7.82974  7.82969  -0.00515996
7.8205  7.82059  7.82054  -0.00515485
7.81139  7.81144  7.81144  -0.00514969
7.80229  7.80233  7.80229  -0.00514457
7.79318  7.79322  7.79318  -0.00513942
7.78407  7.78416  7.78412  -0.0051343
7.77497  7.77506  7.77501  -0.00512919
7.76591  7.766  7.76595  -0.00512408
7.75685  7.75694  7.75689  -0.00511896
7.74779  7.74788  7.74783  -0.00511389
7.73877  7.73886  7.73882  -0.00510878
7.72976  7.7298  7.72976  -0.00510371
7.72074  7.72079  7.72074  -0.00509864
7.71173  7.71177  7.71177  -0.00509358
7.70271  7.7028  7.70276  -0.00508855
7.69374  7.69383  7.69378  -0.00508348
7.68477  7.68481  7.68481  -0.00507842
7.6758  7.67589  7.67584  -0.00507339
7.66683  7.66692  7.66687  -0.00506837
7.6579  7.65799  7.65795  -0.00506334
7.64898  7.64907  7.64902  -0.00505832
7.64005  7.64014  7.64009  -0.0050533
7.63112  7.63121  7.63117  -0.00504827
7.62224  7.62233  7.62229  -0.00504329
7.61336  7.61341  7.61341  -0.00503832
7.60448  7.60453  7.60453  -0.00503329
7.5956  7.59569  7.59564  -0.00502831
7.58676  7.58681  7.58676  -0.00502334
7.57788  7.57797  7.57793  -0.00501836
7.56905  7.56914  7.56909  -0.00501342
7.56026  7.5603  7.56026  -0.00500844
7.55142  7.55151  7.55146  -0.00500351
7.54263  7.54267  7.54267  -0.00499858
7.53384  7.53388  7.53388  -0.00499364
7.52505  7.52513  7.52509  -0.00498871
7.51625  7.51634  7.5163  -0.00498377
7.50751  7.5076  7.50755  -0.00497889
7.49876  7.49881  7.49881  -0.00497395
7.49001  7.49006  7.49006  -0.00496906
7.48127  7.48136  7.48131  -0.00496413
7.47257  7.47261  7.47261  -0.00495924
7.46386  7.46391  7.46386  -0.0049544
7.45516  7.45521  7.45516  -0.00494951
7.44646  7.44651  7.44651  -0.00494462
7.43776  7.43785  7.4378  -0.00493973
7.4291  7.42919  7.42915  -0.00493488
7.42045  7.42054  7.42049  -0.00493004
7.41179  7.41188  7.41183  -0.0049252
7.40313  7.40322  7.40318  -0.00492035
7.39452  7.39461  7.39457  -0.00491551
7.38591  7.386  7.38595  -0.00491066
7.3773  7.37739  7.37734  -0.00490586
7.36869  7.36878  7.36873  -0.00490102
7.36012  7.36016  7.36016  -0.00489622
7.35155  7.3516  7.35155  -0.00489142
7.34298  7.34303  7.34298  -0.00488662
7.33442  7.33446  7.33446  -0.00488182
7.32585  7.32594  7.3259  -0.00487702
7.31733  7.31737  7.31737  -0.00487227
7.30881  7.30885  7.30885  -0.00486747
7.30028  7.30033  7.30033  -0.00486271
7.29176  7.29185  7.29181  -0.00485796
7.28328  7.28333  7.28333  -0.00485321
7.27481  7.27485  7.27481  -0.00484845
7.26633  7.26637  7.26633  -0.0048437
7.25785  7.2579  7.2579  -0.00483894
7.24937  7.24946  7.24942  -0.00483423
7.24094  7.24099  7.24099  -0.00482952
7.23251  7.23255  7.23251  -0.00482477
7.22408  7.22412  7.22412  -0.00482006
7.21564  7.21573  7.21569  -0.00481535
7.20726  7.2073  7.20726  -0.00481068
7.19882  7.19891  7.19887  -0.00480597
7.19044  7.19053  7.19048  -0.00480126
7.18209  7.18214  7.18209  -0.0047966
7.17371  7.1738  7.17375  -0.00479189
7.16536  7.16541  7.16541  -0.00478723
7.15702  7.15707  7.15702  -0.00478256
7.14868  7.14872  7.14868  -0.00477794
7.14034  7.14043  7.14038  -0.00477328
7.13204  7.13208  7.13204  -0.00476861
7.1237  7.12378  7.12374  -0.00476399
7.1154  7.11549  7.11544  -0.00475933
7.1071  7.10719  7.10714  -0.00475471
7.09885  7.09889  7.09889  -0.00475009
7.09055  7.09064  7.09059  -0.00474547
7.0823  7.08238  7.08234  -0.00474085
7.07404  7.07413  7.07409  -0.00473623
7.06583  7.06588  7.06583  -0.00473165
7.05758  7.05763  7.05763  -0.00472703
7.04937  7.04942  7.04937  -0.00472246
7.04116  7.04121  7.04116  -0.00471788
7.03296  7.033  7.03296  -0.00471331
7.02475  7.02479  7.02479  -0.00470873
7.01658  7.01663  7.01658  -0.00470416
7.00838  7.00847  7.00842  -0.00469958
7.00021  7.0003  7.00026  -0.00469505
6.99205  6.99214  6.99209  -0.00469048
6.98393  6.98398  6.98398  -0.00468595
6.97577  6.97586  6.97581  -0.00468142
6.96765  6.96774  6.96769  -0.00467689
6.95953  6.95962  6.95958  -0.00467236
6.95141  6.9515  6.95146  -0.00466783
6.94334  6.94338  6.94338  -0.0046633
6.93527  6.93531  6.93527  -0.00465881
6.92715  6.92724  6.92719  -0.00465432
6.91912  6.91916  6.91912  -0.00464979
6.91104  6.91109  6.91109  -0.00464531
6.90297  6.90306  6.90302  -0.00464082
6.89494  6.89499  6.89499  -0.00463634
6.88691  6.88696  6.88696  -0.00463185
6.87888  6.87897  6.87893  -0.00462741
6.87086  6.87094  6.8709  -0.00462293
6.86287  6.86292  6.86292  -0.00461849
6.85489  6.85493  6.85489  -0.004614
6.8469  6.84695  6.8469  -0.00460956
6.83892  6.83896  6.83896  -0.00460512
6.83094  6.83103  6.83098  -0.00460068
6.823  6.82304  6.823  -0.00459628
6.81506  6.8151  6.81506  -0.00459184
6.80712  6.80716  6.80712  -0.00458745
6.79918  6.79922  6.79918  -0.00458301
6.79124  6.79133  6.79128  -0.00457861
6.78335  6.78339  6.78335  -0.00457422
6.77545  6.7755  6.77545  -0.00456978
6.76756  6.7676  6.76756  -0.00456538
6.75966  6.75971  6.75966  -0.00456103
6.75177  6.75186  6.75181  -0.00455663
6.74392  6.74396  6.74392  -0.00455228
6.73607  6.73612  6.73607  -0.00454789
6.72822  6.72827  6.72822  -0.00454354
6.72037  6.72042  6.72042  -0.00453914
6.71252  6.71261  6.71257  -0.00453479
6.70472  6.70476  6.70476  -0.00453044
6.69691  6.69696  6.69691  -0.00452613
6.68911  6.68915  6.68915  -0.00452178
6.6813  6.68135  6.68135  -0.00451743
6.67354  6.67359  6.67354  -0.00451313
6.66574  6.66583  6.66578  -0.00450882
6.65798  6.65802  6.65802  -0.00450447
6.65022  6.65027  6.65027  -0.00450016
6.64246  6.64255  6.64251  -0.00449586
6.63475  6.63479  6.63475  -0.00449155
6.62699  6.62708  6.62703  -0.00448729
6.61927  6.61936  6.61932  -0.00448298
6.61156  6.61165  6.6116  -0.0044787
6.60384  6.60393  6.60389  -0.00447442
6.59617  6.59622  6.59622  -0.00447015
6.5885  6.58855  6.5885  -0.00446587
6.58079  6.58088  6.58083  -0.00446161
6.57312  6.57321  6.57316  -0.00445736
6.56549  6.56554  6.56549  -0.0044531
6.55782  6.55787  6.55787  -0.00444885
6.5502  6.55024  6.5502  -0.00444462
6.54257  6.54262  6.54257  -0.00444038
6.53495  6.53499  6.53495  -0.00443615
6.52732  6.52737  6.52732  -0.00443192
6.5197  6.51974  6.51974  -0.0044277
6.51212  6.51216  6.51212  -0.00442349
6.50454  6.50458  6.50454  -0.00441927
6.49696  6.497  6.49696  -0.00441506
6.48938  6.48942  6.48938  -0.00441087
6.4818  6.48184  6.48184  -0.00440667
6.47426  6.4743  6.47426  -0.00440248
6.46668  6.46677  6.46672  -0.0043983
6.45914  6.45923  6.45919  -0.00439413
6.45165  6.4517  6.45165  -0.00438995
6.44412  6.44416  6.44416  -0.00438577
6.43658  6.43667  6.43663  -0.00438161
6.42909  6.42914  6.42914  -0.00437745
6.4216  6.42165  6.42165  -0.0043733
6.41411  6.41416  6.41416  -0.00436915
6.40662  6.40671  6.40667  -0.00436501
6.39917  6.39922  6.39922  -0.00436087
6.39173  6.39177  6.39173  -0.00435673
6.38428  6.38433  6.38428  -0.0043526
6.37684  6.37688  6.37684  -0.00434848
6.36939  6.36944  6.36939  -0.00434436
6.36195  6.36204  6.36199  -0.00434025
6.35455  6.35459  6.35459  -0.00433615
6.34714  6.34719  6.34714  -0.00433204
6.33974  6.33979  6.33974  -0.00432794
6.33234  6.33239  6.33239  -0.00432384
6.32494  6.32503  6.32499  -0.00431976
6.31759  6.31763  6.31763  -0.00431568
6.31023  6.31027  6.31023  -0.0043116
6.30287  6.30292  6.30287  -0.00430752
6.29552  6.29556  6.29552  -0.00430345
6.28816  6.28821  6.28821  -0.00429939
6.28085  6.2809  6.28085  -0.00429534
6.27349  6.27358  6.27354  -0.00429128
6.26618  6.26627  6.26623  -0.00428722
6.25887  6.25896  6.25892  -0.0042832
6.25161  6.25165  6.25161  -0.00427914
6.2443  6.24434  6.24434  -0.00427511
6.23703  6.23707  6.23703  -0.00427108
6.22976  6.22981  6.22976  -0.00426706
6.2225  6.22254  6.2225  -0.00426304
6.21523  6.21527  6.21523  -0.00425903
6.20796  6.20801  6.20801  -0.00425502
6.20074  6.20079  6.20074  -0.00425102
6.19348  6.19357  6.19352  -0.00424701
6.18625  6.18634  6.1863  -0.00424303
6.17903  6.17912  6.17908  -0.00423903
6.17186  6.1719  6.17186  -0.00423504
6.16464  6.16468  6.16468  -0.00423107
6.15746  6.1575  6.1575  -0.00422708
6.15028  6.15033  6.15028  -0.00422312
6.14311  6.14315  6.14311  -0.00421915
6.13593  6.13597  6.13597  -0.00421519
6.12875  6.12884  6.1288  -0.00421123
6.12162  6.12167  6.12167  -0.00420729
6.11449  6.11453  6.11449  -0.00420333
6.10736  6.1074  6.10736  -0.0041994
6.10023  6.10027  6.10023  -0.00419546
6.09309  6.09314  6.09314  -0.00419153
6.08596  6.08605  6.08601  -0.0041876
6.07888  6.07892  6.07892  -0.00418367
6.07179  6.07183  6.07183  -0.00417976
6.0647  6.06475  6.06475  -0.00417584
6.05761  6.05766  6.05766  -0.00417194
6.05057  6.05062  6.05057  -0.00416803
6.04349  6.04353  6.04353  -0.00416413
6.03644  6.03649  6.03644  -0.00416024
6.0294  6.02945  6.0294  -0.00415635
6.02236  6.0224  6.02236  -0.00415246
6.01532  6.01536  6.01536  -0.00414858
6.00832  6.00837  6.00832  -0.0041447
6.00128  6.00132  6.00132  -0.00414083
5.99428  5.99433  5.99433  -0.00413697
5.98728  5.98733  5.98733  -0.0041331
5.98029  5.98033  5.98033  -0.00412925
5.97329  5.97338  5.97333  -0.0041254
5.96634  5.96638  5.96638  -0.00412155
5.95939  5.95943  5.95939  -0.0041177
5.95239  5.95248  5.95243  -0.00411387
5.94544  5.94553  5.94548  -0.00411003
5.93853  5.93857  5.93853  -0.0041062
5.93158  5.93162  5.93162  -0.00410238
5.92467  5.92471  5.92467  -0.00409856
5.91772  5.91781  5.91776  -0.00409474
5.91081  5.91085  5.91085  -0.00409093
5.9039  5.90399  5.90395  -0.00408712
5.89704  5.89708  5.89704  -0.00408332
5.89013  5.89018  5.89018  -0.00407952
5.88327  5.88331  5.88327  -0.00407573
5.87636  5.87645  5.87641  -0.00407195
5.8695  5.86954  5.86954  -0.00406815
5.86264  5.86273  5.86268  -0.00406437
5.85582  5.85586  5.85582  -0.0040606
5.84896  5.849  5.849  -0.00405683
5.84214  5.84218  5.84214  -0.00405306
5.83532  5.83536  5.83532  -0.0040493
5.8285  5.82855  5.8285  -0.00404554
5.82168  5.82173  5.82168  -0.00404178
5.81487  5.81491  5.81491  -0.00403804
5.80809  5.80814  5.80809  -0.0040343
5.80128  5.80132  5.80132  -0.00403055
5.7945  5.79455  5.79455  -0.00402682
5.78773  5.78778  5.78778  -0.00402309
5.78096  5.781  5.781  -0.00401936
5.77423  5.77427  5.77423  -0.00401564
5.76746  5.7675  5.7675  -0.00401193
5.76073  5.76077  5.76073  -0.00400822
5.754  5.75405  5.754  -0.00400451
5.74727  5.74732  5.74727  -0.0040008
5.74054  5.74059  5.74054  -0.00399711
5.73382  5.73386  5.73386  -0.00399341
5.72713  5.72718  5.72713  -0.00398972
5.72041  5.72049  5.72045  -0.00398602
5.71372  5.71377  5.71377  -0.00398234
5.70704  5.70708  5.70708  -0.00397867
5.7004  5.70045  5.7004  -0.00397499
5.69372  5.69376  5.69372  -0.00397133
5.68703  5.68712  5.68708  -0.00396766
5.6804  5.68044  5.68044  -0.003964
5.67376  5.6738  5.67376  -0.00396034
5.66712  5.66716  5.66716  -0.00395669
5.66048  5.66053  5.66053  -0.00395304
5.65389  5.65393  5.65389  -0.0039494
5.64725  5.64729  5.64729  -0.00394576
5.64066  5.6407  5.64066  -0.00394213
5.63406  5.63411  5.63406  -0.0039385
5.62747  5.62751  5.62747  -0.00393487
5.62087  5.62092  5.62087  -0.00393124
5.61428  5.61433  5.61433  -0.00392762
5.60773  5.60778  5.60773  -0.00392401
5.60114  5.60118  5.60118  -0.0039204
5.59459  5.59464  5.59464  -0.0039168
5.58804  5.58809  5.58809  -0.0039132
5.58149  5.58154  5.58154  -0.0039096
5.57499  5.57503  5.57499  -0.00390601
5.56844  5.56849  5.56849  -0.00390242
5.56194  5.56198  5.56194  -0.00389884
5.55543  5.55548  5.55543  -0.00389526
5.54893  5.54897  5.54893  -0.00389168
5.54243  5.54247  5.54243  -0.0038881
