5e-07  0.475 0.5
1.27  0.011  3.75e-06
0.001564 0.819447  13.9777  17.0575  100
9.09349e-07  3.43709e-11  1.13983e-16
270  550
0.995907  1.00409  0.970703  0.00848036
2.63799  2.58939  2.6257  0.0782904
3.81879  3.78025  3.78359  0.095381
4.50762  4.46922  4.49051  0.0999517
4.93275  4.88768  4.90845  0.116354
5.14815  5.15181  5.15003  0.0926564
5.29798  5.26864  5.2803  0.0908638
5.34648  5.3502  5.35405  0.083078
5.39734  5.38942  5.38825  0.0675221
5.40155  5.39635  5.40496  0.0640185
5.4045  5.40549  5.40247  0.0560953
5.39768  5.39246  5.39867  0.0442241
5.37635  5.37644  5.37566  0.0465988
5.35904  5.3571  5.36133  0.0312835
5.3253  5.3246  5.32368  0.0358305
5.29691  5.29579  5.30048  0.0232836
5.25353  5.25449  5.25197  0.0263425
5.21689  5.21514  5.22048  0.0168989
5.16464  5.16741  5.16389  0.0191697
5.12189  5.12004  5.12525  0.0114992
5.06305  5.06675  5.06289  0.0134537
5.01498  5.01357  5.01836  0.00736544
4.95224  4.95639  4.95232  0.00857565
4.89958  4.89869  4.90313  0.00428339
4.83496  4.83936  4.83513  0.004486
4.77868  4.77832  4.78242  0.00186926
4.71359  4.71797  4.71373  0.00115126
4.6546  4.65487  4.65853  -6.41021e-05
4.59008  4.59422  4.5901  -0.00156993
4.52916  4.53008  4.53327  -0.00160083
4.46591  4.4697  4.46577  -0.00378803
4.4038  4.40531  4.40802  -0.00284138
4.3422  4.34562  4.34191  -0.00555599
4.27959  4.28158  4.28383  -0.00387789
4.2198  4.22285  4.21939  -0.00692359
4.15728  4.15967  4.16146  -0.00476387
4.09934  4.10205  4.09887  -0.00795352
4.03743  4.04012  4.04148  -0.0055248
3.98131  3.98371  3.9808  -0.00870472
3.9204  3.9233  3.92427  -0.00617898
3.86603  3.86817  3.86552  -0.00922783
3.80644  3.80946  3.81008  -0.00673959
3.75372  3.75566  3.75327  -0.00956694
3.69571  3.69878  3.6991  -0.00721606
3.64455  3.64633  3.64417  -0.00976154
3.58829  3.59134  3.5914  -0.00761384
3.5386  3.54027  3.53832  -0.00984567
3.48419  3.48718  3.48703  -0.00793778
3.43591  3.4375  3.43575  -0.00984768
3.38341  3.3863  3.38598  -0.00819447
3.33648  3.33802  3.33644  -0.00979016
3.2859  3.28868  3.28822  -0.00838936
3.24029  3.24181  3.24038  -0.00969143
3.19161  3.19426  3.1937  -0.00852729
3.14728  3.14879  3.14749  -0.00956466
3.10047  3.10298  3.10235  -0.00861429
3.0574  3.05891  3.05772  -0.009421
3.01239  3.01476  3.01408  -0.00865692
2.97057  2.97207  2.97098  -0.0092679
2.92728  2.92952  2.92881  -0.00866093
2.88669  2.88819  2.88718  -0.00910907
2.84505  2.84717  2.84644  -0.00863146
2.80568  2.80718  2.80624  -0.00894825
2.7656  2.76761  2.76687  -0.00857336
2.72745  2.72893  2.72805  -0.00878685
2.68885  2.69075  2.69002  -0.00849209
2.65188  2.65335  2.65252  -0.00862602
2.6147  2.6165  2.61578  -0.00839222
2.5789  2.58035  2.57956  -0.00846605
2.54305  2.54476  2.54405  -0.00827689
2.50839  2.50981  2.50906  -0.00830723
2.47381  2.47544  2.47475  -0.00814955
2.44027  2.44166  2.44094  -0.00814926
2.4069  2.40845  2.40778  -0.00801304
2.37444  2.3758  2.37511  -0.00799215
2.34221  2.34369  2.34304  -0.00787024
2.31081  2.31213  2.31147  -0.00783619
2.27968  2.28109  2.28046  -0.00772258
2.2493  2.25058  2.24994  -0.0076808
2.2192  2.22056  2.21995  -0.00757205
2.18981  2.19106  2.19044  -0.00752655
2.16072  2.16202  2.16143  -0.00741981
2.13228  2.13348  2.13289  -0.00737317
2.10413  2.10539  2.10482  -0.007267
2.07662  2.07778  2.07721  -0.00722092
2.04938  2.05059  2.05004  -0.00711476
2.02275  2.02387  2.02332  -0.00706954
1.99639  1.99755  1.99702  -0.00696337
1.97062  1.97169  1.97116  -0.00691987
1.94509  1.94621  1.9457  -0.0068137
1.92013  1.92117  1.92066  -0.00677164
1.89542  1.8965  1.896  -0.00666604
1.87125  1.87225  1.87175  -0.0066254
1.8473  1.84834  1.84786  -0.00652067
1.82389  1.82485  1.82437  -0.00648089
1.80069  1.80169  1.80123  -0.00637815
1.778  1.77893  1.77847  -0.00633866
1.75552  1.75648  1.75603  -0.00623793
1.73352  1.73442  1.73397  -0.00619873
1.71173  1.71266  1.71223  -0.00610086
1.69041  1.69127  1.69084  -0.00606136
1.66928  1.67017  1.66975  -0.00596664
1.64859  1.64943  1.64901  -0.00592629
1.6281  1.62897  1.62856  -0.005835
1.60804  1.60884  1.60844  -0.00579437
1.58816  1.589  1.58861  -0.00570651
1.56869  1.56947  1.56909  -0.00566502
1.54941  1.55022  1.54984  -0.00558117
1.53051  1.53126  1.53089  -0.00553853
1.5118  1.51258  1.51221  -0.0054584
1.49345  1.49418  1.49382  -0.00541491
1.47529  1.47603  1.47568  -0.0053385
1.45747  1.45817  1.45782  -0.00529443
1.43983  1.44055  1.44021  -0.00522174
1.42252  1.4232  1.42287  -0.00517681
1.4054  1.40609  1.40576  -0.00510756
1.38858  1.38924  1.38891  -0.00506206
1.37194  1.37262  1.37229  -0.00499595
1.3556  1.35624  1.35592  -0.00495045
1.33944  1.34009  1.33977  -0.00488721
1.32355  1.32417  1.32386  -0.00484142
1.30784  1.30847  1.30817  -0.00478104
1.2924  1.29299  1.2927  -0.00473554
1.27713  1.27773  1.27744  -0.00467773
1.26211  1.26269  1.2624  -0.00463223
1.24726  1.24784  1.24756  -0.00457671
1.23265  1.23321  1.23293  -0.0045315
1.21821  1.21878  1.2185  -0.00447827
1.204  1.20454  1.20427  -0.00443363
1.18995  1.1905  1.19024  -0.00438241
1.17612  1.17665  1.17639  -0.00433834
1.16246  1.16299  1.16273  -0.00428883
1.149  1.14951  1.14926  -0.00424562
1.1357  1.13621  1.13596  -0.00419783
1.1226  1.12309  1.12285  -0.00415519
1.10965  1.11015  1.10991  -0.00410911
1.0969  1.09738  1.09714  -0.00406733
1.08429  1.08477  1.08454  -0.0040224
1.07187  1.07234  1.07211  -0.00398177
1.0596  1.06006  1.05984  -0.00393827
1.0475  1.04795  1.04773  -0.00389849
1.03555  1.036  1.03577  -0.00385614
1.02376  1.0242  1.02398  -0.00381722
1.01211  1.01255  1.01234  -0.00377601
1.00063  1.00105  1.00084  -0.00373824
0.989282  0.989704  0.989496  -0.00369817
0.97809  0.978501  0.978297  -0.00366097
0.967031  0.967441  0.967239  -0.00362234
0.956122  0.956522  0.956324  -0.00358599
0.945343  0.94574  0.945545  -0.00354822
0.934709  0.935096  0.934904  -0.00351302
0.9242  0.924585  0.924395  -0.00347639
0.91383  0.914207  0.91402  -0.00344177
0.903583  0.903957  0.903773  -0.00340599
0.893471  0.893836  0.893655  -0.00337251
0.883477  0.88384  0.883661  -0.0033376
0.873614  0.873969  0.873792  -0.00330498
0.863866  0.864218  0.864044  -0.00327121
0.854243  0.854588  0.854417  -0.00323916
0.844733  0.845075  0.844906  -0.00320625
0.835345  0.83568  0.835513  -0.00317505
0.826065  0.826398  0.826233  -0.003143
0.816904  0.817229  0.817067  -0.00311238
0.807848  0.808171  0.808011  -0.00308119
0.798906  0.799222  0.799065  -0.00305172
0.790067  0.79038  0.790225  -0.0030211
0.781338  0.781645  0.781492  -0.00299219
0.772709  0.773014  0.772863  -0.00296243
0.764187  0.764486  0.764337  -0.00293439
0.755762  0.756059  0.755912  -0.00290548
0.747441  0.747732  0.747587  -0.00287772
0.739214  0.739503  0.73936  -0.00284968
0.731088  0.731371  0.73123  -0.00282278
0.723053  0.723334  0.723194  -0.00279531
0.715116  0.715391  0.715254  -0.00276898
0.707268  0.707541  0.707405  -0.00274237
0.699514  0.699782  0.699648  -0.00271661
0.691847  0.692113  0.691981  -0.00269086
0.684272  0.684533  0.684403  -0.00266567
0.676781  0.67704  0.676911  -0.0026402
0.669379  0.669633  0.669506  -0.00261588
0.662059  0.662311  0.662186  -0.00259098
0.654826  0.655073  0.654949  -0.00256723
0.647672  0.647917  0.647795  -0.00254319
0.640602  0.640843  0.640722  -0.00251973
0.63361  0.633849  0.633729  -0.00249626
0.626699  0.626934  0.626816  -0.00247337
0.619864  0.620096  0.61998  -0.00245047
0.613107  0.613336  0.613222  -0.00242815
0.606425  0.606652  0.606539  -0.00240583
0.599819  0.600042  0.599931  -0.00238408
0.593285  0.593506  0.593396  -0.00236205
0.586826  0.587043  0.586934  -0.00234087
0.580437  0.580652  0.580544  -0.00231969
0.574119  0.574331  0.574225  -0.0022988
0.567871  0.56808  0.567975  -0.00227791
0.561692  0.561898  0.561795  -0.00225759
0.55558  0.555784  0.555682  -0.00223728
0.549536  0.549737  0.549636  -0.00221753
0.543557  0.543757  0.543657  -0.00219778
0.537645  0.537841  0.537743  -0.00217833
0.531796  0.53199  0.531893  -0.00215887
0.526011  0.526203  0.526106  -0.00213998
0.520288  0.520478  0.520383  -0.00212109
0.514628  0.514815  0.514721  -0.00210249
0.509028  0.509213  0.509121  -0.00208389
0.503489  0.503672  0.50358  -0.00206586
0.498009  0.49819  0.498099  -0.00204783
0.492588  0.492767  0.492677  -0.0020298
0.487225  0.487401  0.487313  -0.00201235
0.48192  0.482093  0.482006  -0.00199489
0.47667  0.476842  0.476756  -0.00197772
0.471477  0.471647  0.471561  -0.00196055
0.466338  0.466506  0.466422  -0.00194367
0.461254  0.46142  0.461337  -0.00192707
0.456224  0.456388  0.456306  -0.00191076
0.451247  0.451409  0.451327  -0.00189444
0.446321  0.446482  0.446401  -0.00187813
0.441449  0.441607  0.441527  -0.00186239
0.436626  0.436783  0.436704  -0.00184637
0.431854  0.432009  0.431931  -0.00183091
0.427133  0.427286  0.427209  -0.00181546
0.42246  0.422611  0.422535  -0.00180001
0.417836  0.417985  0.41791  -0.00178513
0.41326  0.413408  0.413333  -0.00176996
0.408731  0.408878  0.408804  -0.00175537
0.40425  0.404394  0.404321  -0.00174049
0.399814  0.399957  0.399885  -0.00172618
0.395425  0.395566  0.395495  -0.00171187
0.39108  0.39122  0.39115  -0.00169756
0.38678  0.386919  0.386849  -0.00168354
0.382525  0.382661  0.382593  -0.00166952
0.378313  0.378448  0.37838  -0.00165578
0.374144  0.374278  0.37421  -0.00164233
0.370018  0.37015  0.370083  -0.00162859
0.365933  0.366064  0.365998  -0.00161543
0.361891  0.36202  0.361955  -0.00160227
0.357889  0.358017  0.357953  -0.0015891
0.353929  0.354055  0.353992  -0.00157622
0.350008  0.350133  0.35007  -0.00156335
0.346127  0.346251  0.346189  -0.00155047
0.342286  0.342408  0.342346  -0.00153788
0.338483  0.338604  0.338543  -0.00152557
0.334719  0.334838  0.334778  -0.00151327
0.330992  0.331111  0.331051  -0.00150096
0.327303  0.327421  0.327361  -0.00148894
0.323651  0.323767  0.323709  -0.00147692
0.320036  0.320151  0.320093  -0.0014649
0.316457  0.316571  0.316514  -0.00145317
0.312914  0.313027  0.31297  -0.00144172
0.309407  0.309518  0.309462  -0.00142999
0.305934  0.306044  0.305989  -0.00141883
0.302496  0.302605  0.302551  -0.00140738
0.299093  0.299201  0.299147  -0.00139622
0.295723  0.29583  0.295776  -0.00138506
0.292387  0.292493  0.29244  -0.00137419
0.289085  0.28919  0.289137  -0.00136331
0.285815  0.285918  0.285866  -0.00135244
0.282577  0.28268  0.282628  -0.00134156
0.279372  0.279473  0.279422  -0.00133098
0.276199  0.276299  0.276248  -0.00132067
0.273056  0.273156  0.273106  -0.00131009
0.269945  0.270044  0.269994  -0.00129978
0.266865  0.266963  0.266913  -0.00128948
0.263815  0.263912  0.263863  -0.00127947
0.260796  0.260892  0.260843  -0.00126945
0.257806  0.257901  0.257853  -0.00125943
0.254846  0.25494  0.254892  -0.00124942
0.251915  0.252008  0.251961  -0.00123969
0.249013  0.249105  0.249058  -0.00122996
0.246139  0.24623  0.246184  -0.00122051
0.243294  0.243384  0.243338  -0.00121078
0.240477  0.240566  0.240521  -0.00120134
0.237687  0.237775  0.237731  -0.00119218
0.234925  0.235012  0.234968  -0.00118274
0.23219  0.232277  0.232233  -0.00117358
0.229482  0.229568  0.229524  -0.00116443
0.2268  0.226885  0.226843  -0.00115527
0.224145  0.22423  0.224187  -0.0011464
0.221517  0.2216  0.221558  -0.00113753
0.218913  0.218996  0.218954  -0.00112865
0.216336  0.216417  0.216376  -0.00111978
0.213783  0.213864  0.213823  -0.0011112
0.211256  0.211336  0.211296  -0.00110233
0.208753  0.208833  0.208792  -0.00109374
0.206276  0.206354  0.206314  -0.00108544
0.203822  0.2039  0.20386  -0.00107686
0.201392  0.201469  0.20143  -0.00106856
0.198987  0.199063  0.199024  -0.00106026
0.196604  0.19668  0.196642  -0.00105196
0.194246  0.194321  0.194282  -0.00104395
0.19191  0.191984  0.191946  -0.00103593
0.189597  0.189671  0.189634  -0.00102764
0.187307  0.18738  0.187343  -0.00101991
0.18504  0.185112  0.185075  -0.0010119
0.182795  0.182866  0.18283  -0.00100388
0.180571  0.180642  0.180606  -0.000996157
0.17837  0.17844  0.178405  -0.000988431
0.17619  0.17626  0.176225  -0.000980704
0.174032  0.174101  0.174066  -0.000973264
0.171895  0.171963  0.171929  -0.000965537
0.169779  0.169847  0.169812  -0.000958097
0.167684  0.167751  0.167717  -0.000950656
0.16561  0.165676  0.165642  -0.000943216
0.163556  0.163621  0.163588  -0.000935775
0.161522  0.161587  0.161553  -0.000928621
0.159508  0.159572  0.159539  -0.000921181
0.157514  0.157578  0.157545  -0.000914027
0.15554  0.155603  0.155571  -0.000906872
0.153585  0.153648  0.153616  -0.000900004
0.15165  0.151712  0.15168  -0.00089285
0.149734  0.149795  0.149764  -0.000885696
0.147836  0.147898  0.147867  -0.000878828
0.145958  0.146019  0.145988  -0.00087196
0.144099  0.144159  0.144128  -0.000865092
0.142257  0.142317  0.142286  -0.000858223
0.140434  0.140493  0.140463  -0.000851642
0.13863  0.138688  0.138658  -0.000844773
0.136843  0.136901  0.136871  -0.000838192
0.135074  0.135131  0.135102  -0.00083161
0.133323  0.133379  0.13335  -0.000825028
0.131589  0.131645  0.131616  -0.000818446
0.129872  0.129928  0.129899  -0.000811864
0.128173  0.128228  0.1282  -0.000805568
0.126491  0.126545  0.126517  -0.000798986
0.124826  0.12488  0.124852  -0.000792691
0.123177  0.123231  0.123203  -0.000786395
0.121545  0.121598  0.121571  -0.000780099
0.119929  0.119982  0.119955  -0.000773803
0.11833  0.118382  0.118356  -0.000767508
0.116747  0.116799  0.116772  -0.000761498
0.11518  0.115231  0.115205  -0.000755202
0.113629  0.11368  0.113654  -0.000749193
0.112094  0.112144  0.112118  -0.000743183
0.110574  0.110624  0.110598  -0.000737174
0.10907  0.109119  0.109094  -0.000731164
0.107581  0.10763  0.107604  -0.000725154
0.106107  0.106156  0.106131  -0.000719431
0.104649  0.104697  0.104672  -0.000713421
0.103205  0.103253  0.103228  -0.000707698
0.101776  0.101823  0.101799  -0.000701689
0.100362  0.100409  0.100385  -0.000695965
0.0989627  0.0990088  0.098985  -0.000690242
0.0975776  0.0976234  0.0975997  -0.000684518
0.0962069  0.0962524  0.0962289  -0.000678795
0.0948504  0.0948954  0.0948722  -0.000673358
0.093508  0.0935527  0.0935295  -0.000667634
0.0921796  0.092224  0.0922011  -0.000662197
0.0908652  0.090909  0.0908864  -0.000656474
0.0895643  0.0896078  0.0895852  -0.000651036
0.0882774  0.0883203  0.088298  -0.000645599
0.0870037  0.0870463  0.0870243  -0.000640162
0.0857436  0.0857857  0.085764  -0.000634725
0.0844965  0.0845386  0.0845168  -0.000629288
0.0832628  0.0833043  0.0832829  -0.000624136
0.0820423  0.0820835  0.0820621  -0.000618699
0.0808347  0.0808753  0.0808544  -0.000613262
0.0796399  0.0796803  0.0796594  -0.000608111
0.078458  0.0784981  0.0784772  -0.00060296
0.0772888  0.0773282  0.0773076  -0.000597523
0.0761321  0.0761713  0.0761507  -0.000592372
0.0749877  0.0750266  0.0750063  -0.000587221
0.0738559  0.0738942  0.0738742  -0.00058207
0.0727361  0.0727741  0.0727544  -0.000577205
0.0716286  0.0716661  0.0716466  -0.000572054
0.0705331  0.0705703  0.0705509  -0.000566903
0.0694494  0.0694866  0.0694672  -0.000562038
0.068378  0.0684143  0.0683955  -0.000556887
0.067318  0.0673544  0.0673352  -0.000552022
0.0662698  0.0663056  0.066287  -0.000547157
0.065233  0.0652688  0.0652502  -0.000542292
0.0642079  0.0642431  0.0642248  -0.000537141
0.0631943  0.0632292  0.0632109  -0.000532276
0.0621919  0.0622265  0.0622082  -0.000527697
0.0612006  0.0612349  0.0612169  -0.000522832
0.0602204  0.0602545  0.0602368  -0.000517967
0.0592515  0.059285  0.0592675  -0.000513103
0.0582934  0.0583266  0.0583091  -0.000508524
0.0573462  0.0573791  0.0573619  -0.000503659
0.0564098  0.0564421  0.0564253  -0.00049908
0.055484  0.0555161  0.0554992  -0.000494215
0.0545689  0.0546006  0.054584  -0.000489637
0.0536643  0.0536958  0.0536792  -0.000485058
0.05277  0.0528015  0.0527849  -0.000480479
0.0518863  0.0519172  0.0519009  -0.0004759
0.0510129  0.0510435  0.0510272  -0.000471322
0.0501496  0.0501799  0.0501639  -0.000466743
0.0492965  0.0493262  0.0493105  -0.000462164
0.0484531  0.0484829  0.0484672  -0.000457872
0.0476201  0.0476496  0.0476338  -0.000453293
0.0467968  0.046826  0.0468105  -0.000448714
0.0459835  0.0460121  0.0459969  -0.000444422
0.0451796  0.045208  0.0451931  -0.000440129
0.0443855  0.0444136  0.0443987  -0.000435551
0.0436011  0.0436289  0.043614  -0.000431258
0.0428259  0.0428537  0.0428391  -0.000426965
0.0420604  0.0420876  0.0420733  -0.000422673
0.041304  0.0413312  0.0413169  -0.00041838
0.0405571  0.040584  0.0405697  -0.000414088
0.0398194  0.039846  0.039832  -0.000409795
0.0390908  0.0391171  0.0391031  -0.000405503
0.0383714  0.0383971  0.0383834  -0.00040121
0.0376608  0.0376863  0.0376728  -0.000397204
0.0369591  0.0369843  0.0369709  -0.000392911
0.0362663  0.0362915  0.036278  -0.000388619
0.0355824  0.035607  0.0355938  -0.000384612
0.0349073  0.0349316  0.0349184  -0.00038032
0.0342405  0.0342645  0.0342517  -0.000376313
0.0335826  0.0336064  0.0335938  -0.000372307
0.032933  0.0329568  0.0329439  -0.000368301
0.032292  0.0323154  0.0323029  -0.000364008
0.0316593  0.0316824  0.0316701  -0.000360002
0.0310351  0.0310577  0.0310457  -0.000355995
0.030419  0.0304416  0.0304296  -0.000351989
0.0298112  0.0298335  0.0298215  -0.000347983
0.0292114  0.0292334  0.0292217  -0.000344262
0.0286198  0.0286416  0.0286299  -0.000340256
0.0280361  0.0280575  0.0280461  -0.00033625
0.0274606  0.0274818  0.0274703  -0.000332529
0.0268925  0.0269134  0.0269023  -0.000328523
0.0263325  0.0263534  0.0263419  -0.000324517
0.0257802  0.0258008  0.0257896  -0.000320796
0.0252356  0.0252559  0.025245  -0.000317076
0.0246987  0.0247185  0.0247079  -0.00031307
0.0241693  0.0241891  0.0241782  -0.00030935
0.0236474  0.0236668  0.0236562  -0.000305629
0.0231328  0.023152  0.0231417  -0.000301909
0.0226257  0.0226446  0.0226343  -0.000298189
0.0221261  0.0221447  0.0221347  -0.000294469
0.0216336  0.0216519  0.0216419  -0.000290749
0.0211485  0.0211666  0.0211565  -0.000287028
0.0206703  0.0206884  0.0206783  -0.000283308
0.0201993  0.020217  0.0202073  -0.000279588
0.0197354  0.0197529  0.0197431  -0.000276154
0.0192784  0.0192956  0.0192861  -0.000272434
0.0188285  0.0188454  0.0188363  -0.000268714
0.0183856  0.0184022  0.018393  -0.000265279
0.0179491  0.0179657  0.0179566  -0.000261559
0.0175196  0.0175359  0.017527  -0.000258125
0.0170969  0.017113  0.0171041  -0.000254691
0.0166808  0.0166966  0.0166877  -0.000250971
0.0162713  0.0162868  0.0162782  -0.000247537
0.0158681  0.0158836  0.015875  -0.000244103
0.0154718  0.0154869  0.0154784  -0.000240669
0.0150817  0.0150966  0.0150883  -0.000237235
0.014698  0.0147126  0.0147043  -0.000233801
0.0143205  0.0143351  0.0143268  -0.000230367
0.0139494  0.0139637  0.0139556  -0.000226933
0.0135845  0.0135985  0.0135908  -0.000223499
0.0132259  0.0132396  0.0132319  -0.000220351
0.0128734  0.0128868  0.0128794  -0.000216917
0.0125268  0.0125402  0.0125328  -0.000213483
0.0121865  0.0121994  0.0121923  -0.000210335
0.011852  0.0118649  0.0118574  -0.000206901
0.0115235  0.0115361  0.0115289  -0.000203753
0.0112007  0.0112133  0.0112061  -0.000200319
0.0108839  0.0108962  0.0108893  -0.000197171
0.0105728  0.0105849  0.010578  -0.000194023
0.0102675  0.0102795  0.0102726  -0.000190875
0.00996787  0.0099796  0.00997273  -0.000187727
0.00967369  0.00968513  0.00967855  -0.00018458
0.00938523  0.00939639  0.00938981  -0.000181432
0.0091022  0.00911308  0.00910678  -0.000178284
0.00882462  0.00883521  0.0088292  -0.000175136
0.00855219  0.00856306  0.00855677  -0.000171988
0.00828548  0.00829606  0.00828977  -0.00016884
0.0080242  0.00803422  0.00802821  -0.000165979
0.00776779  0.00777781  0.00777209  -0.000162831
0.00751682  0.00752684  0.00752112  -0.000159683
0.00727129  0.00728073  0.0072753  -0.000156821
0.00703062  0.00704006  0.00703434  -0.000153673
0.0067951  0.00680426  0.00679882  -0.000150812
0.00656445  0.00657361  0.00656817  -0.00014795
0.00633895  0.00634782  0.00634267  -0.000144802
0.00611831  0.00612718  0.00612175  -0.00014194
0.00590254  0.00591112  0.00590597  -0.000139079
0.00569163  0.00569993  0.00569507  -0.000136217
0.0054853  0.0054936  0.00548874  -0.000133355
0.00528413  0.00529185  0.00528727  -0.000130493
0.00508724  0.00509497  0.00509039  -0.000127918
0.00489522  0.00490266  0.00489808  -0.000125056
0.00470778  0.00471522  0.00471064  -0.000122195
0.00452492  0.00453207  0.00452778  -0.000119333
0.00434663  0.0043535  0.00434921  -0.000116757
0.00417264  0.00417951  0.00417522  -0.000113896
0.00400323  0.00400981  0.00400581  -0.00011132
0.00383811  0.00384441  0.0038404  -0.000108745
0.003677  0.00368358  0.00367957  -0.000105883
0.00352046  0.00352676  0.00352275  -0.000103307
0.00336793  0.00337394  0.00337022  -0.000100732
0.0032197  0.00322542  0.00322199  -9.81563e-05
0.00307575  0.00308119  0.00307776  -9.55807e-05
0.00293553  0.00294097  0.00293753  -9.30052e-05
0.0027996  0.00280504  0.0028016  -9.04297e-05
0.00266768  0.00267283  0.00266939  -8.78541e-05
0.00253976  0.00254462  0.00254147  -8.55648e-05
0.00241556  0.00242042  0.00241728  -8.29893e-05
0.00229508  0.00229995  0.0022968  -8.06999e-05
0.00217861  0.00218319  0.00218004  -7.81244e-05
0.00206557  0.00207015  0.002067  -7.5835e-05
0.00195654  0.00196055  0.00195769  -7.35457e-05
0.00185095  0.00185495  0.00185209  -7.09701e-05
0.00174907  0.00175308  0.00175021  -6.86808e-05
0.00165063  0.00165463  0.00165206  -6.63914e-05
0.00155591  0.00155963  0.00155705  -6.41021e-05
0.00146462  0.00146805  0.00146548  -6.20989e-05
0.00137648  0.00137991  0.00137734  -5.98095e-05
0.00129177  0.00129492  0.00129263  -5.75201e-05
0.00121021  0.00121336  0.00121107  -5.5517e-05
0.00113209  0.00113524  0.00113295  -5.32276e-05
0.0010574  0.00105997  0.00105797  -5.12244e-05
0.000985569  0.000988145  0.000986141  -4.8935e-05
0.000916888  0.000919464  0.000917461  -4.69319e-05
0.000851069  0.000853645  0.000851642  -4.49287e-05
0.000788398  0.000790687  0.00078897  -4.29255e-05
0.000728588  0.000730878  0.000729161  -4.09223e-05
0.000671927  0.00067393  0.000672213  -3.92053e-05
0.000617841  0.000619844  0.000618127  -3.72021e-05
0.000566616  0.000568333  0.000566903  -3.51989e-05
0.000517967  0.000519684  0.000518254  -3.34819e-05
0.00047218  0.000473611  0.000472466  -3.14787e-05
0.000428969  0.000430399  0.000428969  -2.97617e-05
0.000388333  0.000389477  0.000388333  -2.80446e-05
0.000349986  0.00035113  0.000349986  -2.63276e-05
0.000314215  0.000315359  0.000314215  -2.46106e-05
0.000280733  0.000281877  0.000280733  -2.31798e-05
0.000249826  0.000250685  0.00024954  -2.14627e-05
0.000220923  0.000221782  0.000220923  -1.97457e-05
0.000194309  0.000195168  0.000194023  -1.83149e-05
0.000169699  0.000170557  0.000169699  -1.6884e-05
0.000147377  0.00014795  0.000147091  -1.54532e-05
0.000126773  0.000127346  0.000126773  -1.40223e-05
0.000108458  0.000108745  0.000108172  -1.25915e-05
9.15744e-05  9.21467e-05  9.12882e-05  -1.14468e-05
7.66935e-05  7.69797e-05  7.64074e-05  -1.00159e-05
6.35297e-05  6.38159e-05  6.32435e-05  -8.87127e-06
5.20829e-05  5.23691e-05  5.17967e-05  -7.72659e-06
4.2067e-05  4.23531e-05  4.17808e-05  -6.58191e-06
3.34819e-05  3.3768e-05  3.31957e-05  -5.7234e-06
2.63276e-05  2.63276e-05  2.60415e-05  -4.57872e-06
2.06042e-05  2.06042e-05  2.03181e-05  -3.72021e-06
1.57393e-05  1.57393e-05  1.54532e-05  -3.14787e-06
1.1733e-05  1.1733e-05  1.14468e-05  -2.57553e-06
8.5851e-06  8.5851e-06  8.5851e-06  -2.00319e-06
6.29574e-06  6.29574e-06  6.29574e-06  -1.43085e-06
4.57872e-06  4.57872e-06  4.29255e-06  -1.14468e-06
3.14787e-06  3.14787e-06  3.14787e-06  -8.5851e-07
2.28936e-06  2.28936e-06  2.28936e-06  -5.7234e-07
1.43085e-06  1.43085e-06  1.43085e-06  -2.8617e-07
1.14468e-06  1.14468e-06  8.5851e-07  -2.8617e-07
