5e-07  0.475 0.5
1.97  0.24  2.5e-05
0.044368 0.518981  8.92075  17.189  100
6.45568e-06  1.32372e-09  1.35067e-14
75  160
0.929948  1.07005  0.789711  0.153162
2.2563  2.48798  2.3372  0.347483
3.28461  3.41205  3.32003  0.401652
3.96247  4.00417  3.99081  0.369125
4.35533  4.37471  4.37028  0.315098
4.56527  4.55639  4.59102  0.251916
4.64087  4.61829  4.64844  0.183891
4.59813  4.57468  4.61903  0.131321
4.50328  4.47033  4.50903  0.0772604
4.34214  4.31386  4.35512  0.0389407
4.16126  4.12955  4.1661  0.00292845
3.95257  3.92431  3.95912  -0.0228613
3.73795  3.70996  3.74089  -0.0446259
3.51722  3.49152  3.51965  -0.0603371
3.29881  3.27456  3.29948  -0.0723307
3.08447  3.0621  3.08433  -0.0806251
2.87752  2.8567  2.87632  -0.0862067
2.679  2.65984  2.6772  -0.0894522
2.49036  2.47258  2.48787  -0.0909265
2.31178  2.29542  2.3089  -0.0909444
2.14377  2.12862  2.14049  -0.089879
1.9861  1.97215  1.98261  -0.0879523
1.83873  1.82582  1.83503  -0.0854072
1.70124  1.68932  1.69745  -0.0823994
1.57328  1.56226  1.56943  -0.0790804
1.45438  1.44419  1.45052  -0.075556
1.34406  1.33463  1.34023  -0.0719191
1.24183  1.2331  1.23806  -0.0682391
1.14718  1.13909  1.14349  -0.0645708
1.05962  1.05213  1.05603  -0.0609568
0.978689  0.971738  0.975211  -0.0574288
0.903911  0.897463  0.900558  -0.0540107
0.834855  0.828871  0.831632  -0.0507186
0.771105  0.765549  0.768017  -0.0475646
0.712271  0.707109  0.709318  -0.0445555
0.657983  0.653187  0.655168  -0.0416952
0.607899  0.603441  0.60522  -0.0389842
0.561697  0.557553  0.559153  -0.0364221
0.51908  0.515226  0.516668  -0.0340057
0.47977  0.476184  0.477486  -0.0317314
0.443509  0.440172  0.441349  -0.0295948
0.41006  0.406953  0.40802  -0.0275901
0.379202  0.37631  0.377277  -0.0257118
0.350733  0.348039  0.348917  -0.0239541
0.324463  0.321953  0.322752  -0.0223102
0.30022  0.297881  0.29861  -0.0207749
0.277844  0.275664  0.276329  -0.0193414
0.257188  0.255156  0.255764  -0.0180043
0.238116  0.236222  0.236778  -0.0167578
0.220504  0.218738  0.219248  -0.015596
0.204238  0.20259  0.203057  -0.014514
0.189209  0.187673  0.188102  -0.0135065
0.175323  0.17389  0.174284  -0.0125685
0.162489  0.161151  0.161515  -0.0116959
0.150625  0.149376  0.149711  -0.0108838
0.139655  0.138489  0.138799  -0.0101288
0.12951  0.128421  0.128707  -0.00942612
0.120125  0.119108  0.119373  -0.00877281
0.111441  0.110492  0.110736  -0.00816569
0.103404  0.102517  0.102744  -0.00760071
0.0959646  0.095136  0.0953458  -0.00707564
0.0890764  0.088302  0.0884966  -0.00658779
0.0826967  0.081973  0.0821537  -0.00613402
0.0767864  0.0761102  0.0762779  -0.00571208
0.0713102  0.070678  0.070834  -0.00531974
0.0662353  0.0656438  0.0657891  -0.00495519
0.0615303  0.0609774  0.0611124  -0.00461621
0.0571674  0.0566504  0.0567764  -0.00430099
0.0531211  0.0526378  0.0527552  -0.00400774
0.0493676  0.0489152  0.0490246  -0.00373511
0.045885  0.0454617  0.0455639  -0.00348132
0.0426525  0.0422561  0.0423516  -0.00324547
0.0396518  0.039281  0.0393703  -0.0030262
0.0368655  0.0365185  0.0366019  -0.00282174
0.0342783  0.0339532  0.0340308  -0.00263162
0.0318745  0.03157  0.0316431  -0.00245495
0.029641  0.0293563  0.0294244  -0.00229039
0.0275659  0.0272991  0.0273627  -0.00213704
0.0256369  0.0253867  0.0254463  -0.00199445
0.0238433  0.0236092  0.0236648  -0.00186173
0.0221757  0.0219565  0.0220085  -0.00173797
0.0206247  0.0204194  0.0204682  -0.00162273
0.0191823  0.0189894  0.0190352  -0.00151512
0.0178398  0.0176591  0.0177021  -0.00141513
0.0165905  0.0164215  0.0164619  -0.00132186
0.0154283  0.0152696  0.0153072  -0.00123487
0.0143463  0.0141975  0.0142329  -0.00115372
0.0133388  0.0131993  0.0132325  -0.00107794
0.0124008  0.0122698  0.0123012  -0.00100754
0.0115273  0.0114044  0.011434  -0.000941625
0.0107135  0.0105987  0.010626  -0.000880644
0.00995567  0.00984806  0.00987361  -0.00082325
0.0092499  0.00914856  0.00917278  -0.000769891
0.00859211  0.0084975  0.00851992  -0.000719671
0.00797915  0.00789037  0.00791145  -0.000673038
0.00740835  0.00732495  0.00734468  -0.000629544
0.00687611  0.00679764  0.00681647  -0.00058874
0.00638018  0.00630665  0.00632414  -0.000550627
0.00591789  0.00584884  0.00586543  -0.000515204
0.00548699  0.00542242  0.00543766  -0.000482023
0.00508567  0.00502514  0.00503949  -0.000451083
0.00471171  0.00465477  0.00466822  -0.000421938
0.00436286  0.00430951  0.00432206  -0.000394586
0.00403778  0.00398801  0.00399967  -0.000369027
0.00373511  0.00368803  0.00369924  -0.000345263
0.00345307  0.00340913  0.00341945  -0.000322843
0.00318987  0.00314906  0.00315848  -0.000302217
0.00294505  0.00290648  0.00291545  -0.000282488
0.00271726  0.00268094  0.00268946  -0.000264104
0.00250472  0.00247109  0.00247872  -0.000247065
0.00230698  0.00227515  0.00228277  -0.000230922
0.00212314  0.00209355  0.00210027  -0.000215677
0.00195185  0.00192405  0.00193033  -0.000201328
0.00179268  0.00176667  0.0017725  -0.000188325
0.00164471  0.00162004  0.00162542  -0.00017577
0.00150705  0.00148418  0.00148911  -0.000164112
0.00137926  0.00135773  0.00136222  -0.000152902
0.00126043  0.0012407  0.00124474  -0.000142589
0.00115058  0.00113174  0.00113578  -0.000132724
0.00104834  0.00103086  0.00103444  -0.000123756
0.000953732  0.000937141  0.000940729  -0.000115237
0.000865847  0.000850602  0.00085374  -0.000107166
0.000784688  0.000770788  0.000773478  -9.95433e-05
0.000709806  0.000696803  0.000699045  -9.2369e-05
0.000640754  0.000628199  0.000630441  -8.56431e-05
0.000576633  0.000565424  0.000567217  -7.93656e-05
0.000517894  0.000507133  0.000509374  -7.35365e-05
0.000463638  0.000453774  0.000455567  -6.77073e-05
0.000414315  0.000404899  0.000406244  -6.2775e-05
0.000368579  0.00036006  0.000361405  -5.73943e-05
0.000326879  0.000318807  0.000320153  -5.29104e-05
0.000288765  0.000281591  0.000282488  -4.84264e-05
0.00025379  0.000247513  0.000247961  -4.43909e-05
0.000222403  0.000216125  0.000217022  -4.03554e-05
0.000193706  0.000188325  0.000188773  -3.67682e-05
0.000167699  0.000162767  0.000163215  -3.36295e-05
0.000144383  0.000139899  0.000139899  -3.00423e-05
0.000123756  0.000119273  0.000119273  -2.7352e-05
0.000104924  0.000100888  0.000100888  -2.42132e-05
8.83334e-05  8.47463e-05  8.47463e-05  -2.15229e-05
7.35365e-05  7.03977e-05  7.03977e-05  -1.92809e-05
6.05331e-05  5.78427e-05  5.78427e-05  -1.65905e-05
4.93232e-05  4.70813e-05  4.66329e-05  -1.4797e-05
3.9907e-05  3.7665e-05  3.72166e-05  -1.2555e-05
3.13875e-05  2.95939e-05  2.91455e-05  -1.07614e-05
2.42132e-05  2.2868e-05  2.24197e-05  -8.96786e-06
1.83841e-05  1.70389e-05  1.65905e-05  -7.62268e-06
1.39002e-05  1.2555e-05  1.21066e-05  -5.82911e-06
9.86465e-06  8.96786e-06  8.51947e-06  -4.48393e-06
7.17429e-06  6.2775e-06  5.82911e-06  -3.58714e-06
4.93232e-06  4.03554e-06  3.58714e-06  -2.69036e-06
3.13875e-06  2.69036e-06  2.24197e-06  -1.79357e-06
1.79357e-06  1.79357e-06  1.34518e-06  -1.34518e-06
1.34518e-06  8.96786e-07  8.96786e-07  -8.96786e-07
8.96786e-07  4.48393e-07  4.48393e-07  -4.48393e-07
4.48393e-07  4.48393e-07  4.48393e-07  -4.48393e-07
4.48393e-07  0  0  0
0  0  0  0
0  0  0  0
0  0  0  0
