5e-07  0.475 0.5
1.8  0.42  3e-05
0.041 0.488487  5.72474  11.7193  100
6.45568e-06  1.32372e-09  1.35067e-14
62  134
0.894945  1.10506  0.796127  0.152985
2.24015  2.57714  2.3743  0.346058
3.25517  3.46911  3.34858  0.378109
3.84605  3.97792  3.92377  0.333164
4.14367  4.22144  4.20317  0.262542
4.24509  4.28216  4.29317  0.189495
4.21401  4.21982  4.24487  0.122461
4.08836  4.07559  4.11115  0.0672973
3.91059  3.88104  3.92053  0.0214563
3.69388  3.65646  3.69823  -0.0131031
3.46274  3.41781  3.45923  -0.0399899
3.22262  3.17498  3.21536  -0.059044
2.98528  2.93546  2.97383  -0.0726656
2.75356  2.70375  2.7399  -0.0814178
2.53223  2.48297  2.51664  -0.0866638
2.32259  2.27481  2.30602  -0.089052
2.12614  2.08019  2.10894  -0.0893532
1.94313  1.89938  1.92579  -0.0880682
1.77363  1.73222  1.75641  -0.0856486
1.61727  1.5783  1.60042  -0.0824275
1.47354  1.43701  1.4572  -0.0786725
1.34175  1.30765  1.32606  -0.0745871
1.22119  1.18944  1.20622  -0.0703291
1.11108  1.0816  1.09688  -0.0660166
1.01067  0.983352  0.997263  -0.0617369
0.919193  0.893927  0.906589  -0.0575537
0.835942  0.8126  0.824125  -0.053513
0.760222  0.738688  0.749177  -0.0496462
0.691392  0.671545  0.681091  -0.0459717
0.62885  0.610573  0.619263  -0.0425011
0.572038  0.555219  0.563132  -0.0392395
0.52044  0.504973  0.512179  -0.0361868
0.473585  0.459367  0.465931  -0.0333388
0.431037  0.417974  0.423954  -0.0306892
0.3924  0.380402  0.385853  -0.0282311
0.357314  0.346295  0.351265  -0.0259547
0.325448  0.315332  0.319863  -0.0238502
0.296502  0.287216  0.29135  -0.021907
0.270203  0.26168  0.265453  -0.0201162
0.246306  0.238483  0.241929  -0.0184672
0.224587  0.217407  0.220553  -0.0169496
0.20484  0.198251  0.201125  -0.0155542
0.186883  0.180835  0.183462  -0.0142728
0.170549  0.164999  0.1674  -0.0130954
0.155688  0.150592  0.152788  -0.0120152
0.142161  0.137483  0.139492  -0.0110244
0.129846  0.125551  0.127389  -0.0101154
0.11863  0.114686  0.116369  -0.00928181
0.108412  0.10479  0.106331  -0.00851741
0.099101  0.0957737  0.0971858  -0.0078166
0.0906123  0.0875554  0.0888494  -0.00717447
0.0828711  0.0800623  0.0812487  -0.00658615
0.0758092  0.0732281  0.074316  -0.00604673
0.0693656  0.0669927  0.0679912  -0.00555274
0.063483  0.0613016  0.0622176  -0.00509997
0.058112  0.0561059  0.0569472  -0.00468423
0.0532055  0.0513602  0.052133  -0.00430412
0.0487225  0.0470246  0.0477345  -0.00395476
0.0446245  0.0430629  0.0437148  -0.00363475
0.040878  0.03944  0.0400395  -0.00334198
0.0374508  0.0361274  0.0366787  -0.00307298
0.0343156  0.033097  0.0336043  -0.00282563
0.0314467  0.0303238  0.0307906  -0.00259924
0.0288195  0.0277854  0.0282151  -0.00239172
0.0264138  0.0254614  0.0258562  -0.00220097
0.0242107  0.0233324  0.0236964  -0.00202629
0.0221914  0.0213823  0.0217177  -0.00186559
0.0203412  0.0195949  0.0199038  -0.00171746
0.0186447  0.0179564  0.0182408  -0.00158191
0.0170893  0.0164542  0.0167169  -0.00145753
0.0156618  0.015077  0.0153188  -0.00134294
0.0143531  0.013813  0.0140359  -0.00123813
0.013152  0.0126531  0.0128586  -0.00114101
0.0120494  0.011589  0.011779  -0.00105227
0.011037  0.0106122  0.0107876  -0.000970524
0.0101077  0.00971572  0.00987712  -0.000895062
0.00925456  0.00889193  0.00904145  -0.00082519
0.0084706  0.00813591  0.00827356  -0.000761606
0.00775022  0.00744138  0.00756855  -0.000702914
0.00708923  0.00680345  0.00692083  -0.000648413
0.00648134  0.00621792  0.00632552  -0.000598105
0.00592306  0.00567921  0.00577912  -0.00055199
0.0054095  0.00518451  0.00527674  -0.000510067
0.00493786  0.00473034  0.00481489  -0.000470239
0.00450466  0.00431251  0.00439146  -0.000434605
0.00410639  0.00392961  0.00400158  -0.000401066
0.00374095  0.00357675  0.00364383  -0.000369624
0.00340487  0.00325395  0.00331543  -0.000341675
0.00309673  0.00295629  0.00301359  -0.000315123
0.00281305  0.00268379  0.00273619  -0.000290668
0.00255313  0.00243365  0.00248186  -0.000268309
0.00231417  0.00220377  0.00224849  -0.000247347
0.00209477  0.00199345  0.00203468  -0.000227783
0.00189423  0.0018006  0.00183834  -0.000209616
0.00170977  0.00162313  0.00165807  -0.000193546
0.00154068  0.00146173  0.00149317  -0.000178174
0.00138626  0.0013136  0.00134224  -0.000163501
0.00124512  0.00117804  0.0012046  -0.000150225
0.00111586  0.00105367  0.00107813  -0.000138347
0.000997774  0.000941178  0.000963537  -0.000127167
0.000890171  0.000837767  0.00085803  -0.000116686
0.000791651  0.000744138  0.000763004  -0.000106206
0.000702215  0.000658894  0.000675664  -9.71223e-05
0.000621163  0.000581336  0.000596708  -8.87376e-05
0.000547798  0.000510765  0.00052474  -8.10517e-05
0.00048072  0.000447182  0.000459759  -7.40645e-05
0.00042063  0.000389886  0.000401765  -6.70772e-05
0.00036613  0.000338181  0.000348662  -6.07888e-05
0.000317219  0.000292066  0.000301149  -5.45003e-05
0.0002732  0.000250841  0.000258527  -4.89105e-05
0.000234072  0.000213809  0.000220796  -4.40194e-05
0.000199136  0.000180969  0.000187257  -3.91284e-05
0.000167693  0.000151623  0.000157212  -3.49361e-05
0.000140443  0.00012577  0.000130661  -3.07437e-05
0.000115988  0.000103411  0.000107603  -2.72501e-05
9.50261e-05  8.38466e-05  8.73402e-05  -2.37565e-05
7.68593e-05  6.70772e-05  7.05709e-05  -2.02629e-05
6.14875e-05  5.31028e-05  5.5199e-05  -1.7468e-05
4.82118e-05  4.12246e-05  4.33207e-05  -1.46731e-05
3.70322e-05  3.14425e-05  3.28399e-05  -1.2577e-05
2.79489e-05  2.30578e-05  2.37565e-05  -9.7821e-06
2.02629e-05  1.67693e-05  1.7468e-05  -7.68593e-06
1.46731e-05  1.11795e-05  1.18783e-05  -6.28849e-06
1.04808e-05  7.68593e-06  7.68593e-06  -4.19233e-06
6.98721e-06  4.89105e-06  4.89105e-06  -3.49361e-06
4.19233e-06  2.79489e-06  2.79489e-06  -2.09616e-06
2.79489e-06  2.09616e-06  2.09616e-06  -1.39744e-06
1.39744e-06  6.98721e-07  6.98721e-07  -6.98721e-07
6.98721e-07  6.98721e-07  6.98721e-07  -6.98721e-07
6.98721e-07  0  0  0
0  0  0  0
0  0  0  0
0  0  0  0
0  0  0  0
