5e-07  0.475 0.5
1.26  0.008  2e-06
0.001594 0.799108  50.0787  62.6682  100
9.09349e-07  3.43709e-11  1.13983e-16
505  1020
1.00039  0.999606  0.973069  0.000491307
2.68125  2.62426  2.66303  0.0598613
3.97409  3.94076  3.94272  0.0761148
4.82449  4.80336  4.81349  0.0886229
5.46001  5.42476  5.44118  0.117575
5.91341  5.93623  5.92276  0.103544
6.3206  6.30047  6.30452  0.105148
6.62357  6.62714  6.63121  0.111943
6.9312  6.93219  6.92336  0.0943784
7.17997  7.16602  7.17776  0.0972584
7.41634  7.41597  7.41296  0.0945904
7.63022  7.62019  7.62666  0.0787666
7.81855  7.80816  7.8119  0.0880734
7.99156  7.98577  7.99169  0.0695686
8.14405  8.13289  8.13504  0.0755449
8.28003  8.27168  8.28111  0.0629225
8.39683  8.39001  8.38932  0.0654486
8.50446  8.49421  8.50468  0.0544336
8.58769  8.58317  8.5821  0.058012
8.67086  8.66154  8.67111  0.0465625
8.72703  8.72357  8.72238  0.050576
8.78751  8.77918  8.78836  0.0405662
8.82234  8.82051  8.81847  0.0432737
8.86304  8.85519  8.86435  0.0353974
8.88046  8.88005  8.87731  0.0369269
8.90428  8.8974  8.90614  0.0306312
8.90786  8.90806  8.90505  0.0312913
8.9169  8.91139  8.9195  0.0265651
8.9098  8.9103  8.9071  0.0260384
8.90598  8.9017  8.90924  0.0231412
8.89048  8.89126  8.8879  0.0212913
8.87578  8.87255  8.8795  0.0200617
8.8535  8.85445  8.85105  0.0171613
8.82967  8.82748  8.83375  0.0172243
8.80198  8.80291  8.79958  0.0135635
8.77046  8.76927  8.77481  0.0146481
8.73844  8.73927  8.73606  0.0104131
8.70052  8.70022  8.70505  0.0123014
8.66497  8.66569  8.66262  0.00768886
8.62185  8.62231  8.62645  0.0101341
8.58335  8.58395  8.58106  0.00536188
8.53608  8.53718  8.54066  0.00812921
8.49509  8.49557  8.49287  0.00337932
8.44459  8.44619  8.44905  0.00628347
8.40144  8.40185  8.39935  0.00169597
8.34851  8.35048  8.35278  0.00458351
8.30349  8.30388  8.30157  0.000276126
8.2488  8.25104  8.25283  0.00301989
8.20216  8.20255  8.20043  -0.000917516
8.14627  8.14869  8.15002  0.00159014
8.09822  8.09866  8.09672  -0.00192665
8.04159  8.04412  8.04505  0.000290663
7.99234  7.99286  7.99109  -0.00278378
7.93534  7.93792  7.93851  -0.000884369
7.88509  7.88572  7.88409  -0.00351735
7.82801  7.8306  7.83089  -0.00193759
7.77695  7.7777  7.7762  -0.00414987
7.72001  7.72256  7.72262  -0.00287843
7.66832  7.6692  7.66782  -0.0047058
7.61169  7.6142  7.61405  -0.00371663
7.55955  7.56057  7.55929  -0.00519654
7.50335  7.5058  7.5055  -0.00445563
7.45094  7.45209  7.45089  -0.00563314
7.39527  7.39765  7.39722  -0.00510325
7.34273  7.344  7.34287  -0.00602564
7.28764  7.28995  7.28943  -0.00566924
7.23512  7.2365  7.23544  -0.00638196
7.18067  7.18291  7.18232  -0.00616318
7.12829  7.12977  7.12875  -0.00670481
7.07451  7.07669  7.07604  -0.00658859
7.02239  7.02395  7.02297  -0.00699635
6.96929  6.97141  6.97072  -0.0069541
6.91753  6.91916  6.91821  -0.00726178
6.86513  6.86719  6.86648  -0.00726848
6.81382  6.81549  6.81457  -0.00750212
6.76212  6.76413  6.7634  -0.00753718
6.71133  6.71304  6.71214  -0.00771818
6.66033  6.66231  6.66156  -0.0077649
6.61013  6.61186  6.61097  -0.00791012
6.55985  6.56178  6.56103  -0.0079562
6.51027  6.51201  6.51114  -0.00807953
6.4607  6.4626  6.46185  -0.00811659
6.4118  6.41353  6.41268  -0.00822778
6.36294  6.36481  6.36406  -0.0082499
6.31474  6.31646  6.31562  -0.00835525
6.2666  6.26844  6.2677  -0.00835901
6.21912  6.22083  6.21999  -0.00846285
6.17171  6.17351  6.17277  -0.00844695
6.12495  6.12664  6.12582  -0.00855159
6.07826  6.08005  6.07931  -0.00851628
6.03225  6.03391  6.03311  -0.00862275
5.98629  5.98805  5.98732  -0.00856956
5.94103  5.94266  5.94186  -0.00867763
5.89579  5.89752  5.8968  -0.00860862
5.85127  5.85288  5.85209  -0.00871717
5.80676  5.80847  5.80775  -0.00863489
5.76299  5.76456  5.76379  -0.00874265
5.71921  5.72089  5.72018  -0.00865007
5.67617  5.67771  5.67695  -0.00875519
5.63311  5.63477  5.63407  -0.00865518
5.59081  5.59232  5.59157  -0.00875606
5.54848  5.5501  5.54941  -0.00865135
5.50689  5.50837  5.50764  -0.00874632
5.46528  5.46687  5.46619  -0.00863953
5.42441  5.42585  5.42514  -0.00872715
5.38351  5.38507  5.3844  -0.00862036
5.34334  5.34476  5.34406  -0.00869951
5.30315  5.30469  5.30402  -0.00859456
5.26367  5.26506  5.26438  -0.00866437
5.22419  5.22569  5.22504  -0.00856277
5.18539  5.18675  5.18608  -0.00862267
5.1466  5.14807  5.14743  -0.00852539
5.10847  5.10981  5.10915  -0.00857515
5.07037  5.07181  5.07117  -0.00848297
5.0329  5.03421  5.03356  -0.00852267
4.99547  4.99688  4.99626  -0.00843593
4.95865  4.95994  4.9593  -0.0084658
4.92189  4.92327  4.92265  -0.00838473
4.8857  4.88697  4.88635  -0.00840518
4.8496  4.85095  4.85035  -0.00832962
4.81404  4.81529  4.81468  -0.00834144
4.77859  4.77991  4.77931  -0.00827099
4.74365  4.74487  4.74427  -0.0082749
4.70882  4.71012  4.70953  -0.00820916
4.67449  4.67569  4.6751  -0.00820605
4.64029  4.64155  4.64097  -0.00814455
4.60655  4.60773  4.60715  -0.0081352
4.57296  4.57419  4.57362  -0.00807737
4.5398  4.54096  4.5404  -0.0080626
4.50681  4.50802  4.50746  -0.00800796
4.47423  4.47537  4.47482  -0.00798871
4.44183  4.44301  4.44246  -0.00793663
4.40981  4.41093  4.41039  -0.00791355
4.37799  4.37914  4.3786  -0.00786355
4.34653  4.34763  4.34709  -0.00783735
4.31526  4.31639  4.31586  -0.00778911
4.28435  4.28543  4.28491  -0.00776035
4.25363  4.25473  4.25422  -0.0077133
4.22326  4.22431  4.2238  -0.00768271
4.19308  4.19416  4.19365  -0.00763663
4.16323  4.16427  4.16377  -0.00760452
4.13358  4.13464  4.13414  -0.00755907
4.10425  4.10527  4.10478  -0.00752592
4.07512  4.07615  4.07566  -0.00748087
4.04629  4.04729  4.04681  -0.00744692
4.01767  4.01868  4.0182  -0.00740227
3.98934  3.99032  3.98984  -0.00736785
3.96121  3.9622  3.96173  -0.00732336
3.93337  3.93433  3.93386  -0.00728853
3.90573  3.90669  3.90623  -0.0072442
3.87836  3.8793  3.87885  -0.00720922
3.85119  3.85214  3.85169  -0.00716505
3.8243  3.82522  3.82477  -0.00712998
3.7976  3.79852  3.79808  -0.00708597
3.77116  3.77206  3.77163  -0.00705083
3.74492  3.74582  3.74539  -0.00700698
3.71893  3.71981  3.71938  -0.00697183
3.69313  3.69402  3.69359  -0.00692822
3.66758  3.66845  3.66803  -0.00689316
3.64222  3.64309  3.64268  -0.00684978
3.61711  3.61796  3.61754  -0.0068148
3.59218  3.59303  3.59262  -0.00677167
3.56749  3.56831  3.56791  -0.00673676
3.54297  3.54381  3.54341  -0.00669403
3.5187  3.51951  3.51911  -0.0066592
3.4946  3.49541  3.49502  -0.00661687
3.47072  3.47152  3.47113  -0.00658204
3.44703  3.44783  3.44744  -0.00654019
3.42355  3.42433  3.42395  -0.00650545
3.40025  3.40103  3.40066  -0.00646407
3.37717  3.37793  3.37756  -0.00642948
3.35425  3.35502  3.35465  -0.00638859
3.33155  3.3323  3.33193  -0.006354
3.30901  3.30976  3.3094  -0.00631375
3.28668  3.28741  3.28706  -0.00627924
3.26452  3.26525  3.2649  -0.00623946
3.24255  3.24327  3.24292  -0.00620512
3.22075  3.22147  3.22112  -0.00616598
3.19915  3.19985  3.19951  -0.00613171
3.1777  3.17841  3.17806  -0.00609313
3.15645  3.15714  3.1568  -0.00605903
3.13535  3.13604  3.13571  -0.00602101
3.11444  3.11512  3.11479  -0.00598698
3.09369  3.09436  3.09404  -0.0059496
3.07311  3.07378  3.07346  -0.00591581
3.0527  3.05336  3.05304  -0.00587891
3.03245  3.03311  3.03279  -0.00584536
3.01236  3.01302  3.0127  -0.00580902
2.99245  2.99309  2.99277  -0.00577563
2.97268  2.97332  2.97301  -0.00573993
2.95308  2.95371  2.9534  -0.00570678
2.93362  2.93425  2.93395  -0.00567156
2.91434  2.91495  2.91465  -0.00563865
2.89519  2.8958  2.89551  -0.00560398
2.87621  2.87681  2.87652  -0.00557139
2.85737  2.85797  2.85767  -0.00553721
2.83868  2.83927  2.83898  -0.00550494
2.82014  2.82073  2.82044  -0.00547123
2.80174  2.80232  2.80204  -0.0054392
2.78349  2.78407  2.78379  -0.00540605
2.76539  2.76596  2.76568  -0.00537434
2.74742  2.74798  2.74771  -0.0053416
2.72959  2.73015  2.72988  -0.00531029
2.7119  2.71246  2.71219  -0.00527802
2.69436  2.69491  2.69464  -0.00524702
2.67694  2.67749  2.67722  -0.00521523
2.65967  2.6602  2.65994  -0.00518464
2.64252  2.64305  2.64279  -0.00515325
2.62551  2.62604  2.62578  -0.00512298
2.60862  2.60915  2.60889  -0.00509199
2.59187  2.59239  2.59214  -0.00506212
2.57525  2.57576  2.57551  -0.0050316
2.55875  2.55926  2.55901  -0.00500205
2.54238  2.54289  2.54264  -0.00497202
2.52614  2.52664  2.52639  -0.00494286
2.51001  2.51051  2.51027  -0.00491315
2.49401  2.4945  2.49426  -0.0048844
2.47813  2.47862  2.47838  -0.00485508
2.46238  2.46286  2.46262  -0.00482665
2.44673  2.44721  2.44698  -0.00479781
2.43121  2.43168  2.43145  -0.00476978
2.4158  2.41627  2.41604  -0.00474134
2.40052  2.40098  2.40075  -0.00471362
2.38534  2.3858  2.38557  -0.00468559
2.37027  2.37073  2.37051  -0.00465819
2.35532  2.35577  2.35555  -0.00463055
2.34048  2.34093  2.34071  -0.00460364
2.32575  2.32619  2.32598  -0.00457632
2.31113  2.31157  2.31135  -0.00454972
2.29662  2.29705  2.29684  -0.0045228
2.28221  2.28264  2.28243  -0.00449661
2.26791  2.26834  2.26813  -0.00447009
2.25372  2.25414  2.25393  -0.00444413
2.23962  2.24004  2.23984  -0.00441801
2.22564  2.22605  2.22585  -0.00439245
2.21175  2.21216  2.21196  -0.00436673
2.19796  2.19837  2.19817  -0.00434149
2.18428  2.18468  2.18448  -0.00431609
2.17069  2.17109  2.1709  -0.00429125
2.1572  2.1576  2.15741  -0.00426617
2.14382  2.14421  2.14401  -0.00424165
2.13052  2.13091  2.13072  -0.00421697
2.11732  2.11771  2.11752  -0.00419276
2.10422  2.1046  2.10441  -0.00416848
2.09121  2.09159  2.0914  -0.0041446
2.07829  2.07867  2.07848  -0.00412064
2.06547  2.06584  2.06566  -0.00409707
2.05274  2.0531  2.05292  -0.00407343
2.04009  2.04046  2.04028  -0.00405027
2.02754  2.0279  2.02772  -0.00402694
2.01508  2.01544  2.01526  -0.00400402
2.0027  2.00306  2.00288  -0.0039811
1.99041  1.99077  1.99059  -0.00395849
1.97821  1.97856  1.97839  -0.00393589
1.96609  1.96644  1.96627  -0.0039136
1.95406  1.95441  1.95424  -0.00389132
1.94211  1.94246  1.94229  -0.00386927
1.93025  1.93059  1.93042  -0.00384731
1.91847  1.9188  1.91864  -0.00382566
1.90677  1.9071  1.90694  -0.00380402
1.89515  1.89548  1.89532  -0.00378261
1.88362  1.88394  1.88378  -0.00376128
1.87216  1.87248  1.87232  -0.0037402
1.86078  1.8611  1.86094  -0.00371911
1.84948  1.8498  1.84964  -0.00369834
1.83826  1.83857  1.83842  -0.00367757
1.82711  1.82742  1.82727  -0.00365705
1.81604  1.81635  1.8162  -0.0036366
1.80505  1.80536  1.8052  -0.00361639
1.79413  1.79444  1.79429  -0.00359618
1.78329  1.78359  1.78344  -0.00357629
1.77252  1.77282  1.77267  -0.0035564
1.76182  1.76212  1.76197  -0.00353676
1.7512  1.75149  1.75134  -0.00351711
1.74064  1.74094  1.74079  -0.0034977
1.73016  1.73045  1.73031  -0.00347837
1.71975  1.72004  1.7199  -0.00345928
1.70941  1.7097  1.70955  -0.00344019
1.69914  1.69942  1.69928  -0.00342134
1.68894  1.68922  1.68908  -0.00340257
1.6788  1.67908  1.67894  -0.00338396
1.66874  1.66901  1.66888  -0.00336543
1.65874  1.65901  1.65888  -0.00334713
1.64881  1.64908  1.64894  -0.00332884
1.63894  1.63921  1.63907  -0.00331071
1.62914  1.6294  1.62927  -0.00329274
1.6194  1.61967  1.61953  -0.00327493
1.60973  1.60999  1.60986  -0.00325712
1.60012  1.60038  1.60025  -0.00323954
1.59057  1.59083  1.59071  -0.00322205
1.58109  1.58135  1.58122  -0.00320472
1.57167  1.57193  1.5718  -0.00318739
1.56231  1.56257  1.56244  -0.00317029
1.55302  1.55327  1.55314  -0.00315328
1.54378  1.54403  1.54391  -0.00313643
1.5346  1.53485  1.53473  -0.00311957
1.52549  1.52573  1.52561  -0.00310296
1.51643  1.51667  1.51655  -0.00308634
1.50743  1.50767  1.50755  -0.00306997
1.49849  1.49873  1.49861  -0.0030536
1.48961  1.48984  1.48973  -0.00303746
1.48078  1.48102  1.4809  -0.00302133
1.47201  1.47225  1.47213  -0.00300535
1.4633  1.46353  1.46342  -0.00298946
1.45464  1.45487  1.45476  -0.00297372
1.44604  1.44627  1.44616  -0.00295799
1.4375  1.43772  1.43761  -0.00294249
1.42901  1.42923  1.42912  -0.002927
1.42057  1.42079  1.42068  -0.00291166
1.41219  1.41241  1.4123  -0.0028964
1.40386  1.40407  1.40397  -0.00288131
1.39558  1.39579  1.39569  -0.00286629
1.38735  1.38757  1.38746  -0.00285135
1.37918  1.37939  1.37929  -0.0028365
1.37106  1.37127  1.37116  -0.0028218
1.36299  1.3632  1.36309  -0.0028071
1.35497  1.35518  1.35507  -0.00279257
1.347  1.34721  1.3471  -0.00277819
1.33908  1.33929  1.33918  -0.00276381
1.33121  1.33142  1.33131  -0.00274959
1.32339  1.32359  1.32349  -0.00273546
1.31562  1.31582  1.31572  -0.0027214
1.3079  1.3081  1.308  -0.00270742
1.30022  1.30042  1.30032  -0.00269352
1.29259  1.29279  1.29269  -0.00267978
1.28501  1.28521  1.28511  -0.00266613
1.27748  1.27767  1.27758  -0.00265255
1.26999  1.27019  1.27009  -0.00263897
1.26255  1.26275  1.26265  -0.00262563
1.25516  1.25535  1.25526  -0.00261229
1.24781  1.248  1.24791  -0.00259903
1.24051  1.24069  1.2406  -0.00258585
1.23325  1.23343  1.23334  -0.00257283
1.22604  1.22622  1.22613  -0.00255989
1.21887  1.21905  1.21896  -0.00254695
1.21174  1.21192  1.21183  -0.00253417
1.20466  1.20484  1.20475  -0.00252147
1.19762  1.19779  1.19771  -0.00250877
1.19062  1.1908  1.19071  -0.00249623
1.18367  1.18384  1.18375  -0.00248377
1.17675  1.17693  1.17684  -0.00247139
1.16988  1.17006  1.16997  -0.00245909
1.16305  1.16323  1.16314  -0.00244687
1.15627  1.15644  1.15635  -0.00243465
1.14952  1.14969  1.14961  -0.00242259
1.14281  1.14298  1.1429  -0.00241061
1.13615  1.13632  1.13623  -0.00239871
1.12952  1.12969  1.12961  -0.00238688
1.12294  1.1231  1.12302  -0.00237506
1.11639  1.11656  1.11647  -0.0023634
1.10988  1.11005  1.10997  -0.00235182
1.10342  1.10358  1.1035  -0.00234024
1.09699  1.09715  1.09707  -0.00232882
1.0906  1.09075  1.09068  -0.00231739
1.08424  1.0844  1.08432  -0.00230605
1.07793  1.07808  1.07801  -0.00229479
1.07165  1.0718  1.07173  -0.00228361
1.06541  1.06556  1.06549  -0.0022725
1.0592  1.05936  1.05928  -0.00226148
1.05304  1.05319  1.05311  -0.00225054
1.04691  1.04706  1.04698  -0.0022396
1.04081  1.04096  1.04089  -0.00222881
1.03475  1.0349  1.03483  -0.00221803
1.02873  1.02888  1.0288  -0.00220733
1.02274  1.02289  1.02281  -0.0021967
1.01679  1.01693  1.01686  -0.00218616
1.01087  1.01102  1.01094  -0.00217562
1.00499  1.00513  1.00506  -0.00216523
0.999138  0.999281  0.99921  -0.00215485
0.993323  0.993465  0.993394  -0.00214455
0.987542  0.987684  0.987613  -0.00213432
0.981795  0.981935  0.981865  -0.00212418
0.976081  0.97622  0.976151  -0.00211403
0.970401  0.970539  0.97047  -0.00210397
0.964753  0.96489  0.964821  -0.00209399
0.959138  0.959274  0.959206  -0.00208408
0.953555  0.953691  0.953623  -0.00207418
0.948005  0.948139  0.948072  -0.00206443
0.942486  0.94262  0.942553  -0.00205469
0.937  0.937133  0.937066  -0.00204494
0.931545  0.931677  0.931611  -0.00203536
0.926122  0.926253  0.926187  -0.00202577
0.920729  0.920859  0.920794  -0.00201627
0.915368  0.915497  0.915432  -0.00200684
0.910037  0.910165  0.910101  -0.00199742
0.904737  0.904864  0.9048  -0.00198807
0.899467  0.899593  0.89953  -0.00197881
0.894227  0.894353  0.89429  -0.00196954
0.889017  0.889142  0.889079  -0.00196036
0.883837  0.883961  0.883899  -0.00195125
0.878686  0.878809  0.878747  -0.00194222
0.873565  0.873687  0.873626  -0.0019332
0.868472  0.868594  0.868533  -0.00192425
0.863409  0.863529  0.863469  -0.00191531
0.858374  0.858494  0.858434  -0.00190652
0.853367  0.853487  0.853427  -0.00189765
0.848389  0.848508  0.848448  -0.00188895
0.843439  0.843557  0.843498  -0.00188024
0.838517  0.838635  0.838576  -0.00187162
0.833623  0.833739  0.833681  -0.00186299
0.828757  0.828872  0.828814  -0.00185444
0.823917  0.824032  0.823974  -0.00184598
0.819105  0.819219  0.819162  -0.00183751
0.81432  0.814433  0.814377  -0.00182912
0.809562  0.809674  0.809618  -0.00182082
0.80483  0.804942  0.804886  -0.00181251
0.800125  0.800236  0.80018  -0.00180428
0.795446  0.795557  0.795501  -0.00179605
0.790794  0.790903  0.790848  -0.00178791
0.786167  0.786276  0.786221  -0.00177976
0.781566  0.781674  0.78162  -0.00177169
0.776991  0.777098  0.777044  -0.00176371
0.772441  0.772548  0.772494  -0.00175572
0.767916  0.768022  0.767969  -0.00174781
0.763417  0.763522  0.763469  -0.0017399
0.758942  0.759047  0.758994  -0.00173207
0.754492  0.754597  0.754544  -0.00172433
0.750067  0.750171  0.750119  -0.00171658
0.745667  0.74577  0.745718  -0.00170883
0.741291  0.741393  0.741342  -0.00170116
0.736939  0.73704  0.736989  -0.00169358
0.732611  0.732712  0.732661  -0.00168599
0.728306  0.728407  0.728356  -0.00167848
0.724026  0.724126  0.724076  -0.00167097
0.719769  0.719868  0.719818  -0.00166354
0.715536  0.715634  0.715585  -0.00165611
0.711325  0.711423  0.711374  -0.00164877
0.707138  0.707236  0.707187  -0.00164142
0.702974  0.703071  0.703022  -0.00163415
0.698833  0.698929  0.69888  -0.00162688
0.694714  0.69481  0.694762  -0.00161969
0.690618  0.690713  0.690665  -0.00161258
0.686544  0.686639  0.686591  -0.00160539
0.682493  0.682587  0.682539  -0.00159837
0.678463  0.678557  0.67851  -0.00159126
0.674456  0.674549  0.674502  -0.00158431
0.67047  0.670562  0.670516  -0.00157728
0.666506  0.666598  0.666552  -0.00157033
0.662564  0.662655  0.662609  -0.00156346
0.658643  0.658734  0.658688  -0.00155659
0.654744  0.654834  0.654788  -0.0015498
0.650865  0.650955  0.65091  -0.00154301
0.647008  0.647097  0.647052  -0.00153622
0.643172  0.64326  0.643215  -0.00152951
0.639356  0.639444  0.6394  -0.00152288
0.635561  0.635648  0.635604  -0.00151625
0.631787  0.631873  0.63183  -0.00150962
0.628032  0.628119  0.628075  -0.001503
0.624299  0.624384  0.624341  -0.00149653
0.620585  0.62067  0.620627  -0.00148998
0.616891  0.616976  0.616934  -0.00148351
0.613218  0.613302  0.61326  -0.00147712
0.609564  0.609648  0.609606  -0.00147065
0.60593  0.606013  0.605971  -0.00146434
0.602315  0.602398  0.602356  -0.00145795
0.59872  0.598802  0.598761  -0.00145164
0.595144  0.595226  0.595185  -0.00144541
0.591587  0.591669  0.591628  -0.00143918
0.58805  0.588131  0.58809  -0.00143295
0.584531  0.584612  0.584571  -0.0014268
0.581031  0.581111  0.581071  -0.00142064
0.57755  0.57763  0.57759  -0.00141449
0.574088  0.574167  0.574127  -0.00140842
0.570644  0.570723  0.570683  -0.00140243
0.567219  0.567297  0.567258  -0.00139636
0.563812  0.563889  0.56385  -0.00139037
0.560423  0.5605  0.560461  -0.00138446
0.557052  0.557129  0.55709  -0.00137855
0.553699  0.553775  0.553737  -0.00137264
0.550364  0.55044  0.550402  -0.00136673
0.547047  0.547123  0.547084  -0.0013609
0.543748  0.543823  0.543785  -0.00135507
0.540466  0.54054  0.540503  -0.00134932
0.537201  0.537276  0.537238  -0.00134357
0.533954  0.534028  0.533991  -0.00133782
0.530724  0.530798  0.530761  -0.00133214
0.527512  0.527585  0.527548  -0.00132647
0.524316  0.524389  0.524352  -0.0013208
0.521138  0.52121  0.521173  -0.00131521
0.517976  0.518048  0.518012  -0.00130962
0.514831  0.514902  0.514866  -0.00130411
0.511703  0.511774  0.511738  -0.0012986
0.508591  0.508662  0.508626  -0.00129309
0.505496  0.505566  0.505531  -0.00128757
0.502417  0.502487  0.502452  -0.00128214
0.499355  0.499424  0.499389  -0.00127671
0.496309  0.496378  0.496343  -0.00127128
0.493278  0.493347  0.493312  -0.00126593
0.490264  0.490332  0.490298  -0.00126058
0.487266  0.487334  0.4873  -0.00125531
0.484284  0.484351  0.484317  -0.00124995
0.481317  0.481384  0.48135  -0.00124468
0.478366  0.478433  0.478399  -0.00123949
0.475431  0.475497  0.475464  -0.00123422
0.472511  0.472577  0.472544  -0.00122903
0.469607  0.469672  0.469639  -0.00122383
0.466718  0.466783  0.46675  -0.00121872
0.463844  0.463909  0.463876  -0.00121361
0.460985  0.46105  0.461017  -0.0012085
0.458142  0.458206  0.458173  -0.00120347
0.455313  0.455377  0.455344  -0.00119835
0.452499  0.452563  0.452531  -0.00119332
0.4497  0.449763  0.449731  -0.00118837
0.446916  0.446979  0.446947  -0.00118334
0.444146  0.444209  0.444177  -0.00117839
0.441391  0.441454  0.441422  -0.00117343
0.438651  0.438713  0.438682  -0.00116856
0.435925  0.435986  0.435955  -0.00116369
0.433213  0.433274  0.433243  -0.00115882
0.430516  0.430577  0.430546  -0.00115394
0.427832  0.427893  0.427862  -0.00114915
0.425163  0.425223  0.425193  -0.00114428
0.422508  0.422568  0.422538  -0.00113949
0.419867  0.419926  0.419896  -0.00113477
0.41724  0.417299  0.417269  -0.00113006
0.414626  0.414685  0.414655  -0.00112527
0.412026  0.412085  0.412055  -0.00112064
0.40944  0.409498  0.409469  -0.00111592
0.406868  0.406926  0.406896  -0.00111129
0.404309  0.404366  0.404337  -0.00110666
0.401763  0.40182  0.401791  -0.00110203
0.399231  0.399288  0.399259  -0.00109739
0.396712  0.396768  0.39674  -0.00109284
0.394206  0.394262  0.394234  -0.00108829
0.391713  0.391769  0.391741  -0.00108373
0.389234  0.38929  0.389261  -0.00107926
0.386767  0.386823  0.386795  -0.00107479
0.384314  0.384369  0.384341  -0.00107032
0.381873  0.381928  0.3819  -0.00106584
0.379445  0.3795  0.379472  -0.00106137
0.37703  0.377084  0.377057  -0.00105698
0.374628  0.374682  0.374654  -0.00105258
0.372238  0.372291  0.372264  -0.00104819
0.36986  0.369914  0.369887  -0.0010438
0.367496  0.367549  0.367522  -0.00103948
0.365143  0.365196  0.365169  -0.00103517
0.362803  0.362856  0.362829  -0.00103086
0.360475  0.360528  0.360501  -0.00102654
0.358159  0.358212  0.358185  -0.00102231
0.355856  0.355908  0.355882  -0.001018
0.353565  0.353616  0.35359  -0.00101377
0.351285  0.351337  0.351311  -0.00100953
0.349018  0.349069  0.349043  -0.00100538
0.346762  0.346813  0.346788  -0.00100114
0.344519  0.344569  0.344544  -0.000996991
0.342287  0.342337  0.342312  -0.000992838
0.340067  0.340117  0.340092  -0.000988764
0.337858  0.337908  0.337883  -0.000984611
0.335662  0.335711  0.335686  -0.000980537
0.333476  0.333525  0.3335  -0.000976464
0.331302  0.331351  0.331326  -0.00097239
0.32914  0.329189  0.329164  -0.000968317
0.326989  0.327037  0.327013  -0.000964243
0.324849  0.324897  0.324873  -0.000960249
0.322721  0.322769  0.322744  -0.000956256
0.320603  0.320651  0.320627  -0.000952262
0.318497  0.318545  0.318521  -0.000948348
0.316402  0.316449  0.316425  -0.000944354
0.314318  0.314365  0.314341  -0.00094044
0.312245  0.312292  0.312268  -0.000936527
0.310183  0.310229  0.310206  -0.000932613
0.308131  0.308178  0.308154  -0.000928699
0.306091  0.306137  0.306114  -0.000924785
0.304061  0.304107  0.304084  -0.000920951
0.302042  0.302088  0.302065  -0.000917117
0.300034  0.300079  0.300056  -0.000913283
0.298036  0.298081  0.298058  -0.000909449
0.296049  0.296094  0.296071  -0.000905695
0.294072  0.294117  0.294094  -0.000901861
0.292106  0.29215  0.292128  -0.000898107
0.29015  0.290194  0.290171  -0.000894353
0.288204  0.288248  0.288226  -0.000890599
0.286269  0.286313  0.28629  -0.000886845
0.284344  0.284387  0.284365  -0.000883171
0.282429  0.282472  0.28245  -0.000879416
0.280524  0.280567  0.280545  -0.000875742
0.278629  0.278672  0.27865  -0.000872068
0.276745  0.276787  0.276766  -0.000868394
0.27487  0.274912  0.274891  -0.000864799
0.273005  0.273048  0.273026  -0.000861125
0.27115  0.271192  0.271171  -0.000857531
0.269305  0.269347  0.269326  -0.000853937
0.26747  0.267512  0.267491  -0.000850342
0.265645  0.265686  0.265665  -0.000846748
0.263829  0.26387  0.263849  -0.000843153
0.262023  0.262064  0.262043  -0.000839639
0.260226  0.260267  0.260246  -0.000836045
0.258439  0.25848  0.258459  -0.00083253
0.256662  0.256702  0.256682  -0.000829016
0.254894  0.254934  0.254914  -0.000825501
0.253135  0.253175  0.253155  -0.000822067
0.251386  0.251426  0.251406  -0.000818552
0.249646  0.249686  0.249666  -0.000815118
0.247916  0.247955  0.247935  -0.000811683
0.246194  0.246234  0.246214  -0.000808248
0.244482  0.244521  0.244501  -0.000804814
0.242779  0.242818  0.242798  -0.000801379
0.241086  0.241124  0.241104  -0.000797945
0.239401  0.239439  0.23942  -0.00079459
0.237725  0.237763  0.237744  -0.000791155
0.236058  0.236096  0.236077  -0.000787801
0.2344  0.234438  0.234419  -0.000784446
0.232751  0.232789  0.23277  -0.000781091
0.231111  0.231149  0.23113  -0.000777816
0.22948  0.229517  0.229498  -0.000774462
0.227858  0.227895  0.227876  -0.000771187
0.226244  0.226281  0.226262  -0.000767832
0.224639  0.224676  0.224657  -0.000764557
0.223042  0.223079  0.22306  -0.000761282
0.221455  0.221491  0.221472  -0.000758007
0.219875  0.219912  0.219893  -0.000754812
0.218305  0.218341  0.218322  -0.000751538
0.216743  0.216778  0.21676  -0.000748263
0.215189  0.215224  0.215206  -0.000745068
0.213643  0.213679  0.213661  -0.000741873
0.212107  0.212142  0.212124  -0.000738678
0.210578  0.210613  0.210595  -0.000735483
0.209058  0.209093  0.209075  -0.000732288
0.207546  0.20758  0.207562  -0.000729173
0.206042  0.206076  0.206059  -0.000725978
0.204546  0.20458  0.204563  -0.000722863
0.203059  0.203093  0.203075  -0.000719668
0.201579  0.201613  0.201596  -0.000716553
0.200108  0.200142  0.200124  -0.000713438
0.198645  0.198678  0.198661  -0.000710322
0.197189  0.197223  0.197206  -0.000707287
0.195742  0.195775  0.195758  -0.000704172
0.194302  0.194336  0.194319  -0.000701057
0.192871  0.192904  0.192887  -0.000698022
0.191447  0.19148  0.191463  -0.000694987
0.190031  0.190064  0.190047  -0.000691951
0.188623  0.188656  0.188639  -0.000688916
0.187223  0.187255  0.187239  -0.000685881
0.18583  0.185863  0.185846  -0.000682846
0.184445  0.184478  0.184461  -0.00067981
0.183068  0.1831  0.183084  -0.000676855
0.181699  0.18173  0.181714  -0.00067382
0.180336  0.180368  0.180352  -0.000670865
0.178982  0.179013  0.178997  -0.000667909
0.177635  0.177666  0.17765  -0.000664954
0.176295  0.176326  0.17631  -0.000661998
0.174963  0.174994  0.174978  -0.000659043
0.173638  0.173669  0.173653  -0.000656088
0.172321  0.172352  0.172336  -0.000653212
0.171011  0.171042  0.171026  -0.000650257
0.169708  0.169739  0.169723  -0.000647381
0.168413  0.168443  0.168428  -0.000644506
0.167125  0.167155  0.167139  -0.000641551
0.165844  0.165874  0.165858  -0.000638675
0.16457  0.1646  0.164584  -0.0006358
0.163303  0.163333  0.163318  -0.000633004
0.162044  0.162073  0.162058  -0.000630129
0.160791  0.160821  0.160805  -0.000627253
0.159546  0.159575  0.15956  -0.000624458
0.158307  0.158336  0.158322  -0.000621582
0.157076  0.157105  0.15709  -0.000618786
0.155852  0.15588  0.155866  -0.000615991
0.154634  0.154663  0.154648  -0.000613195
0.153424  0.153452  0.153437  -0.0006104
0.15222  0.152248  0.152234  -0.000607604
0.151023  0.151051  0.151037  -0.000604808
0.149833  0.149861  0.149846  -0.000602093
0.148649  0.148677  0.148663  -0.000599297
0.147473  0.147501  0.147486  -0.000596581
0.146303  0.146331  0.146316  -0.000593786
0.14514  0.145167  0.145153  -0.00059107
0.143983  0.144011  0.143997  -0.000588354
0.142834  0.142861  0.142847  -0.000585639
0.14169  0.141717  0.141703  -0.000582923
0.140554  0.140581  0.140567  -0.000580207
0.139423  0.13945  0.139436  -0.000577491
0.1383  0.138326  0.138313  -0.000574776
0.137183  0.137209  0.137196  -0.00057214
0.136072  0.136098  0.136085  -0.000569424
0.134968  0.134994  0.134981  -0.000566788
0.13387  0.133896  0.133883  -0.000564152
0.132779  0.132804  0.132791  -0.000561437
0.131693  0.131719  0.131706  -0.000558801
0.130615  0.13064  0.130627  -0.000556165
0.129542  0.129568  0.129554  -0.000553529
0.128476  0.128501  0.128488  -0.000550973
0.127416  0.127441  0.127428  -0.000548337
0.126362  0.126387  0.126374  -0.000545701
0.125315  0.12534  0.125327  -0.000543145
0.124273  0.124298  0.124285  -0.00054051
0.123238  0.123263  0.12325  -0.000537954
0.122209  0.122233  0.122221  -0.000535398
0.121186  0.12121  0.121198  -0.000532762
0.120169  0.120193  0.120181  -0.000530206
0.119158  0.119182  0.119169  -0.00052765
0.118153  0.118177  0.118164  -0.000525094
0.117154  0.117178  0.117165  -0.000522618
0.116161  0.116185  0.116172  -0.000520062
0.115174  0.115197  0.115185  -0.000517506
0.114192  0.114216  0.114204  -0.00051503
0.113217  0.113241  0.113228  -0.000512474
0.112248  0.112271  0.112259  -0.000509998
0.111284  0.111307  0.111295  -0.000507442
0.110326  0.110349  0.110337  -0.000504966
0.109374  0.109397  0.109385  -0.000502489
0.108428  0.108451  0.108439  -0.000500013
0.107487  0.10751  0.107498  -0.000497537
0.106552  0.106575  0.106563  -0.000495061
0.105623  0.105646  0.105634  -0.000492585
0.1047  0.104722  0.10471  -0.000490109
0.103782  0.103804  0.103792  -0.000487713
0.102869  0.102892  0.10288  -0.000485237
0.101963  0.101985  0.101973  -0.00048284
0.101062  0.101083  0.101072  -0.000480364
0.100166  0.100188  0.100176  -0.000477968
0.0992759  0.0992975  0.0992863  -0.000475572
0.0983913  0.0984128  0.0984017  -0.000473176
0.0975122  0.0975337  0.0975225  -0.000470699
0.0966385  0.0966598  0.0966488  -0.000468303
0.0957703  0.0957915  0.0957805  -0.000465987
0.0949075  0.0949286  0.0949176  -0.000463591
0.09405  0.094071  0.0940601  -0.000461194
0.0931979  0.0932188  0.0932079  -0.000458798
0.0923512  0.092372  0.0923611  -0.000456482
0.0915097  0.0915303  0.0915196  -0.000454086
0.0906736  0.0906941  0.0906834  -0.000451769
0.0898427  0.0898631  0.0898525  -0.000449373
0.0890171  0.0890374  0.0890267  -0.000447057
0.0881966  0.0882168  0.0882063  -0.00044474
0.0873814  0.0874015  0.087391  -0.000442344
0.0865714  0.0865913  0.0865809  -0.000440028
0.0857665  0.0857863  0.085776  -0.000437711
0.0849668  0.0849865  0.0849762  -0.000435395
0.0841721  0.0841918  0.0841816  -0.000433079
0.0833827  0.0834021  0.0833919  -0.000430842
0.0825982  0.0826175  0.0826074  -0.000428526
0.0818188  0.081838  0.081828  -0.000426209
0.0810444  0.0810636  0.0810535  -0.000423973
0.0802751  0.0802941  0.0802842  -0.000421657
0.0795107  0.0795296  0.0795197  -0.00041942
0.0787513  0.0787701  0.0787602  -0.000417104
0.0779968  0.0780156  0.0780058  -0.000414867
0.0772473  0.0772659  0.0772561  -0.000412631
0.0765027  0.0765212  0.0765115  -0.000410394
0.075763  0.0757813  0.0757717  -0.000408158
0.075028  0.0750463  0.0750367  -0.000405921
0.0742981  0.0743162  0.0743067  -0.000403685
0.0735728  0.0735909  0.0735814  -0.000401448
0.0728524  0.0728704  0.072861  -0.000399212
0.0721368  0.0721547  0.0721454  -0.000396975
0.0714259  0.0714438  0.0714344  -0.000394819
0.0707199  0.0707376  0.0707283  -0.000392582
0.0700185  0.0700361  0.0700269  -0.000390426
0.0693218  0.0693393  0.0693301  -0.000388189
0.0686299  0.0686472  0.0686381  -0.000386033
0.0679425  0.0679598  0.0679508  -0.000383876
0.0672599  0.067277  0.067268  -0.00038164
0.0665819  0.0665989  0.06659  -0.000379483
0.0659085  0.0659254  0.0659165  -0.000377326
0.0652396  0.0652565  0.0652476  -0.00037517
0.0645754  0.0645921  0.0645833  -0.000373013
0.0639156  0.0639323  0.0639235  -0.000370857
0.0632605  0.063277  0.0632683  -0.0003687
0.0626098  0.0626263  0.0626176  -0.000366623
0.0619636  0.06198  0.0619714  -0.000364467
0.0613219  0.0613382  0.0613296  -0.00036231
0.0606847  0.0607008  0.0606924  -0.000360233
0.0600519  0.060068  0.0600595  -0.000358077
0.0594236  0.0594395  0.0594311  -0.000356
0.0587996  0.0588154  0.0588071  -0.000353843
0.05818  0.0581957  0.0581874  -0.000351767
0.0575648  0.0575804  0.0575721  -0.00034969
0.0569539  0.0569694  0.0569613  -0.000347613
0.0563473  0.0563628  0.0563546  -0.000345536
0.0557451  0.0557605  0.0557524  -0.00034346
0.0551472  0.0551624  0.0551543  -0.000341383
0.0545535  0.0545687  0.0545606  -0.000339306
0.0539641  0.0539792  0.0539712  -0.000337229
0.053379  0.0533939  0.053386  -0.000335153
0.052798  0.0528129  0.052805  -0.000333076
0.0522213  0.0522361  0.0522282  -0.000331079
0.0516487  0.0516634  0.0516556  -0.000329002
0.0510804  0.0510949  0.0510871  -0.000326926
0.0505161  0.0505306  0.0505229  -0.000324929
0.049956  0.0499704  0.0499628  -0.000322932
0.0494  0.0494143  0.0494067  -0.000320855
0.0488482  0.0488624  0.0488548  -0.000318858
0.0483003  0.0483145  0.048307  -0.000316861
0.0477566  0.0477707  0.0477632  -0.000314865
0.047217  0.0472309  0.0472235  -0.000312868
0.0466813  0.0466952  0.0466878  -0.000310871
0.0461497  0.0461635  0.0461561  -0.000308874
0.0456221  0.0456357  0.0456285  -0.000306877
0.0450984  0.045112  0.0451047  -0.00030488
0.0445787  0.0445922  0.044585  -0.000302883
0.044063  0.0440763  0.0440692  -0.000300887
0.0435512  0.0435644  0.0435573  -0.00029897
0.0430432  0.0430564  0.0430494  -0.000296973
0.0425392  0.0425523  0.0425454  -0.000295056
0.0420391  0.0420522  0.0420452  -0.000293059
0.0415429  0.0415558  0.0415489  -0.000291142
0.0410505  0.0410633  0.0410564  -0.000289145
0.0405619  0.0405746  0.0405678  -0.000287228
0.0400771  0.0400898  0.040083  -0.000285311
0.0395962  0.0396087  0.039602  -0.000283394
0.039119  0.0391315  0.0391248  -0.000281477
0.0386456  0.038658  0.0386514  -0.00027956
0.0381759  0.0381882  0.0381816  -0.000277643
0.03771  0.0377223  0.0377156  -0.000275726
0.0372478  0.0372599  0.0372534  -0.000273809
0.0367893  0.0368013  0.0367948  -0.000271892
0.0363345  0.0363464  0.03634  -0.000269975
0.0358833  0.0358952  0.0358888  -0.000268138
0.0354358  0.0354477  0.0354413  -0.000266221
0.034992  0.0350037  0.0349974  -0.000264304
0.0345518  0.0345634  0.0345572  -0.000262467
0.0341152  0.0341267  0.0341205  -0.00026063
0.0336821  0.0336936  0.0336874  -0.000258713
0.0332527  0.0332641  0.0332579  -0.000256876
0.0328268  0.0328381  0.032832  -0.000255039
0.0324045  0.0324156  0.0324097  -0.000253122
0.0319857  0.0319968  0.0319908  -0.000251285
0.0315704  0.0315814  0.0315754  -0.000249448
0.0311586  0.0311695  0.0311636  -0.00024761
0.0307503  0.0307611  0.0307553  -0.000245773
0.0303455  0.0303562  0.0303504  -0.000243936
0.0299441  0.0299548  0.029949  -0.000242179
0.0295462  0.0295568  0.029551  -0.000240342
0.0291517  0.0291621  0.0291564  -0.000238505
0.0287605  0.028771  0.0287653  -0.000236668
0.0283728  0.0283832  0.0283776  -0.00023491
0.0279885  0.0279988  0.0279932  -0.000233073
0.0276075  0.0276177  0.0276122  -0.000231316
0.02723  0.02724  0.0272345  -0.000229479
0.0268557  0.0268657  0.0268602  -0.000227722
0.0264847  0.0264946  0.0264892  -0.000225964
0.0261171  0.0261269  0.0261215  -0.000224207
0.0257527  0.0257624  0.0257571  -0.00022237
0.0253916  0.0254013  0.025396  -0.000220613
0.0250337  0.0250434  0.0250381  -0.000218856
0.0246792  0.0246887  0.0246835  -0.000217098
0.0243278  0.0243373  0.0243321  -0.000215341
0.0239797  0.0239891  0.0239839  -0.000213664
0.0236347  0.0236441  0.023639  -0.000211907
0.023293  0.0233022  0.0232972  -0.000210149
0.0229544  0.0229636  0.0229586  -0.000208392
0.0226191  0.0226281  0.0226231  -0.000206715
0.0222868  0.0222958  0.0222909  -0.000204958
0.0219576  0.0219666  0.0219617  -0.00020328
0.0216316  0.0216405  0.0216356  -0.000201523
0.0213087  0.0213175  0.0213126  -0.000199846
0.0209889  0.0209976  0.0209928  -0.000198168
0.0206722  0.0206807  0.020676  -0.000196411
0.0203585  0.020367  0.0203623  -0.000194734
0.0200478  0.0200563  0.0200516  -0.000193056
0.0197402  0.0197486  0.019744  -0.000191379
0.0194356  0.0194439  0.0194393  -0.000189702
0.019134  0.0191422  0.0191377  -0.000188024
0.0188354  0.0188436  0.018839  -0.000186347
0.0185398  0.0185479  0.0185434  -0.000184669
0.0182471  0.0182551  0.0182506  -0.000182992
0.0179573  0.0179653  0.0179609  -0.000181395
0.0176706  0.0176784  0.017674  -0.000179717
0.0173867  0.0173945  0.0173902  -0.00017812
0.0171057  0.0171135  0.0171092  -0.000176442
0.0168277  0.0168353  0.016831  -0.000174845
0.0165524  0.01656  0.0165558  -0.000173168
0.0162801  0.0162877  0.0162834  -0.00017157
0.0160107  0.0160181  0.0160139  -0.000169973
0.015744  0.0157514  0.0157472  -0.000168295
0.0154802  0.0154875  0.0154834  -0.000166698
0.0152192  0.0152264  0.0152223  -0.0001651
0.0149609  0.0149681  0.0149641  -0.000163503
0.0147055  0.0147125  0.0147085  -0.000161905
0.0144528  0.0144598  0.0144559  -0.000160308
0.0142029  0.0142098  0.0142059  -0.00015871
0.0139557  0.0139625  0.0139587  -0.000157193
0.0137112  0.013718  0.0137142  -0.000155595
0.0134695  0.0134762  0.0134724  -0.000153998
0.0132305  0.0132371  0.0132333  -0.00015248
0.0129941  0.0130007  0.0129969  -0.000150883
0.0127604  0.0127669  0.0127632  -0.000149365
0.0125294  0.0125358  0.0125322  -0.000147768
0.012301  0.0123074  0.0123038  -0.00014625
0.0120752  0.0120816  0.012078  -0.000144732
0.0118522  0.0118583  0.0118548  -0.000143215
0.0116316  0.0116378  0.0116343  -0.000141697
0.0114136  0.0114197  0.0114163  -0.000140179
0.0111983  0.0112043  0.0112009  -0.000138662
0.0109855  0.0109914  0.0109881  -0.000137144
0.0107753  0.0107811  0.0107778  -0.000135627
0.0105675  0.0105734  0.01057  -0.000134109
0.0103623  0.0103681  0.0103648  -0.000132591
0.0101597  0.0101654  0.0101621  -0.000131154
0.00995953  0.00996512  0.00996185  -0.000129636
0.00976184  0.00976735  0.00976416  -0.000128118
0.00956663  0.00957206  0.00956887  -0.000126681
0.00937381  0.00937924  0.00937613  -0.000125243
0.00918355  0.00918882  0.00918579  -0.000123725
0.00899561  0.00900088  0.00899784  -0.000122288
0.00881014  0.00881533  0.0088123  -0.00012085
0.00862707  0.00863218  0.00862922  -0.000119412
0.00844639  0.00845142  0.00844847  -0.000117974
0.00826811  0.00827306  0.00827019  -0.000116537
0.00809215  0.0080971  0.00809415  -0.000115099
0.00791858  0.00792345  0.00792058  -0.000113661
0.00774733  0.00775212  0.00774925  -0.000112223
0.0075784  0.00758311  0.00758031  -0.000110866
0.00741178  0.00741641  0.0074137  -0.000109428
0.00724748  0.00725203  0.00724931  -0.00010799
0.00708541  0.00708997  0.00708725  -0.000106632
0.00692566  0.00693014  0.0069275  -0.000105274
0.00676815  0.00677254  0.00676991  -0.000103837
0.00661288  0.00661727  0.00661463  -0.000102479
0.00645984  0.00646415  0.00646151  -0.000101121
0.00630895  0.00631327  0.00631071  -9.9763e-05
0.00616039  0.00616454  0.00616207  -9.84052e-05
0.00601398  0.00601805  0.00601558  -9.70473e-05
0.00586973  0.00587372  0.00587132  -9.56895e-05
0.00572763  0.00573162  0.00572923  -9.43316e-05
0.00558769  0.0055916  0.00558929  -9.29737e-05
0.00544991  0.00545382  0.00545142  -9.16159e-05
0.0053142  0.00531803  0.00531572  -9.03379e-05
0.00518065  0.0051844  0.00518217  -8.898e-05
0.00504918  0.00505293  0.00505061  -8.7702e-05
0.00491978  0.00492345  0.00492122  -8.6424e-05
0.00479246  0.00479605  0.0047939  -8.50662e-05
0.00466722  0.00467073  0.00466858  -8.37882e-05
0.00454405  0.00454749  0.00454533  -8.25102e-05
0.00442288  0.00442624  0.00442416  -8.12322e-05
0.00430371  0.00430706  0.00430499  -7.99542e-05
0.00418653  0.00418981  0.00418781  -7.86762e-05
0.00407135  0.00407463  0.00407255  -7.73982e-05
0.00395817  0.00396137  0.00395937  -7.61202e-05
0.00384691  0.0038501  0.00384811  -7.49221e-05
0.00373764  0.00374075  0.00373876  -7.36441e-05
0.00363029  0.00363332  0.00363141  -7.2446e-05
0.00352485  0.00352781  0.00352597  -7.1168e-05
0.00342134  0.00342421  0.00342238  -6.99699e-05
0.00331966  0.00332253  0.0033207  -6.87718e-05
0.00321997  0.00322277  0.00322093  -6.75737e-05
0.00312205  0.00312484  0.00312309  -6.62957e-05
0.00302604  0.00302875  0.003027  -6.50976e-05
0.00293187  0.0029345  0.00293283  -6.39793e-05
0.00283953  0.00284209  0.00284041  -6.27812e-05
0.00274896  0.00275151  0.00274983  -6.15831e-05
0.00266021  0.00266269  0.00266101  -6.04649e-05
0.00257323  0.00257563  0.00257403  -5.92668e-05
0.00248801  0.0024904  0.0024888  -5.80686e-05
0.00240462  0.00240693  0.00240542  -5.69504e-05
0.00232291  0.00232522  0.0023237  -5.58322e-05
0.00224295  0.00224519  0.00224367  -5.47139e-05
0.00216467  0.00216683  0.00216539  -5.35957e-05
0.00208807  0.00209023  0.00208879  -5.24774e-05
0.00201323  0.00201531  0.00201387  -5.13592e-05
0.00193999  0.00194206  0.00194063  -5.0241e-05
0.0018685  0.00187042  0.00186914  -4.91227e-05
0.00179853  0.00180053  0.00179917  -4.80045e-05
0.00173032  0.00173215  0.00173088  -4.69661e-05
0.00166362  0.00166546  0.00166418  -4.59277e-05
0.0015986  0.00160036  0.00159908  -4.48095e-05
0.0015351  0.00153686  0.00153558  -4.37711e-05
0.0014732  0.00147488  0.00147368  -4.27328e-05
0.00141282  0.00141449  0.0014133  -4.16944e-05
0.00135403  0.00135563  0.00135443  -4.0656e-05
0.00129668  0.00129828  0.00129716  -3.96177e-05
0.00124093  0.00124245  0.00124133  -3.85793e-05
0.00118669  0.00118813  0.00118709  -3.76208e-05
0.00113382  0.00113525  0.00113422  -3.65824e-05
0.00108254  0.00108389  0.00108286  -3.5624e-05
0.00103262  0.00103397  0.00103293  -3.46655e-05
0.000984212  0.00098549  0.000984531  -3.36271e-05
0.000937166  0.000938444  0.000937485  -3.26686e-05
0.000891477  0.000892755  0.000891797  -3.17101e-05
0.000847307  0.000848425  0.000847547  -3.08315e-05
0.000804414  0.000805533  0.000804654  -2.9873e-05
0.00076288  0.000763998  0.000763119  -2.89145e-05
0.000722703  0.000723741  0.000722943  -2.80359e-05
0.000683884  0.000684922  0.000684044  -2.70774e-05
0.000646343  0.000647302  0.000646503  -2.61988e-05
0.00061008  0.000611039  0.00061024  -2.53202e-05
0.000575095  0.000576054  0.000575255  -2.44415e-05
0.000541388  0.000542267  0.000541548  -2.35629e-05
0.000508959  0.000509758  0.000509039  -2.26843e-05
0.000477649  0.000478447  0.000477808  -2.18856e-05
0.000447616  0.000448415  0.000447696  -2.1007e-05
0.000418781  0.0004195  0.000418861  -2.02082e-05
0.000391145  0.000391784  0.000391145  -1.94095e-05
0.000364626  0.000365265  0.000364626  -1.86107e-05
0.000339226  0.000339865  0.000339226  -1.7812e-05
0.000314945  0.000315504  0.000314945  -1.70132e-05
0.000291781  0.00029234  0.000291781  -1.62145e-05
0.000269736  0.000270215  0.000269736  -1.54956e-05
0.000248729  0.000249208  0.000248729  -1.47768e-05
0.00022876  0.000229239  0.00022868  -1.3978e-05
0.00020983  0.000210229  0.00020975  -1.32591e-05
0.000191858  0.000192258  0.000191778  -1.25403e-05
0.000174925  0.000175324  0.000174845  -1.19013e-05
0.00015895  0.000159269  0.00015887  -1.11824e-05
0.000143934  0.000144253  0.000143854  -1.05434e-05
0.000129796  0.000130115  0.000129716  -9.90442e-06
0.000116617  0.000116856  0.000116537  -9.26542e-06
0.000104316  0.000104556  0.000104156  -8.62643e-06
9.2814e-05  9.30536e-05  9.27341e-05  -7.98743e-06
8.21907e-05  8.24303e-05  8.21108e-05  -7.42831e-06
7.23661e-05  7.25259e-05  7.22863e-05  -6.86919e-06
6.33403e-05  6.35001e-05  6.32605e-05  -6.31007e-06
5.51133e-05  5.5273e-05  5.49535e-05  -5.75095e-06
4.76051e-05  4.7685e-05  4.74454e-05  -5.19183e-06
4.08158e-05  4.08957e-05  4.0656e-05  -4.71259e-06
3.47453e-05  3.48252e-05  3.45856e-05  -4.15347e-06
2.93139e-05  2.93139e-05  2.91541e-05  -3.67422e-06
2.45214e-05  2.45214e-05  2.43617e-05  -3.27485e-06
2.02881e-05  2.0368e-05  2.02082e-05  -2.7956e-06
1.66937e-05  1.66937e-05  1.6534e-05  -2.4761e-06
1.35786e-05  1.35786e-05  1.34189e-05  -2.07673e-06
1.09428e-05  1.09428e-05  1.0783e-05  -1.75724e-06
8.7063e-06  8.7063e-06  8.62643e-06  -1.43774e-06
6.86919e-06  6.86919e-06  6.78932e-06  -1.19812e-06
5.35158e-06  5.35158e-06  5.27171e-06  -9.58492e-07
4.15347e-06  4.15347e-06  4.07359e-06  -7.98743e-07
3.19497e-06  3.19497e-06  3.1151e-06  -6.38995e-07
2.39623e-06  2.39623e-06  2.39623e-06  -4.79246e-07
1.83711e-06  1.75724e-06  1.75724e-06  -3.99372e-07
1.35786e-06  1.35786e-06  1.27799e-06  -3.19497e-07
