5e-07  0.475 0.5
1.52  0.008  1.06e-06
0.001405 0.721626  157.122  217.733  100
9.09349e-07  3.43709e-11  1.13983e-16
953  1916
0.999589  1.00041  0.914192  0.00612532
2.45823  2.51668  2.52263  0.0966259
3.69479  3.76061  3.66506  0.0932148
4.49209  4.58252  4.59701  0.179486
5.51283  5.5827  5.47039  0.145179
6.28669  6.31593  6.34728  0.185312
7.20261  7.23025  7.16495  0.180628
7.94097  7.9294  7.96434  0.177691
8.71185  8.71988  8.6899  0.203496
9.39009  9.37265  9.39294  0.167554
10.0383  10.031  10.0276  0.209403
10.6418  10.6264  10.6392  0.16211
11.1989  11.1775  11.1879  0.202622
11.7209  11.7118  11.7222  0.160369
12.2112  12.1814  12.1939  0.18844
12.6556  12.6499  12.6645  0.159704
13.092  13.0585  13.0668  0.172624
13.4691  13.4637  13.4836  0.157396
13.8561  13.8238  13.8256  0.158111
14.1794  14.1709  14.1958  0.152052
14.5181  14.4896  14.4862  0.146432
14.8  14.7869  14.8143  0.144107
15.0918  15.0678  15.0624  0.137557
15.3418  15.3243  15.3521  0.134777
15.5892  15.5706  15.565  0.130082
15.8125  15.7929  15.8182  0.124486
16.02  16.0055  16.0017  0.123076
16.2196  16.1987  16.2212  0.114524
16.3934  16.381  16.3801  0.115906
16.5701  16.5505  16.5693  0.105745
16.7167  16.7065  16.7072  0.107734
16.8719  16.8532  16.8694  0.0979143
16.9956  16.9855  16.9882  0.0997378
17.1288  17.1119  17.1261  0.0913279
17.2341  17.2244  17.2276  0.0915429
17.347  17.3322  17.3449  0.0855028
17.4368  17.4276  17.4305  0.0835745
17.5312  17.5178  17.5298  0.0799433
17.6073  17.598  17.6006  0.0762501
17.6848  17.6726  17.6841  0.074684
17.7483  17.7395  17.7413  0.0697264
17.8113  17.8001  17.8111  0.069474
17.863  17.8547  17.8559  0.0639724
17.9134  17.903  17.9135  0.0643299
17.9539  17.9464  17.9472  0.0588924
17.9935  17.9837  17.9935  0.0591926
18.0237  18.0168  18.0176  0.0542891
18.0538  18.0445  18.0536  0.05429
18.0744  18.0682  18.0691  0.0501043
18.0961  18.0873  18.0956  0.0497157
18.1081  18.1026  18.1037  0.0461549
18.122  18.1139  18.1213  0.0454723
18.1265  18.1216  18.1229  0.0423243
18.1331  18.1257  18.1323  0.0415552
18.131  18.1267  18.1281  0.0386044
18.131  18.1242  18.1301  0.0379984
18.1232  18.1192  18.1207  0.0350367
18.1169  18.1108  18.1161  0.0347226
18.104  18.1004  18.1018  0.0316387
18.0919  18.0865  18.0914  0.0316941
18.0745  18.0712  18.0726  0.0284456
18.0573  18.0524  18.0569  0.028834
18.0358  18.0327  18.0339  0.0254868
18.0139  18.0095  18.0137  0.0261153
17.9886  17.9858  17.9869  0.0227631
17.9626  17.9586  17.9625  0.0235191
17.9338  17.9312  17.9321  0.0202755
17.9041  17.9005  17.9041  0.0210386
17.8721  17.8698  17.8706  0.0179936
17.8391  17.8359  17.8392  0.0186838
17.8041  17.8021  17.8028  0.015881
17.7683  17.7654  17.7684  0.0164538
17.7306  17.7288  17.7295  0.0139021
17.6921  17.6895  17.6923  0.0143628
17.652  17.6504  17.6511  0.0120339
17.6111  17.6088  17.6113  0.0124152
17.5689  17.5675  17.5682  0.0102626
17.5259  17.5238  17.5261  0.0106083
17.4817  17.4805  17.4812  0.00857707
17.4367  17.4349  17.4369  0.00892689
17.3908  17.3899  17.3905  0.00697663
17.3441  17.3425  17.3443  0.0073601
17.2967  17.2959  17.2964  0.005467
17.2483  17.247  17.2487  0.00589248
17.1996  17.1989  17.1994  0.00405095
17.1498  17.1487  17.1502  0.00451059
17.0999  17.0993  17.0998  0.00273016
17.0488  17.0479  17.0493  0.00320412
16.9978  16.9974  16.9978  0.00150197
16.9457  16.9449  16.9462  0.00196719
16.8937  16.8934  16.8937  0.000360485
16.8406  16.84  16.8411  0.000796402
16.7877  16.7876  16.7878  -0.000702997
16.7338  16.7334  16.7344  -0.000308398
16.6802  16.6801  16.6803  -0.00169741
16.6255  16.6252  16.6261  -0.00134706
16.5712  16.5713  16.5714  -0.00263116
16.5159  16.5158  16.5165  -0.00232001
16.4611  16.4612  16.4613  -0.00351157
16.4053  16.4052  16.4059  -0.00322945
16.3499  16.3501  16.3502  -0.00434308
16.2936  16.2937  16.2943  -0.00407844
16.2379  16.2382  16.2382  -0.00512813
16.1812  16.1814  16.1819  -0.00487149
16.1251  16.1255  16.1255  -0.00586771
16.0681  16.0684  16.0688  -0.00561376
16.0118  16.0122  16.0122  -0.00656251
15.9545  15.9549  15.9552  -0.00631022
15.898  15.8985  15.8984  -0.00721301
15.8406  15.841  15.8413  -0.00696502
15.7838  15.7844  15.7843  -0.00782046
15.7263  15.7268  15.727  -0.00758144
15.6694  15.6701  15.67  -0.00838708
15.6118  15.6124  15.6126  -0.00816162
15.5549  15.5556  15.5554  -0.00891551
15.4972  15.4979  15.498  -0.00870688
15.4403  15.441  15.4409  -0.00940891
15.3827  15.3834  15.3834  -0.00921818
15.3257  15.3265  15.3263  -0.00987046
15.2681  15.2689  15.2689  -0.00969651
15.2113  15.2121  15.2119  -0.0103029
15.1538  15.1546  15.1545  -0.0101429
15.097  15.0978  15.0976  -0.0107084
15.0396  15.0404  15.0404  -0.0105589
14.9829  14.9838  14.9835  -0.0110885
14.9257  14.9265  14.9264  -0.0109464
14.8691  14.87  14.8698  -0.0114443
14.8121  14.813  14.8128  -0.0113074
14.7557  14.7566  14.7563  -0.0117767
14.6988  14.6998  14.6996  -0.0116438
14.6426  14.6436  14.6433  -0.0120863
14.586  14.587  14.5868  -0.0119576
14.53  14.531  14.5307  -0.0123739
14.4736  14.4746  14.4744  -0.0122503
14.4179  14.4189  14.4186  -0.0126406
14.3617  14.3628  14.3625  -0.0125231
14.3063  14.3073  14.307  -0.0128876
14.2504  14.2515  14.2512  -0.012777
14.1952  14.1962  14.1959  -0.0131162
14.1396  14.1407  14.1404  -0.0130127
14.0847  14.0858  14.0854  -0.0133276
14.0294  14.0305  14.0302  -0.0132309
13.9748  13.9759  13.9755  -0.0135231
13.9198  13.921  13.9206  -0.0134323
13.8655  13.8666  13.8662  -0.0137037
13.8109  13.812  13.8117  -0.0136178
13.7569  13.758  13.7576  -0.0138704
13.7026  13.7038  13.7034  -0.0137881
13.649  13.6501  13.6497  -0.0140237
13.5951  13.5962  13.5958  -0.0139442
13.5417  13.5429  13.5424  -0.0141642
13.4882  13.4893  13.4889  -0.0140871
13.4352  13.4363  13.4359  -0.0142925
13.382  13.3832  13.3828  -0.0142175
13.3294  13.3305  13.3301  -0.0144091
13.2766  13.2777  13.2773  -0.0143364
13.2243  13.2255  13.225  -0.0145145
13.1719  13.173  13.1726  -0.0144443
13.12  13.1211  13.1207  -0.0146093
13.0679  13.0691  13.0687  -0.0145417
13.0164  13.0176  13.0171  -0.0146941
12.9648  12.9659  12.9655  -0.0146293
12.9136  12.9148  12.9143  -0.0147696
12.8623  12.8635  12.8631  -0.0147074
12.8116  12.8128  12.8123  -0.0148363
12.7607  12.7619  12.7615  -0.0147764
12.7103  12.7115  12.711  -0.0148948
12.6599  12.6611  12.6606  -0.0148368
12.6099  12.6111  12.6106  -0.0149455
12.5598  12.561  12.5606  -0.014889
12.5102  12.5114  12.5109  -0.0149889
12.4606  12.4618  12.4613  -0.0149335
12.4114  12.4125  12.4121  -0.0150252
12.3621  12.3633  12.3629  -0.0149708
12.3133  12.3145  12.314  -0.0150549
12.2645  12.2657  12.2652  -0.0150014
12.2161  12.2172  12.2167  -0.0150781
12.1676  12.1688  12.1683  -0.0150255
12.1196  12.1208  12.1203  -0.0150953
12.0716  12.0728  12.0723  -0.0150436
12.0239  12.0251  12.0246  -0.0151067
11.9763  11.9775  11.977  -0.015056
11.9291  11.9303  11.9298  -0.0151127
11.8819  11.8831  11.8826  -0.015063
11.8351  11.8362  11.8357  -0.0151136
11.7882  11.7894  11.7889  -0.0150648
11.7418  11.743  11.7425  -0.0151097
11.6954  11.6966  11.6961  -0.0150617
11.6494  11.6505  11.65  -0.0151013
11.6034  11.6045  11.6041  -0.015054
11.5577  11.5589  11.5584  -0.0150886
11.5121  11.5133  11.5128  -0.0150418
11.4669  11.468  11.4675  -0.0150719
11.4217  11.4228  11.4224  -0.0150256
11.3768  11.378  11.3775  -0.0150514
11.332  11.3332  11.3327  -0.0150054
11.2876  11.2887  11.2882  -0.0150272
11.2432  11.2443  11.2438  -0.0149815
11.1991  11.2002  11.1998  -0.0149996
11.1551  11.1562  11.1558  -0.0149542
11.1114  11.1125  11.1121  -0.0149688
11.0678  11.0689  11.0685  -0.0149237
11.0245  11.0256  11.0251  -0.0149348
10.9813  10.9824  10.9819  -0.0148901
10.9384  10.9395  10.939  -0.014898
10.8956  10.8967  10.8962  -0.0148536
10.853  10.8541  10.8536  -0.0148584
10.8106  10.8117  10.8112  -0.0148144
10.7684  10.7695  10.769  -0.0148163
10.7264  10.7275  10.727  -0.0147725
10.6846  10.6857  10.6852  -0.0147718
10.6429  10.644  10.6435  -0.0147282
10.6015  10.6026  10.6021  -0.014725
10.5602  10.5613  10.5608  -0.0146817
10.5192  10.5203  10.5198  -0.0146762
10.4783  10.4794  10.4789  -0.0146329
10.4376  10.4387  10.4382  -0.0146253
10.3971  10.3981  10.3977  -0.0145822
10.3568  10.3578  10.3574  -0.0145725
10.3166  10.3177  10.3172  -0.0145295
10.2767  10.2777  10.2773  -0.014518
10.2369  10.2379  10.2375  -0.0144751
10.1973  10.1983  10.1979  -0.0144618
10.1579  10.1589  10.1584  -0.014419
10.1187  10.1197  10.1192  -0.014404
10.0796  10.0806  10.0801  -0.0143614
10.0407  10.0417  10.0413  -0.0143448
10.002  10.003  10.0026  -0.0143024
9.9635  9.96452  9.96406  -0.0142842
9.92513  9.92615  9.92569  -0.0142419
9.88698  9.88799  9.88754  -0.0142224
9.84897  9.84997  9.84952  -0.0141802
9.81117  9.81217  9.81172  -0.0141594
9.7735  9.7745  9.77405  -0.0141173
9.73605  9.73704  9.73659  -0.0140953
9.69872  9.69971  9.69927  -0.0140533
9.66161  9.66259  9.66215  -0.0140302
9.62463  9.62561  9.62517  -0.0139883
9.58786  9.58883  9.58839  -0.0139641
9.55121  9.55219  9.55175  -0.0139224
9.51478  9.51575  9.51531  -0.0138972
9.47847  9.47944  9.479  -0.0138555
9.44237  9.44333  9.44289  -0.0138294
9.4064  9.40735  9.40692  -0.0137879
9.37062  9.37157  9.37114  -0.013761
9.33498  9.33593  9.3355  -0.0137195
9.29953  9.30047  9.30004  -0.0136918
9.26421  9.26515  9.26473  -0.0136505
9.22909  9.23002  9.2296  -0.013622
9.1941  9.19503  9.1946  -0.0135808
9.15929  9.16022  9.15979  -0.0135517
9.12462  9.12554  9.12512  -0.0135106
9.09013  9.09105  9.09063  -0.0134808
9.05578  9.05669  9.05628  -0.0134399
9.0216  9.02251  9.0221  -0.0134095
8.98756  8.98847  8.98806  -0.0133686
8.9537  8.9546  8.95419  -0.0133378
8.91997  8.92087  8.92046  -0.013297
8.88642  8.88731  8.8869  -0.0132656
8.853  8.85389  8.85348  -0.013225
8.81975  8.82063  8.82023  -0.0131932
8.78663  8.78751  8.78711  -0.0131527
8.75369  8.75456  8.75416  -0.0131205
8.72087  8.72174  8.72134  -0.0130801
8.68822  8.68909  8.68869  -0.0130475
8.65571  8.65657  8.65617  -0.0130073
8.62336  8.62422  8.62382  -0.0129744
8.59113  8.59199  8.5916  -0.0129343
8.55908  8.55993  8.55954  -0.012901
8.52715  8.528  8.52761  -0.012861
8.49538  8.49623  8.49583  -0.0128275
8.46374  8.46458  8.4642  -0.0127877
8.43226  8.4331  8.43271  -0.0127539
8.40091  8.40174  8.40136  -0.0127142
8.36971  8.37054  8.37016  -0.0126802
8.33865  8.33947  8.33909  -0.0126407
8.30773  8.30855  8.30817  -0.0126065
8.27694  8.27776  8.27738  -0.0125671
8.24631  8.24712  8.24674  -0.0125328
8.2158  8.21661  8.21623  -0.0124935
8.18544  8.18624  8.18587  -0.012459
8.1552  8.156  8.15563  -0.0124199
8.12511  8.12591  8.12554  -0.0123853
8.09515  8.09595  8.09558  -0.0123464
8.06533  8.06612  8.06576  -0.0123116
8.03564  8.03643  8.03606  -0.0122729
8.00609  8.00687  8.00651  -0.0122381
7.97666  7.97744  7.97708  -0.0121994
7.94738  7.94815  7.94779  -0.0121646
7.91821  7.91898  7.91862  -0.0121261
7.88919  7.88996  7.8896  -0.0120912
7.86028  7.86105  7.86069  -0.0120529
7.83152  7.83228  7.83192  -0.0120179
7.80287  7.80363  7.80328  -0.0119798
7.77436  7.77512  7.77477  -0.0119448
7.74598  7.74673  7.74637  -0.0119069
7.71772  7.71847  7.71812  -0.0118719
7.68958  7.69033  7.68998  -0.0118342
7.66158  7.66232  7.66197  -0.0117992
7.63369  7.63443  7.63408  -0.0117616
7.60593  7.60667  7.60632  -0.0117266
7.57829  7.57902  7.57868  -0.0116893
7.55078  7.55151  7.55117  -0.0116543
7.52339  7.52411  7.52377  -0.0116171
7.49612  7.49684  7.4965  -0.0115822
7.46897  7.46968  7.46934  -0.0115452
7.44194  7.44265  7.44231  -0.0115104
7.41503  7.41573  7.4154  -0.0114736
7.38824  7.38894  7.38861  -0.0114388
7.36156  7.36226  7.36193  -0.0114021
7.335  7.3357  7.33537  -0.0113674
7.30856  7.30926  7.30893  -0.011331
7.28224  7.28293  7.28261  -0.0112964
7.25603  7.25672  7.25639  -0.0112601
7.22994  7.23062  7.2303  -0.0112256
7.20396  7.20464  7.20432  -0.0111895
7.1781  7.17877  7.17845  -0.0111551
7.15234  7.15302  7.1527  -0.0111193
7.12671  7.12738  7.12706  -0.0110849
7.10118  7.10184  7.10153  -0.0110493
7.07576  7.07643  7.07611  -0.0110151
7.05046  7.05112  7.0508  -0.0109796
7.02526  7.02592  7.02561  -0.0109456
7.00018  7.00083  7.00052  -0.0109103
6.9752  6.97585  6.97554  -0.0108763
6.95033  6.95098  6.95067  -0.0108413
6.92557  6.92622  6.92591  -0.0108074
6.90092  6.90156  6.90126  -0.0107726
6.87637  6.87701  6.87671  -0.0107389
6.85193  6.85257  6.85227  -0.0107043
6.8276  6.82823  6.82793  -0.0106707
6.80337  6.804  6.8037  -0.0106363
6.77925  6.77987  6.77957  -0.0106029
6.75522  6.75585  6.75555  -0.0105687
6.73131  6.73193  6.73163  -0.0105354
6.70749  6.70811  6.70782  -0.0105014
6.68378  6.6844  6.6841  -0.0104683
6.66017  6.66078  6.66049  -0.0104345
6.63666  6.63727  6.63698  -0.0104015
6.61325  6.61386  6.61357  -0.0103679
6.58994  6.59055  6.59026  -0.0103352
6.56673  6.56733  6.56705  -0.0103018
6.54362  6.54422  6.54394  -0.0102692
6.52061  6.52121  6.52092  -0.010236
6.4977  6.49829  6.49801  -0.0102035
6.47488  6.47547  6.47519  -0.0101706
6.45217  6.45275  6.45247  -0.0101383
6.42954  6.43012  6.42985  -0.0101055
6.40702  6.4076  6.40732  -0.0100734
6.38458  6.38516  6.38489  -0.0100409
6.36225  6.36282  6.36255  -0.010009
6.34001  6.34058  6.34031  -0.00997662
6.31786  6.31843  6.31816  -0.00994488
6.29581  6.29637  6.2961  -0.00991275
6.27385  6.27441  6.27414  -0.00988121
6.25198  6.25254  6.25227  -0.00984928
6.2302  6.23076  6.23049  -0.00981789
6.20851  6.20907  6.2088  -0.0097862
6.18692  6.18747  6.18721  -0.00975501
6.16542  6.16597  6.1657  -0.0097235
6.144  6.14455  6.14429  -0.00969249
6.12268  6.12322  6.12296  -0.0096612
6.10145  6.10199  6.10173  -0.0096304
6.0803  6.08084  6.08058  -0.00959931
6.05924  6.05978  6.05952  -0.00956869
6.03827  6.03881  6.03855  -0.0095378
6.01739  6.01792  6.01767  -0.00950738
5.99659  5.99712  5.99687  -0.00947671
5.97589  5.97641  5.97616  -0.00944646
5.95526  5.95579  5.95553  -0.00941601
5.93472  5.93525  5.93499  -0.00938595
5.91427  5.91479  5.91454  -0.0093557
5.8939  5.89442  5.89417  -0.00932584
5.87362  5.87413  5.87388  -0.0092958
5.85342  5.85393  5.85368  -0.00926614
5.8333  5.83381  5.83357  -0.00923631
5.81327  5.81377  5.81353  -0.00920683
5.79332  5.79382  5.79358  -0.00917722
5.77345  5.77395  5.77371  -0.00914792
5.75366  5.75416  5.75392  -0.00911851
5.73395  5.73445  5.73421  -0.00908941
5.71433  5.71482  5.71458  -0.00906021
5.69478  5.69527  5.69503  -0.00903132
5.67531  5.6758  5.67557  -0.0090023
5.65593  5.65641  5.65618  -0.00897361
5.63662  5.6371  5.63687  -0.00894481
5.61739  5.61787  5.61764  -0.0089163
5.59824  5.59872  5.59849  -0.00888771
5.57917  5.57965  5.57942  -0.00885938
5.56017  5.56065  5.56042  -0.00883099
5.54126  5.54173  5.5415  -0.00880286
5.52241  5.52289  5.52266  -0.00877468
5.50365  5.50412  5.50389  -0.00874675
5.48496  5.48543  5.4852  -0.00871877
5.46635  5.46681  5.46659  -0.00869102
5.44781  5.44827  5.44805  -0.00866325
5.42935  5.42981  5.42958  -0.0086357
5.41096  5.41141  5.41119  -0.00860813
5.39264  5.3931  5.39288  -0.00858076
5.3744  5.37485  5.37463  -0.00855337
5.35623  5.35668  5.35646  -0.00852621
5.33814  5.33859  5.33837  -0.00849904
5.32011  5.32056  5.32034  -0.00847206
5.30216  5.30261  5.30239  -0.00844507
5.28428  5.28473  5.28451  -0.00841829
5.26648  5.26692  5.2667  -0.00839151
5.24874  5.24918  5.24896  -0.00836491
5.23107  5.23151  5.2313  -0.00833833
5.21348  5.21391  5.2137  -0.00831193
5.19595  5.19638  5.19617  -0.00828553
5.1785  5.17893  5.17872  -0.00825931
5.16111  5.16154  5.16133  -0.00823311
5.14379  5.14422  5.14401  -0.00820709
5.12654  5.12697  5.12676  -0.00818107
5.10936  5.10978  5.10958  -0.00815523
5.09225  5.09267  5.09246  -0.00812942
5.0752  5.07562  5.07542  -0.00810376
5.05822  5.05864  5.05844  -0.00807815
5.04131  5.04173  5.04153  -0.00805266
5.02447  5.02488  5.02468  -0.00802723
5.00769  5.0081  5.0079  -0.00800195
4.99098  4.99139  4.99119  -0.0079767
4.97433  4.97474  4.97454  -0.00795162
4.95775  4.95815  4.95796  -0.00792654
4.94123  4.94163  4.94144  -0.00790165
4.92478  4.92518  4.92498  -0.00787675
4.90839  4.90879  4.90859  -0.00785203
4.89206  4.89246  4.89227  -0.00782733
4.8758  4.8762  4.87601  -0.00780279
4.85961  4.86  4.85981  -0.00777828
4.84347  4.84387  4.84367  -0.00775391
4.8274  4.82779  4.8276  -0.0077296
4.81139  4.81178  4.81159  -0.00770542
4.79544  4.79583  4.79564  -0.00768126
4.77956  4.77994  4.77976  -0.00765725
4.76373  4.76412  4.76393  -0.00763329
4.74797  4.74835  4.74817  -0.00760947
4.73227  4.73265  4.73246  -0.00758569
4.71663  4.71701  4.71682  -0.00756201
4.70105  4.70142  4.70124  -0.00753841
4.68552  4.6859  4.68572  -0.00751494
4.67006  4.67044  4.67025  -0.00749152
4.65466  4.65503  4.65485  -0.0074682
4.63932  4.63969  4.63951  -0.00744496
4.62403  4.6244  4.62422  -0.00742184
4.60881  4.60917  4.60899  -0.00739875
4.59364  4.594  4.59383  -0.00737579
4.57853  4.57889  4.57872  -0.0073529
4.56348  4.56384  4.56366  -0.00733011
4.54848  4.54884  4.54867  -0.00730738
4.53355  4.5339  4.53373  -0.00728475
4.51866  4.51902  4.51885  -0.00726219
4.50384  4.5042  4.50402  -0.00723976
4.48907  4.48943  4.48925  -0.00721736
4.47436  4.47471  4.47454  -0.00719509
4.4597  4.46006  4.45988  -0.00717286
4.4451  4.44545  4.44528  -0.00715076
4.43056  4.43091  4.43074  -0.00712869
4.41607  4.41641  4.41624  -0.00710675
4.40163  4.40198  4.40181  -0.00708488
4.38725  4.38759  4.38743  -0.00706309
4.37292  4.37326  4.3731  -0.00704137
4.35865  4.35899  4.35882  -0.00701976
4.34443  4.34477  4.3446  -0.00699819
4.33026  4.3306  4.33044  -0.00697673
4.31615  4.31649  4.31632  -0.00695535
4.30209  4.30242  4.30226  -0.00693404
4.28808  4.28841  4.28825  -0.00691281
4.27413  4.27446  4.2743  -0.00689168
4.26022  4.26055  4.26039  -0.00687062
4.24637  4.2467  4.24654  -0.00684965
4.23257  4.2329  4.23274  -0.00682872
4.21882  4.21915  4.21899  -0.0068079
4.20513  4.20545  4.20529  -0.00678715
4.19148  4.1918  4.19164  -0.0067665
4.17788  4.17821  4.17805  -0.00674591
4.16434  4.16466  4.1645  -0.00672539
4.15084  4.15116  4.15101  -0.00670494
4.1374  4.13772  4.13756  -0.0066846
4.124  4.12432  4.12416  -0.00666431
4.11066  4.11097  4.11082  -0.00664412
4.09736  4.09767  4.09752  -0.00662399
4.08411  4.08442  4.08427  -0.00660393
4.07091  4.07122  4.07107  -0.00658397
4.05776  4.05807  4.05792  -0.00656406
4.04466  4.04497  4.04482  -0.00654423
4.03161  4.03191  4.03176  -0.0065245
4.0186  4.01891  4.01876  -0.00650482
4.00564  4.00595  4.0058  -0.00648522
3.99273  3.99303  3.99289  -0.00646569
3.97987  3.98017  3.98002  -0.00644624
3.96705  3.96735  3.9672  -0.00642684
3.95428  3.95458  3.95443  -0.00640754
3.94156  3.94185  3.94171  -0.00638832
3.92888  3.92918  3.92903  -0.00636915
3.91625  3.91654  3.9164  -0.00635006
3.90366  3.90396  3.90381  -0.00633104
3.89112  3.89142  3.89127  -0.0063121
3.87863  3.87892  3.87878  -0.00629324
3.86618  3.86647  3.86633  -0.00627442
3.85378  3.85407  3.85392  -0.00625571
3.84142  3.84171  3.84157  -0.00623705
3.82911  3.82939  3.82925  -0.00621844
3.81684  3.81712  3.81698  -0.00619993
3.80461  3.80489  3.80475  -0.00618148
3.79243  3.79271  3.79257  -0.0061631
3.78029  3.78057  3.78043  -0.00614479
3.7682  3.76848  3.76834  -0.00612654
3.75615  3.75643  3.75629  -0.00610839
3.74414  3.74442  3.74428  -0.00609026
3.73218  3.73245  3.73232  -0.00607224
3.72026  3.72053  3.72039  -0.00605426
3.70838  3.70865  3.70852  -0.00603637
3.69654  3.69681  3.69668  -0.00601852
3.68475  3.68502  3.68488  -0.00600078
3.673  3.67326  3.67313  -0.00598306
3.66129  3.66155  3.66142  -0.00596544
3.64962  3.64988  3.64975  -0.00594787
3.63799  3.63826  3.63813  -0.00593036
3.62641  3.62667  3.62654  -0.00591292
3.61486  3.61513  3.61499  -0.00589556
3.60336  3.60362  3.60349  -0.00587825
3.5919  3.59216  3.59203  -0.00586101
3.58047  3.58073  3.58061  -0.00584383
3.56909  3.56935  3.56922  -0.00582672
3.55775  3.55801  3.55788  -0.00580966
3.54645  3.54671  3.54658  -0.00579268
3.53519  3.53544  3.53532  -0.00577578
3.52397  3.52422  3.5241  -0.00575892
3.51278  3.51304  3.51291  -0.00574212
3.50164  3.5019  3.50177  -0.0057254
3.49054  3.49079  3.49067  -0.00570872
3.47947  3.47972  3.4796  -0.00569212
3.46845  3.4687  3.46857  -0.00567558
3.45746  3.45771  3.45759  -0.00565908
3.44651  3.44676  3.44664  -0.00564266
3.4356  3.43585  3.43573  -0.00562631
3.42473  3.42498  3.42485  -0.00561002
3.4139  3.41414  3.41402  -0.00559378
3.4031  3.40334  3.40322  -0.00557759
3.39234  3.39258  3.39246  -0.00556147
3.38162  3.38186  3.38174  -0.00554541
3.37093  3.37118  3.37106  -0.00552942
3.36029  3.36053  3.36041  -0.00551348
3.34968  3.34992  3.3498  -0.0054976
3.3391  3.33934  3.33922  -0.00548179
3.32857  3.3288  3.32869  -0.00546603
3.31807  3.3183  3.31819  -0.00545032
3.3076  3.30784  3.30772  -0.00543467
3.29718  3.29741  3.29729  -0.00541909
3.28678  3.28702  3.2869  -0.00540356
3.27643  3.27666  3.27655  -0.00538808
3.26611  3.26634  3.26623  -0.00537268
3.25582  3.25606  3.25594  -0.00535733
3.24558  3.24581  3.24569  -0.00534203
3.23536  3.23559  3.23548  -0.00532678
3.22518  3.22541  3.2253  -0.00531158
3.21504  3.21527  3.21515  -0.00529646
3.20493  3.20516  3.20504  -0.00528138
3.19486  3.19508  3.19497  -0.00526636
3.18482  3.18504  3.18493  -0.00525139
3.17481  3.17503  3.17492  -0.00523648
3.16484  3.16506  3.16495  -0.00522161
3.1549  3.15512  3.15501  -0.00520682
3.145  3.14522  3.14511  -0.00519208
3.13513  3.13535  3.13524  -0.00517739
3.12529  3.12551  3.1254  -0.00516275
3.11549  3.11571  3.1156  -0.00514816
3.10572  3.10594  3.10583  -0.00513363
3.09598  3.0962  3.09609  -0.00511914
3.08628  3.0865  3.08639  -0.00510473
3.07661  3.07682  3.07672  -0.00509035
3.06697  3.06719  3.06708  -0.00507604
3.05737  3.05758  3.05748  -0.00506176
3.0478  3.04801  3.0479  -0.00504755
3.03826  3.03847  3.03836  -0.00503337
3.02875  3.02896  3.02885  -0.00501927
3.01927  3.01948  3.01938  -0.00500522
3.00983  3.01004  3.00993  -0.00499119
3.00042  3.00062  3.00052  -0.00497724
2.99104  2.99124  2.99114  -0.00496334
2.98169  2.98189  2.98179  -0.00494946
2.97237  2.97257  2.97247  -0.00493566
2.96308  2.96329  2.96319  -0.00492192
2.95383  2.95403  2.95393  -0.0049082
2.9446  2.94481  2.94471  -0.00489455
2.93541  2.93561  2.93551  -0.00488093
2.92625  2.92645  2.92635  -0.00486739
2.91712  2.91732  2.91722  -0.00485387
2.90801  2.90821  2.90811  -0.0048404
2.89894  2.89914  2.89904  -0.00482698
2.8899  2.8901  2.89  -0.00481364
2.88089  2.88109  2.88099  -0.00480033
2.87191  2.87211  2.87201  -0.00478704
2.86296  2.86315  2.86306  -0.00477383
2.85404  2.85423  2.85414  -0.00476067
2.84515  2.84534  2.84524  -0.00474753
2.83628  2.83648  2.83638  -0.00473445
2.82745  2.82764  2.82755  -0.00472144
2.81865  2.81884  2.81874  -0.00470845
2.80987  2.81006  2.80997  -0.00469549
2.80113  2.80132  2.80122  -0.00468261
2.79241  2.7926  2.79251  -0.00466976
2.78372  2.78391  2.78382  -0.00465698
2.77506  2.77525  2.77516  -0.00464422
2.76643  2.76662  2.76653  -0.00463152
2.75783  2.75802  2.75792  -0.00461884
2.74926  2.74944  2.74935  -0.00460624
2.74071  2.7409  2.7408  -0.00459366
2.73219  2.73238  2.73229  -0.00458114
2.7237  2.72389  2.7238  -0.00456864
2.71524  2.71542  2.71533  -0.00455621
2.70681  2.70699  2.7069  -0.00454382
2.6984  2.69858  2.69849  -0.00453147
2.69002  2.6902  2.69011  -0.00451917
2.68167  2.68185  2.68176  -0.0045069
2.67334  2.67352  2.67343  -0.00449468
2.66505  2.66523  2.66514  -0.00448251
2.65678  2.65696  2.65687  -0.00447037
2.64853  2.64871  2.64862  -0.00445828
2.64032  2.64049  2.64041  -0.00444624
2.63213  2.6323  2.63222  -0.00443422
2.62396  2.62414  2.62405  -0.00442225
2.61583  2.616  2.61591  -0.00441034
2.60772  2.60789  2.6078  -0.00439848
2.59963  2.59981  2.59972  -0.00438664
2.59157  2.59175  2.59166  -0.00437483
2.58354  2.58371  2.58363  -0.00436309
2.57554  2.57571  2.57562  -0.00435138
2.56756  2.56773  2.56764  -0.00433969
2.5596  2.55977  2.55969  -0.00432806
2.55167  2.55184  2.55176  -0.00431648
2.54377  2.54394  2.54386  -0.00430494
2.53589  2.53606  2.53598  -0.00429341
2.52804  2.52821  2.52812  -0.00428196
2.52021  2.52038  2.5203  -0.00427052
2.51241  2.51258  2.5125  -0.00425914
2.50464  2.5048  2.50472  -0.00424779
2.49688  2.49705  2.49697  -0.00423649
2.48916  2.48932  2.48924  -0.00422521
2.48145  2.48162  2.48154  -0.00421398
2.47378  2.47394  2.47386  -0.00420278
2.46612  2.46629  2.46621  -0.00419163
2.4585  2.45866  2.45858  -0.00418053
2.45089  2.45105  2.45097  -0.00416946
2.44331  2.44347  2.44339  -0.00415841
2.43576  2.43592  2.43584  -0.00414741
2.42822  2.42838  2.4283  -0.00413644
2.42072  2.42088  2.4208  -0.00412552
2.41323  2.41339  2.41331  -0.00411465
2.40577  2.40593  2.40585  -0.0041038
2.39834  2.39849  2.39842  -0.00409298
2.39092  2.39108  2.391  -0.00408221
2.38353  2.38369  2.38361  -0.00407147
2.37617  2.37633  2.37625  -0.00406078
2.36883  2.36898  2.3689  -0.00405011
2.36151  2.36166  2.36159  -0.00403947
2.35421  2.35437  2.35429  -0.00402888
2.34694  2.34709  2.34702  -0.00401834
2.33969  2.33984  2.33977  -0.00400782
2.33246  2.33262  2.33254  -0.00399733
2.32526  2.32541  2.32533  -0.0039869
2.31808  2.31823  2.31815  -0.00397648
2.31092  2.31107  2.31099  -0.0039661
2.30378  2.30393  2.30386  -0.00395576
2.29667  2.29682  2.29674  -0.00394545
2.28958  2.28973  2.28965  -0.00393519
2.28251  2.28266  2.28258  -0.00392496
2.27546  2.27561  2.27553  -0.00391475
2.26844  2.26858  2.26851  -0.00390459
2.26143  2.26158  2.26151  -0.00389446
2.25445  2.2546  2.25453  -0.00388435
2.24749  2.24764  2.24757  -0.0038743
2.24056  2.2407  2.24063  -0.00386427
2.23364  2.23379  2.23371  -0.00385429
2.22675  2.22689  2.22682  -0.00384431
2.21987  2.22002  2.21995  -0.00383438
2.21302  2.21317  2.21309  -0.0038245
2.20619  2.20634  2.20626  -0.00381462
2.19938  2.19953  2.19946  -0.0038048
2.1926  2.19274  2.19267  -0.00379502
2.18583  2.18597  2.1859  -0.00378524
2.17909  2.17923  2.17916  -0.00377552
2.17236  2.1725  2.17243  -0.00376582
2.16566  2.1658  2.16573  -0.00375615
2.15898  2.15912  2.15905  -0.00374652
2.15231  2.15245  2.15238  -0.00373693
2.14567  2.14581  2.14574  -0.00372735
2.13905  2.13919  2.13912  -0.00371781
2.13245  2.13259  2.13252  -0.00370831
2.12587  2.12601  2.12594  -0.00369884
2.11931  2.11945  2.11938  -0.0036894
2.11278  2.11291  2.11284  -0.00368
2.10626  2.10639  2.10632  -0.00367061
2.09976  2.09989  2.09983  -0.00366126
2.09328  2.09341  2.09335  -0.00365195
2.08682  2.08696  2.08689  -0.00364265
2.08038  2.08052  2.08045  -0.00363341
2.07396  2.0741  2.07403  -0.00362417
2.06756  2.0677  2.06763  -0.00361498
2.06118  2.06132  2.06125  -0.00360582
2.05482  2.05496  2.05489  -0.00359668
2.04848  2.04862  2.04855  -0.00358759
2.04216  2.04229  2.04223  -0.0035785
2.03586  2.03599  2.03593  -0.00356946
2.02958  2.02971  2.02964  -0.00356045
2.02332  2.02345  2.02338  -0.00355146
2.01707  2.0172  2.01714  -0.0035425
2.01085  2.01098  2.01091  -0.00353357
2.00464  2.00477  2.0047  -0.00352468
1.99845  1.99858  1.99852  -0.0035158
1.99229  1.99241  1.99235  -0.00350696
1.98614  1.98626  1.9862  -0.00349815
1.98001  1.98013  1.98007  -0.00348937
1.97389  1.97402  1.97396  -0.00348061
1.9678  1.96793  1.96786  -0.00347188
1.96173  1.96185  1.96179  -0.0034632
1.95567  1.95579  1.95573  -0.00345452
1.94963  1.94976  1.94969  -0.00344589
1.94361  1.94374  1.94367  -0.00343726
1.93761  1.93773  1.93767  -0.00342868
1.93163  1.93175  1.93169  -0.00342013
1.92566  1.92579  1.92572  -0.0034116
1.91972  1.91984  1.91978  -0.00340309
1.91379  1.91391  1.91385  -0.00339462
1.90788  1.908  1.90794  -0.00338617
1.90198  1.9021  1.90204  -0.00337774
1.89611  1.89623  1.89617  -0.00336936
1.89025  1.89037  1.89031  -0.00336099
1.88441  1.88453  1.88447  -0.00335264
1.87859  1.87871  1.87865  -0.00334434
1.87278  1.8729  1.87284  -0.00333604
1.867  1.86712  1.86706  -0.00332779
1.86123  1.86135  1.86129  -0.00331954
1.85547  1.85559  1.85553  -0.00331134
1.84974  1.84986  1.8498  -0.00330315
1.84402  1.84414  1.84408  -0.003295
1.83832  1.83844  1.83838  -0.00328685
1.83264  1.83275  1.8327  -0.00327876
1.82697  1.82709  1.82703  -0.00327069
1.82132  1.82144  1.82138  -0.00326262
1.81569  1.8158  1.81575  -0.0032546
1.81007  1.81019  1.81013  -0.0032466
1.80447  1.80459  1.80453  -0.00323861
1.79889  1.79901  1.79895  -0.00323067
1.79333  1.79344  1.79338  -0.00322273
1.78778  1.78789  1.78783  -0.00321483
1.78225  1.78236  1.7823  -0.00320694
1.77673  1.77684  1.77679  -0.0031991
1.77123  1.77134  1.77129  -0.00319126
1.76575  1.76586  1.7658  -0.00318347
1.76028  1.76039  1.76034  -0.00317568
1.75483  1.75494  1.75489  -0.00316794
1.7494  1.74951  1.74945  -0.0031602
1.74398  1.74409  1.74403  -0.00315249
1.73858  1.73869  1.73863  -0.0031448
1.73319  1.7333  1.73325  -0.00313714
1.72782  1.72793  1.72788  -0.0031295
1.72247  1.72258  1.72252  -0.00312189
1.71713  1.71724  1.71719  -0.0031143
1.71181  1.71192  1.71186  -0.00310674
1.7065  1.70661  1.70656  -0.0030992
1.70121  1.70132  1.70127  -0.00309167
1.69594  1.69605  1.69599  -0.00308418
1.69068  1.69079  1.69073  -0.00307672
1.68544  1.68554  1.68549  -0.00306926
1.68021  1.68031  1.68026  -0.00306183
1.67499  1.6751  1.67505  -0.00305442
1.6698  1.6699  1.66985  -0.00304704
1.66462  1.66472  1.66467  -0.00303968
1.65945  1.65955  1.6595  -0.00303235
1.6543  1.6544  1.65435  -0.00302504
1.64916  1.64927  1.64921  -0.00301774
1.64404  1.64414  1.64409  -0.00301048
1.63893  1.63904  1.63899  -0.00300323
1.63384  1.63395  1.63389  -0.002996
1.62877  1.62887  1.62882  -0.00298882
1.62371  1.62381  1.62376  -0.00298161
1.61866  1.61876  1.61871  -0.00297446
1.61363  1.61373  1.61368  -0.00296733
1.60861  1.60871  1.60866  -0.0029602
1.60361  1.60371  1.60366  -0.00295313
1.59862  1.59872  1.59867  -0.00294605
1.59365  1.59375  1.5937  -0.002939
1.58869  1.58879  1.58874  -0.00293197
1.58375  1.58385  1.5838  -0.00292494
1.57882  1.57892  1.57887  -0.00291797
1.57391  1.574  1.57395  -0.00291099
1.56901  1.5691  1.56905  -0.00290404
1.56412  1.56422  1.56417  -0.00289712
1.55925  1.55935  1.5593  -0.00289022
1.55439  1.55449  1.55444  -0.00288332
1.54955  1.54964  1.5496  -0.00287647
1.54472  1.54482  1.54477  -0.00286962
1.5399  1.54  1.53995  -0.0028628
1.5351  1.5352  1.53515  -0.002856
1.53032  1.53041  1.53036  -0.00284921
1.52554  1.52564  1.52559  -0.00284246
1.52078  1.52088  1.52083  -0.00283571
1.51604  1.51613  1.51609  -0.00282899
1.51131  1.5114  1.51135  -0.0028223
1.50659  1.50668  1.50664  -0.0028156
1.50189  1.50198  1.50193  -0.00280893
1.4972  1.49729  1.49724  -0.00280229
1.49252  1.49261  1.49257  -0.00279567
1.48786  1.48795  1.4879  -0.00278907
1.48321  1.4833  1.48325  -0.00278248
1.47857  1.47866  1.47862  -0.00277591
1.47395  1.47404  1.47399  -0.00276937
1.46934  1.46943  1.46938  -0.00276285
1.46474  1.46483  1.46479  -0.00275633
1.46016  1.46025  1.46021  -0.00274984
1.45559  1.45568  1.45564  -0.00274338
1.45103  1.45113  1.45108  -0.00273691
1.44649  1.44658  1.44654  -0.0027305
1.44196  1.44205  1.44201  -0.00272408
1.43744  1.43754  1.43749  -0.00271769
1.43294  1.43303  1.43299  -0.0027113
1.42845  1.42854  1.4285  -0.00270494
1.42397  1.42406  1.42402  -0.0026986
1.41951  1.4196  1.41955  -0.00269228
1.41506  1.41515  1.4151  -0.00268597
1.41062  1.41071  1.41066  -0.00267971
1.40619  1.40628  1.40624  -0.00267342
1.40178  1.40187  1.40182  -0.00266718
1.39738  1.39746  1.39742  -0.00266094
1.39299  1.39308  1.39303  -0.00265473
1.38861  1.3887  1.38866  -0.00264855
1.38425  1.38434  1.38429  -0.00264236
1.3799  1.37999  1.37994  -0.0026362
1.37556  1.37565  1.3756  -0.00263006
1.37124  1.37132  1.37128  -0.00262393
1.36692  1.36701  1.36697  -0.00261782
1.36262  1.36271  1.36267  -0.00261173
1.35833  1.35842  1.35838  -0.00260565
1.35406  1.35414  1.3541  -0.00259959
1.34979  1.34988  1.34984  -0.00259356
1.34554  1.34563  1.34559  -0.00258755
1.3413  1.34139  1.34135  -0.00258154
1.33708  1.33716  1.33712  -0.00257556
1.33286  1.33295  1.3329  -0.00256958
1.32866  1.32874  1.3287  -0.00256362
1.32447  1.32455  1.32451  -0.00255769
1.32029  1.32037  1.32033  -0.00255175
1.31612  1.3162  1.31616  -0.00254587
1.31197  1.31205  1.31201  -0.00253997
1.30782  1.30791  1.30786  -0.00253411
1.30369  1.30377  1.30373  -0.00252826
1.29957  1.29965  1.29961  -0.0025224
1.29546  1.29555  1.2955  -0.0025166
1.29137  1.29145  1.29141  -0.00251079
1.28728  1.28736  1.28732  -0.00250499
1.28321  1.28329  1.28325  -0.00249921
1.27915  1.27923  1.27919  -0.00249346
1.2751  1.27518  1.27514  -0.00248773
1.27106  1.27114  1.2711  -0.002482
1.26703  1.26712  1.26707  -0.00247627
1.26302  1.2631  1.26306  -0.00247059
1.25902  1.2591  1.25906  -0.00246492
1.25502  1.2551  1.25506  -0.00245924
1.25104  1.25112  1.25108  -0.00245359
1.24707  1.24715  1.24711  -0.00244796
1.24311  1.24319  1.24315  -0.00244236
1.23917  1.23925  1.23921  -0.00243676
1.23523  1.23531  1.23527  -0.00243116
1.23131  1.23138  1.23134  -0.00242558
1.22739  1.22747  1.22743  -0.00242004
1.22349  1.22357  1.22353  -0.00241451
1.2196  1.21968  1.21964  -0.00240896
1.21572  1.2158  1.21576  -0.00240346
1.21185  1.21193  1.21189  -0.00239796
1.20799  1.20807  1.20803  -0.00239249
1.20414  1.20422  1.20418  -0.00238702
1.20031  1.20038  1.20034  -0.00238157
1.19648  1.19656  1.19652  -0.00237615
1.19267  1.19274  1.1927  -0.00237072
1.18886  1.18894  1.1889  -0.0023653
1.18507  1.18514  1.1851  -0.0023599
1.18128  1.18136  1.18132  -0.00235453
1.17751  1.17759  1.17755  -0.00234919
1.17375  1.17383  1.17379  -0.00234381
1.17  1.17008  1.17004  -0.00233849
1.16626  1.16633  1.1663  -0.00233317
1.16253  1.16261  1.16257  -0.00232788
1.15881  1.15889  1.15885  -0.00232258
1.1551  1.15518  1.15514  -0.00231729
1.15141  1.15148  1.15144  -0.00231204
1.14772  1.14779  1.14775  -0.00230677
1.14404  1.14411  1.14408  -0.00230155
1.14037  1.14045  1.14041  -0.00229633
1.13672  1.13679  1.13675  -0.00229112
1.13307  1.13314  1.13311  -0.00228592
1.12944  1.12951  1.12947  -0.00228073
1.12581  1.12588  1.12585  -0.00227556
1.12219  1.12227  1.12223  -0.00227042
1.11859  1.11866  1.11862  -0.00226528
1.11499  1.11506  1.11503  -0.00226016
1.11141  1.11148  1.11144  -0.00225504
1.10783  1.1079  1.10787  -0.00224995
1.10427  1.10434  1.1043  -0.00224486
1.10071  1.10078  1.10075  -0.00223979
1.09717  1.09724  1.0972  -0.00223473
1.09363  1.0937  1.09367  -0.00222969
1.09011  1.09018  1.09014  -0.00222465
1.08659  1.08666  1.08663  -0.00221963
1.08309  1.08316  1.08312  -0.00221461
1.07959  1.07966  1.07963  -0.00220962
1.07611  1.07618  1.07614  -0.00220464
1.07263  1.0727  1.07267  -0.00219967
1.06917  1.06924  1.0692  -0.00219471
1.06571  1.06578  1.06574  -0.00218977
1.06226  1.06233  1.0623  -0.00218483
1.05883  1.05889  1.05886  -0.00217992
1.0554  1.05547  1.05543  -0.002175
1.05198  1.05205  1.05202  -0.00217011
1.04857  1.04864  1.04861  -0.00216525
1.04518  1.04524  1.04521  -0.00216036
1.04179  1.04185  1.04182  -0.00215553
1.03841  1.03847  1.03844  -0.00215066
1.03504  1.0351  1.03507  -0.00214585
1.03168  1.03174  1.03171  -0.00214102
1.02833  1.02839  1.02836  -0.00213623
1.02498  1.02505  1.02502  -0.00213142
1.02165  1.02172  1.02168  -0.00212666
1.01833  1.01839  1.01836  -0.00212187
1.01501  1.01508  1.01505  -0.00211711
1.01171  1.01178  1.01174  -0.00211238
1.00841  1.00848  1.00845  -0.00210764
1.00513  1.00519  1.00516  -0.00210291
1.00185  1.00192  1.00188  -0.0020982
0.998583  0.998648  0.998615  -0.00209351
0.995325  0.99539  0.995357  -0.00208883
0.992075  0.99214  0.992107  -0.00208414
0.988835  0.988899  0.988867  -0.00207948
0.985604  0.985668  0.985635  -0.00207482
0.982381  0.982445  0.982413  -0.00207019
0.979168  0.979232  0.9792  -0.00206556
0.975964  0.976027  0.975995  -0.00206095
0.972768  0.972832  0.9728  -0.00205634
0.969582  0.969645  0.969613  -0.00205176
0.966404  0.966467  0.966435  -0.00204718
0.963236  0.963299  0.963267  -0.0020426
0.960076  0.960139  0.960107  -0.00203804
0.956925  0.956987  0.956956  -0.00203348
0.953783  0.953845  0.953813  -0.00202895
0.950649  0.950711  0.95068  -0.00202442
0.947524  0.947586  0.947555  -0.00201991
0.944408  0.94447  0.944439  -0.00201541
0.941301  0.941363  0.941331  -0.0020109
0.938202  0.938264  0.938233  -0.00200642
0.935112  0.935174  0.935143  -0.00200196
0.932031  0.932092  0.932061  -0.00199748
0.928958  0.929019  0.928988  -0.00199305
0.925894  0.925955  0.925924  -0.0019886
0.922838  0.922899  0.922868  -0.00198417
0.919791  0.919852  0.919821  -0.00197976
0.916752  0.916813  0.916782  -0.00197536
0.913722  0.913782  0.913752  -0.00197096
0.9107  0.91076  0.91073  -0.00196658
0.907687  0.907747  0.907716  -0.0019622
0.904682  0.904742  0.904711  -0.00195782
0.901685  0.901745  0.901715  -0.00195347
0.898697  0.898757  0.898726  -0.00194914
0.895717  0.895776  0.895746  -0.00194479
0.892746  0.892805  0.892775  -0.00194048
0.889782  0.889841  0.889811  -0.00193616
0.886827  0.886886  0.886856  -0.00193185
0.88388  0.883939  0.883909  -0.00192758
0.880942  0.881  0.88097  -0.00192327
0.878011  0.878069  0.87804  -0.00191902
0.875089  0.875147  0.875117  -0.00191475
0.872174  0.872233  0.872203  -0.00191049
0.869268  0.869326  0.869297  -0.00190627
0.86637  0.866428  0.866399  -0.00190202
0.86348  0.863538  0.863509  -0.00189782
0.860599  0.860656  0.860627  -0.00189359
0.857725  0.857782  0.857753  -0.00188939
0.854859  0.854916  0.854887  -0.00188519
0.852001  0.852058  0.852029  -0.00188101
0.849151  0.849208  0.849179  -0.00187684
0.846309  0.846365  0.846337  -0.00187269
0.843475  0.843531  0.843502  -0.00186854
0.840648  0.840705  0.840676  -0.00186439
0.83783  0.837886  0.837858  -0.00186027
0.83502  0.835076  0.835047  -0.00185614
0.832217  0.832273  0.832244  -0.00185202
0.829422  0.829478  0.829449  -0.00184792
0.826635  0.82669  0.826662  -0.00184382
0.823855  0.823911  0.823883  -0.00183972
0.821084  0.821139  0.821111  -0.00183565
0.81832  0.818375  0.818347  -0.00183157
0.815563  0.815618  0.81559  -0.00182753
0.812815  0.81287  0.812842  -0.00182348
0.810074  0.810129  0.810101  -0.00181943
0.80734  0.807395  0.807367  -0.00181541
0.804615  0.804669  0.804641  -0.00181139
0.801897  0.801951  0.801923  -0.00180739
0.799186  0.79924  0.799212  -0.00180337
0.796483  0.796537  0.796509  -0.00179937
0.793787  0.793841  0.793814  -0.0017954
0.791099  0.791153  0.791126  -0.00179143
0.788419  0.788472  0.788445  -0.00178746
0.785746  0.785799  0.785772  -0.00178351
0.78308  0.783133  0.783106  -0.00177954
0.780422  0.780475  0.780448  -0.00177562
0.777771  0.777824  0.777797  -0.00177167
0.775127  0.77518  0.775153  -0.00176775
0.772491  0.772544  0.772517  -0.00176386
0.769862  0.769915  0.769888  -0.00175994
0.767241  0.767293  0.767266  -0.00175604
0.764626  0.764679  0.764652  -0.00175215
0.762019  0.762072  0.762045  -0.00174828
0.75942  0.759472  0.759445  -0.00174441
0.756827  0.756879  0.756853  -0.00174054
0.754242  0.754294  0.754267  -0.00173669
0.751664  0.751716  0.751689  -0.00173285
0.749093  0.749145  0.749118  -0.00172903
0.746529  0.746581  0.746555  -0.00172519
0.743973  0.744024  0.743998  -0.00172137
0.741423  0.741474  0.741448  -0.00171757
0.738881  0.738932  0.738906  -0.00171375
0.736346  0.736396  0.736371  -0.00170996
0.733817  0.733868  0.733842  -0.00170619
0.731296  0.731347  0.731321  -0.0017024
0.728782  0.728832  0.728807  -0.00169863
0.726275  0.726325  0.726299  -0.00169486
0.723774  0.723825  0.723799  -0.00169112
0.721281  0.721331  0.721306  -0.00168738
0.718795  0.718845  0.718819  -0.00168364
0.716315  0.716365  0.71634  -0.00167992
0.713843  0.713893  0.713867  -0.0016762
0.711377  0.711427  0.711402  -0.00167249
0.708919  0.708968  0.708943  -0.0016688
0.706467  0.706516  0.706491  -0.00166508
0.704022  0.704071  0.704046  -0.00166141
0.701583  0.701632  0.701607  -0.00165772
0.699152  0.699201  0.699176  -0.00165406
0.696727  0.696776  0.696751  -0.00165039
0.694309  0.694358  0.694333  -0.00164672
0.691898  0.691947  0.691922  -0.00164308
0.689494  0.689542  0.689517  -0.00163944
0.687096  0.687144  0.68712  -0.0016358
0.684705  0.684753  0.684728  -0.00163219
0.68232  0.682368  0.682344  -0.00162857
0.679943  0.679991  0.679966  -0.00162496
0.677572  0.677619  0.677595  -0.00162137
0.675207  0.675255  0.67523  -0.00161775
0.672849  0.672897  0.672872  -0.00161416
0.670498  0.670545  0.670521  -0.0016106
0.668153  0.6682  0.668176  -0.00160703
0.665815  0.665862  0.665838  -0.00160347
0.663483  0.66353  0.663506  -0.00159991
0.661158  0.661205  0.661181  -0.00159634
0.658839  0.658886  0.658862  -0.0015928
0.656527  0.656574  0.65655  -0.00158929
0.654221  0.654268  0.654244  -0.00158575
0.651922  0.651968  0.651944  -0.00158224
0.649629  0.649675  0.649652  -0.00157873
0.647342  0.647389  0.647365  -0.00157521
0.645062  0.645108  0.645085  -0.00157172
0.642788  0.642834  0.642811  -0.00156824
0.640521  0.640567  0.640544  -0.00156475
0.63826  0.638306  0.638282  -0.00156126
0.636005  0.636051  0.636028  -0.0015578
0.633757  0.633802  0.633779  -0.00155434
0.631515  0.63156  0.631537  -0.00155087
0.629279  0.629324  0.629301  -0.00154744
0.627049  0.627094  0.627071  -0.001544
0.624826  0.624871  0.624848  -0.00154056
0.622609  0.622654  0.622631  -0.00153713
0.620398  0.620443  0.62042  -0.00153372
0.618193  0.618238  0.618215  -0.0015303
0.615995  0.616039  0.616016  -0.00152689
0.613802  0.613847  0.613824  -0.00152351
0.611616  0.61166  0.611638  -0.00152012
0.609436  0.60948  0.609457  -0.00151674
0.607262  0.607306  0.607283  -0.00151335
0.605094  0.605138  0.605115  -0.00150996
0.602932  0.602976  0.602953  -0.0015066
0.600776  0.60082  0.600798  -0.00150324
0.598627  0.59867  0.598648  -0.00149991
0.596483  0.596526  0.596504  -0.00149655
0.594345  0.594389  0.594366  -0.00149321
0.592213  0.592257  0.592235  -0.00148988
0.590088  0.590131  0.590109  -0.00148657
0.587968  0.588011  0.587989  -0.00148326
0.585854  0.585897  0.585875  -0.00147995
0.583746  0.583789  0.583767  -0.00147664
0.581644  0.581687  0.581665  -0.00147333
0.579548  0.579591  0.579569  -0.00147005
0.577458  0.577501  0.577479  -0.00146676
0.575374  0.575417  0.575395  -0.00146348
0.573296  0.573338  0.573316  -0.00146022
0.571223  0.571266  0.571244  -0.00145693
0.569157  0.569199  0.569177  -0.00145368
0.567096  0.567138  0.567116  -0.00145044
0.565041  0.565083  0.565061  -0.00144718
0.562991  0.563033  0.563012  -0.00144395
0.560948  0.56099  0.560968  -0.00144072
0.55891  0.558952  0.55893  -0.00143748
0.556878  0.55692  0.556898  -0.00143425
0.554852  0.554893  0.554872  -0.00143104
0.552831  0.552873  0.552851  -0.00142784
0.550816  0.550858  0.550837  -0.00142463
0.548807  0.548848  0.548827  -0.00142145
0.546804  0.546845  0.546824  -0.00141826
0.544806  0.544847  0.544826  -0.00141506
0.542814  0.542855  0.542834  -0.0014119
0.540827  0.540868  0.540847  -0.00140872
0.538846  0.538887  0.538866  -0.00140556
0.536871  0.536911  0.536891  -0.0014024
0.534901  0.534942  0.534921  -0.00139925
0.532937  0.532977  0.532957  -0.00139609
0.530978  0.531019  0.530998  -0.00139296
0.529025  0.529065  0.529045  -0.00138983
0.527078  0.527118  0.527097  -0.0013867
0.525136  0.525176  0.525155  -0.00138356
0.523199  0.523239  0.523218  -0.00138046
0.521268  0.521308  0.521287  -0.00137733
0.519342  0.519382  0.519362  -0.00137422
0.517422  0.517462  0.517442  -0.00137114
0.515508  0.515547  0.515527  -0.00136804
0.513598  0.513638  0.513618  -0.00136495
0.511695  0.511734  0.511714  -0.00136187
0.509796  0.509835  0.509815  -0.00135879
0.507903  0.507942  0.507922  -0.00135571
0.506016  0.506054  0.506034  -0.00135266
0.504133  0.504172  0.504152  -0.0013496
0.502256  0.502295  0.502275  -0.00134655
0.500385  0.500423  0.500404  -0.00134349
0.498519  0.498557  0.498537  -0.00134044
0.496658  0.496696  0.496676  -0.00133741
0.494802  0.49484  0.494821  -0.00133438
0.492952  0.49299  0.49297  -0.00133135
0.491106  0.491145  0.491125  -0.00132835
0.489267  0.489305  0.489285  -0.00132532
0.487432  0.48747  0.48745  -0.00132231
0.485603  0.485641  0.485621  -0.00131931
0.483779  0.483816  0.483797  -0.0013163
0.48196  0.481997  0.481978  -0.00131333
0.480146  0.480183  0.480164  -0.00131032
0.478337  0.478375  0.478356  -0.00130734
0.476534  0.476571  0.476552  -0.00130436
0.474736  0.474773  0.474754  -0.00130141
0.472943  0.47298  0.472961  -0.00129843
0.471155  0.471192  0.471173  -0.00129548
0.469372  0.469409  0.46939  -0.00129253
0.467594  0.467631  0.467612  -0.00128957
0.465822  0.465858  0.465839  -0.00128665
0.464054  0.464091  0.464072  -0.00128369
0.462292  0.462328  0.462309  -0.00128077
0.460534  0.460571  0.460552  -0.00127784
0.458782  0.458818  0.458799  -0.00127491
0.457034  0.457071  0.457052  -0.00127201
0.455292  0.455328  0.45531  -0.00126908
0.453555  0.453591  0.453572  -0.00126618
0.451822  0.451858  0.45184  -0.00126328
0.450095  0.450131  0.450113  -0.00126037
0.448373  0.448409  0.44839  -0.0012575
0.446655  0.446691  0.446673  -0.00125459
0.444943  0.444978  0.44496  -0.00125172
0.443235  0.443271  0.443252  -0.00124884
0.441533  0.441568  0.44155  -0.00124596
0.439835  0.43987  0.439852  -0.00124311
0.438142  0.438177  0.438159  -0.00124024
0.436454  0.436489  0.436471  -0.00123738
0.434771  0.434806  0.434788  -0.00123453
0.433093  0.433128  0.43311  -0.00123168
0.43142  0.431455  0.431437  -0.00122886
0.429751  0.429786  0.429768  -0.00122601
0.428087  0.428122  0.428104  -0.00122318
0.426428  0.426463  0.426445  -0.00122035
0.424774  0.424809  0.424791  -0.00121753
0.423125  0.42316  0.423142  -0.00121473
0.421481  0.421515  0.421497  -0.0012119
0.419841  0.419875  0.419858  -0.0012091
0.418206  0.41824  0.418223  -0.0012063
0.416576  0.41661  0.416592  -0.0012035
0.41495  0.414984  0.414967  -0.00120073
0.413329  0.413364  0.413346  -0.00119793
0.411713  0.411747  0.41173  -0.00119515
0.410102  0.410136  0.410118  -0.00119238
0.408495  0.408529  0.408512  -0.0011896
0.406893  0.406927  0.40691  -0.00118683
0.405296  0.40533  0.405312  -0.00118408
0.403703  0.403737  0.40372  -0.0011813
0.402115  0.402149  0.402132  -0.00117855
0.400532  0.400565  0.400548  -0.0011758
0.398953  0.398986  0.398969  -0.00117305
0.397379  0.397412  0.397395  -0.00117033
0.39581  0.395843  0.395826  -0.00116758
0.394245  0.394278  0.394261  -0.00116486
0.392684  0.392717  0.3927  -0.00116213
0.391128  0.391161  0.391144  -0.00115941
0.389577  0.38961  0.389593  -0.00115668
0.38803  0.388063  0.388046  -0.00115398
0.386488  0.386521  0.386504  -0.00115126
0.38495  0.384983  0.384966  -0.00114856
0.383417  0.38345  0.383433  -0.00114586
0.381889  0.381921  0.381904  -0.00114316
0.380364  0.380397  0.38038  -0.00114049
0.378845  0.378877  0.37886  -0.00113779
0.37733  0.377362  0.377345  -0.00113512
0.375819  0.375851  0.375834  -0.00113245
0.374312  0.374344  0.374328  -0.00112977
0.372811  0.372842  0.372826  -0.0011271
0.371313  0.371345  0.371329  -0.00112445
0.36982  0.369852  0.369835  -0.00112178
0.368332  0.368363  0.368347  -0.00111913
0.366847  0.366879  0.366863  -0.00111648
0.365367  0.365399  0.365383  -0.00111384
0.363892  0.363923  0.363907  -0.00111119
0.362421  0.362452  0.362436  -0.00110857
0.360954  0.360985  0.360969  -0.00110592
0.359492  0.359523  0.359507  -0.0011033
0.358034  0.358065  0.358049  -0.00110068
0.35658  0.356611  0.356595  -0.00109805
0.355131  0.355161  0.355145  -0.00109543
0.353685  0.353716  0.3537  -0.00109283
0.352245  0.352275  0.352259  -0.00109021
0.350808  0.350839  0.350823  -0.00108762
0.349376  0.349406  0.34939  -0.00108502
0.347948  0.347978  0.347962  -0.00108242
0.346524  0.346554  0.346539  -0.00107983
0.345104  0.345135  0.345119  -0.00107725
0.343689  0.343719  0.343704  -0.00107466
0.342278  0.342308  0.342293  -0.00107209
0.340871  0.340901  0.340886  -0.00106951
0.339469  0.339499  0.339483  -0.00106694
0.33807  0.3381  0.338085  -0.00106437
0.336676  0.336706  0.33669  -0.00106183
0.335286  0.335316  0.3353  -0.00105926
0.3339  0.33393  0.333914  -0.00105671
0.332518  0.332548  0.332532  -0.00105416
0.331141  0.33117  0.331155  -0.00105162
0.329767  0.329797  0.329781  -0.00104907
0.328398  0.328427  0.328412  -0.00104655
0.327033  0.327062  0.327047  -0.00104401
0.325671  0.325701  0.325685  -0.00104149
0.324314  0.324344  0.324328  -0.00103897
0.322961  0.322991  0.322975  -0.00103645
0.321613  0.321642  0.321627  -0.00103392
0.320268  0.320297  0.320282  -0.0010314
0.318927  0.318956  0.318941  -0.00102888
0.31759  0.317619  0.317604  -0.00102639
0.316258  0.316286  0.316272  -0.00102389
0.314929  0.314958  0.314943  -0.0010214
0.313604  0.313633  0.313618  -0.0010189
0.312284  0.312312  0.312298  -0.00101641
0.310967  0.310996  0.310981  -0.00101391
0.309655  0.309683  0.309668  -0.00101145
0.308346  0.308374  0.30836  -0.00100898
0.307042  0.30707  0.307055  -0.00100648
0.305741  0.305769  0.305754  -0.00100401
0.304444  0.304472  0.304458  -0.00100154
0.303151  0.303179  0.303165  -0.000999098
0.301863  0.301891  0.301876  -0.000996629
0.300578  0.300606  0.300591  -0.000994185
0.299297  0.299325  0.29931  -0.000991715
0.29802  0.298047  0.298033  -0.000989271
0.296747  0.296774  0.29676  -0.000986827
0.295477  0.295505  0.295491  -0.000984384
0.294212  0.29424  0.294225  -0.000981965
0.292951  0.292978  0.292964  -0.000979521
0.291693  0.29172  0.291706  -0.000977103
0.290439  0.290466  0.290452  -0.000974684
0.289189  0.289216  0.289202  -0.00097224
0.287943  0.28797  0.287956  -0.000969847
0.286701  0.286728  0.286714  -0.000967429
0.285463  0.28549  0.285475  -0.00096501
0.284228  0.284255  0.284241  -0.000962591
0.282997  0.283024  0.28301  -0.000960198
0.28177  0.281797  0.281783  -0.000957805
0.280547  0.280574  0.28056  -0.000955412
0.279328  0.279354  0.27934  -0.000953019
0.278112  0.278139  0.278125  -0.000950626
0.2769  0.276927  0.276913  -0.000948233
0.275692  0.275718  0.275705  -0.000945866
0.274488  0.274514  0.2745  -0.000943473
0.273287  0.273313  0.273299  -0.000941105
0.27209  0.272116  0.272103  -0.000938737
0.270897  0.270923  0.270909  -0.00093637
0.269707  0.269733  0.26972  -0.000934002
0.268522  0.268548  0.268534  -0.000931635
0.267339  0.267365  0.267352  -0.000929292
0.266161  0.266187  0.266173  -0.000926925
0.264986  0.265012  0.264999  -0.000924583
0.263815  0.263841  0.263828  -0.000922241
0.262648  0.262674  0.26266  -0.000919898
0.261484  0.26151  0.261496  -0.000917556
0.260324  0.26035  0.260336  -0.000915214
0.259168  0.259193  0.25918  -0.000912898
0.258015  0.25804  0.258027  -0.000910555
0.256866  0.256891  0.256878  -0.000908239
0.25572  0.255745  0.255732  -0.000905922
0.254578  0.254603  0.25459  -0.00090358
0.25344  0.253465  0.253452  -0.000901289
0.252305  0.25233  0.252317  -0.000898972
0.251174  0.251199  0.251186  -0.000896655
0.250046  0.250071  0.250058  -0.000894339
0.248922  0.248947  0.248934  -0.000892047
0.247801  0.247826  0.247813  -0.000889756
0.246684  0.246709  0.246696  -0.000887465
0.245571  0.245596  0.245583  -0.000885174
0.244461  0.244486  0.244473  -0.000882883
0.243355  0.243379  0.243366  -0.000880591
0.242252  0.242276  0.242263  -0.0008783
0.241152  0.241177  0.241164  -0.000876034
0.240057  0.240081  0.240068  -0.000873743
0.238964  0.238988  0.238976  -0.000871477
0.237875  0.237899  0.237887  -0.000869212
0.23679  0.236814  0.236801  -0.000866946
0.235708  0.235732  0.235719  -0.00086468
0.234629  0.234653  0.234641  -0.000862414
0.233554  0.233578  0.233566  -0.000860174
0.232483  0.232507  0.232494  -0.000857908
0.231415  0.231439  0.231426  -0.000855668
0.23035  0.230374  0.230361  -0.000853428
0.229289  0.229312  0.2293  -0.000851187
0.228231  0.228254  0.228242  -0.000848947
0.227176  0.2272  0.227188  -0.000846707
0.226125  0.226149  0.226136  -0.000844466
0.225078  0.225101  0.225089  -0.000842226
0.224033  0.224057  0.224044  -0.000840011
0.222992  0.223016  0.223003  -0.000837797
0.221955  0.221978  0.221966  -0.000835556
0.220921  0.220944  0.220932  -0.000833341
0.21989  0.219913  0.219901  -0.000831127
0.218862  0.218885  0.218873  -0.000828912
0.217838  0.217861  0.217849  -0.000826722
0.216817  0.21684  0.216828  -0.000824507
0.2158  0.215823  0.215811  -0.000822318
0.214786  0.214809  0.214797  -0.000820103
0.213775  0.213798  0.213786  -0.000817914
0.212767  0.21279  0.212778  -0.000815724
0.211763  0.211786  0.211774  -0.000813535
0.210762  0.210785  0.210773  -0.000811346
0.209764  0.209787  0.209775  -0.000809156
0.20877  0.208792  0.208781  -0.000806992
0.207779  0.207801  0.207789  -0.000804803
0.206791  0.206813  0.206801  -0.000802639
0.205806  0.205828  0.205817  -0.00080045
0.204825  0.204847  0.204835  -0.000798286
0.203847  0.203869  0.203857  -0.000796122
0.202872  0.202894  0.202882  -0.000793958
0.2019  0.201922  0.20191  -0.000791794
0.200931  0.200953  0.200942  -0.000789655
0.199966  0.199988  0.199976  -0.000787492
0.199004  0.199026  0.199014  -0.000785353
0.198045  0.198067  0.198055  -0.000783189
0.197089  0.197111  0.1971  -0.000781051
0.196137  0.196159  0.196147  -0.000778912
0.195187  0.195209  0.195198  -0.000776774
0.194241  0.194263  0.194251  -0.000774635
0.193298  0.19332  0.193308  -0.000772497
0.192358  0.19238  0.192368  -0.000770384
0.191422  0.191443  0.191432  -0.000768245
0.190488  0.190509  0.190498  -0.000766132
0.189558  0.189579  0.189568  -0.000763994
0.18863  0.188651  0.18864  -0.000761881
0.187706  0.187727  0.187716  -0.000759768
0.186785  0.186806  0.186795  -0.000757655
0.185867  0.185888  0.185877  -0.000755542
0.184952  0.184973  0.184962  -0.000753454
0.18404  0.184061  0.18405  -0.000751341
0.183131  0.183152  0.183141  -0.000749228
0.182226  0.182246  0.182235  -0.000747141
0.181323  0.181344  0.181333  -0.000745053
0.180423  0.180444  0.180433  -0.000742966
0.179527  0.179547  0.179537  -0.000740878
0.178633  0.178654  0.178643  -0.00073879
0.177743  0.177764  0.177753  -0.000736703
0.176856  0.176876  0.176865  -0.000734615
0.175971  0.175992  0.175981  -0.000732528
0.17509  0.17511  0.1751  -0.000730466
0.174212  0.174232  0.174221  -0.000728378
0.173336  0.173357  0.173346  -0.000726316
0.172464  0.172484  0.172474  -0.000724254
0.171595  0.171615  0.171604  -0.000722192
0.170729  0.170748  0.170738  -0.00072013
0.169865  0.169885  0.169875  -0.000718068
0.169005  0.169025  0.169014  -0.000716006
0.168147  0.168167  0.168157  -0.000713969
0.167293  0.167313  0.167302  -0.000711907
0.166442  0.166461  0.166451  -0.00070987
0.165593  0.165613  0.165602  -0.000707834
0.164747  0.164767  0.164757  -0.000705771
0.163905  0.163924  0.163914  -0.000703735
0.163065  0.163085  0.163074  -0.000701698
0.162228  0.162248  0.162237  -0.000699662
0.161394  0.161414  0.161403  -0.00069765
0.160563  0.160583  0.160573  -0.000695614
0.159735  0.159755  0.159744  -0.000693577
0.15891  0.158929  0.158919  -0.000691566
0.158088  0.158107  0.158097  -0.000689555
0.157269  0.157288  0.157278  -0.000687518
0.156452  0.156471  0.156461  -0.000685507
0.155638  0.155657  0.155647  -0.000683496
0.154828  0.154847  0.154836  -0.000681485
0.15402  0.154039  0.154029  -0.000679499
0.153215  0.153233  0.153223  -0.000677488
0.152412  0.152431  0.152421  -0.000675476
0.151613  0.151632  0.151622  -0.000673491
0.150817  0.150835  0.150825  -0.00067148
0.150023  0.150041  0.150032  -0.000669494
0.149232  0.14925  0.149241  -0.000667508
0.148444  0.148462  0.148453  -0.000665522
0.147659  0.147677  0.147667  -0.000663537
0.146876  0.146895  0.146885  -0.000661551
0.146096  0.146115  0.146105  -0.000659565
0.14532  0.145338  0.145328  -0.000657605
0.144546  0.144564  0.144554  -0.000655619
0.143774  0.143792  0.143783  -0.000653659
0.143006  0.143024  0.143014  -0.000651673
0.14224  0.142258  0.142248  -0.000649713
0.141477  0.141495  0.141485  -0.000647753
0.140717  0.140735  0.140725  -0.000645792
0.139959  0.139977  0.139967  -0.000643832
0.139204  0.139222  0.139213  -0.000641872
0.138452  0.13847  0.138461  -0.000639912
0.137703  0.137721  0.137711  -0.000637977
0.136956  0.136974  0.136965  -0.000636017
0.136213  0.13623  0.136221  -0.000634082
0.135471  0.135489  0.13548  -0.000632122
0.134733  0.13475  0.134741  -0.000630187
0.133997  0.134015  0.134005  -0.000628252
0.133264  0.133282  0.133272  -0.000626317
0.132534  0.132551  0.132542  -0.000624382
0.131806  0.131823  0.131814  -0.000622447
0.131081  0.131098  0.131089  -0.000620538
0.130359  0.130376  0.130367  -0.000618603
0.129639  0.129656  0.129647  -0.000616669
0.128922  0.128939  0.12893  -0.000614759
0.128208  0.128225  0.128216  -0.00061285
0.127496  0.127513  0.127504  -0.000610915
0.126787  0.126804  0.126795  -0.000609006
0.126081  0.126097  0.126088  -0.000607096
0.125377  0.125394  0.125385  -0.000605187
0.124676  0.124692  0.124683  -0.000603278
0.123977  0.123994  0.123985  -0.000601394
0.123281  0.123298  0.123289  -0.000599484
0.122588  0.122604  0.122595  -0.000597601
0.121897  0.121914  0.121905  -0.000595691
0.121209  0.121225  0.121216  -0.000593807
0.120523  0.12054  0.120531  -0.000591923
0.11984  0.119857  0.119848  -0.000590014
0.11916  0.119176  0.119167  -0.00058813
0.118482  0.118498  0.11849  -0.000586246
0.117807  0.117823  0.117814  -0.000584388
0.117134  0.11715  0.117142  -0.000582504
0.116464  0.11648  0.116471  -0.00058062
0.115796  0.115812  0.115804  -0.000578762
0.115131  0.115147  0.115139  -0.000576878
0.114469  0.114485  0.114476  -0.000575019
0.113809  0.113825  0.113816  -0.000573135
0.113151  0.113167  0.113159  -0.000571277
0.112496  0.112512  0.112504  -0.000569419
0.111844  0.11186  0.111851  -0.00056756
0.111194  0.11121  0.111201  -0.000565702
0.110547  0.110562  0.110554  -0.000563869
0.109902  0.109917  0.109909  -0.00056201
0.109259  0.109275  0.109267  -0.000560152
0.108619  0.108635  0.108627  -0.000558319
0.107982  0.107997  0.107989  -0.00055646
0.107347  0.107362  0.107354  -0.000554627
0.106715  0.10673  0.106722  -0.000552794
0.106085  0.1061  0.106092  -0.000550961
0.105457  0.105472  0.105464  -0.000549129
0.104832  0.104847  0.104839  -0.000547296
0.104209  0.104224  0.104216  -0.000545463
0.103589  0.103604  0.103596  -0.00054363
0.102971  0.102986  0.102978  -0.000541822
0.102356  0.102371  0.102363  -0.000539989
0.101743  0.101758  0.10175  -0.000538182
0.101132  0.101147  0.101139  -0.000536349
0.100524  0.100539  0.100531  -0.000534541
0.0999187  0.0999334  0.0999254  -0.000532734
0.0993154  0.0993301  0.0993221  -0.000530926
0.0987145  0.0987292  0.0987212  -0.000529119
0.0981161  0.0981306  0.0981227  -0.000527311
0.09752  0.0975345  0.0975266  -0.000525504
0.0969263  0.0969408  0.0969329  -0.000523696
0.096335  0.0963494  0.0963416  -0.000521914
0.095746  0.0957604  0.0957526  -0.000520106
0.0951594  0.0951738  0.095166  -0.000518324
0.0945752  0.0945895  0.0945818  -0.000516542
0.0939934  0.0940076  0.0939999  -0.000514735
0.0934139  0.0934281  0.0934204  -0.000512953
0.0928367  0.0928509  0.0928432  -0.000511171
0.0922619  0.092276  0.0922684  -0.000509389
0.0916894  0.0917035  0.0916959  -0.000507607
0.0911193  0.0911333  0.0911257  -0.00050585
0.0905515  0.0905654  0.0905579  -0.000504068
0.089986  0.0899999  0.0899923  -0.000502286
0.0894228  0.0894367  0.0894291  -0.000500529
0.088862  0.0888758  0.0888682  -0.000498773
0.0883034  0.0883172  0.0883097  -0.000496991
0.0877471  0.0877608  0.0877534  -0.000495234
0.0871932  0.0872068  0.0871994  -0.000493477
0.0866415  0.0866551  0.0866477  -0.000491721
0.0860921  0.0861057  0.0860983  -0.000489964
0.085545  0.0855585  0.0855511  -0.000488208
0.0850002  0.0850136  0.0850063  -0.000486451
0.0844576  0.084471  0.0844637  -0.00048472
0.0839173  0.0839307  0.0839234  -0.000482963
0.0833792  0.0833926  0.0833853  -0.000481232
0.0828435  0.0828567  0.0828495  -0.000479476
0.0823099  0.0823231  0.0823159  -0.000477744
0.0817786  0.0817918  0.0817846  -0.000476013
0.0812496  0.0812627  0.0812555  -0.000474282
0.0807228  0.0807358  0.0807287  -0.000472551
0.0801982  0.0802112  0.0802041  -0.00047082
0.0796758  0.0796888  0.0796817  -0.000469089
0.0791557  0.0791686  0.0791615  -0.000467358
0.0786377  0.0786506  0.0786436  -0.000465652
0.078122  0.0781348  0.0781278  -0.000463921
0.0776085  0.0776213  0.0776143  -0.000462215
0.0770972  0.0771099  0.0771029  -0.000460484
0.076588  0.0766007  0.0765938  -0.000458778
0.0760811  0.0760937  0.0760868  -0.000457072
0.0755763  0.0755889  0.075582  -0.000455367
0.0750737  0.0750863  0.0750794  -0.000453661
0.0745733  0.0745859  0.074579  -0.000451955
0.0740751  0.0740876  0.0740807  -0.00045025
0.073579  0.0735914  0.0735846  -0.000448544
0.0730851  0.0730975  0.0730907  -0.000446864
0.0725934  0.0726057  0.0725989  -0.000445158
0.0721038  0.072116  0.0721093  -0.000443478
0.0716163  0.0716285  0.0716218  -0.000441772
0.071131  0.0711432  0.0711365  -0.000440092
0.0706478  0.0706599  0.0706532  -0.000438412
0.0701667  0.0701788  0.0701721  -0.000436732
0.0696878  0.0696998  0.0696932  -0.000435051
0.069211  0.069223  0.0692163  -0.000433371
0.0687363  0.0687482  0.0687416  -0.000431691
0.0682637  0.0682756  0.068269  -0.000430036
0.0677932  0.067805  0.0677985  -0.000428356
0.0673248  0.0673366  0.0673301  -0.000426676
0.0668585  0.0668703  0.0668638  -0.000425021
0.0663943  0.066406  0.0663995  -0.000423366
0.0659322  0.0659438  0.0659374  -0.000421686
0.0654722  0.0654838  0.0654774  -0.000420031
0.0650142  0.0650258  0.0650194  -0.000418376
0.0645583  0.0645698  0.0645635  -0.000416722
0.0641045  0.064116  0.0641096  -0.000415067
0.0636527  0.0636642  0.0636578  -0.000413412
0.063203  0.0632144  0.0632081  -0.000411783
0.0627554  0.0627667  0.0627604  -0.000410128
0.0623098  0.0623211  0.0623148  -0.000408473
0.0618662  0.0618775  0.0618712  -0.000406844
0.0614247  0.0614359  0.0614297  -0.000405215
0.0609852  0.0609964  0.0609902  -0.00040356
0.0605477  0.0605589  0.0605527  -0.000401931
0.0601123  0.0601234  0.0601172  -0.000400301
0.0596789  0.0596899  0.0596838  -0.000398672
0.0592475  0.0592585  0.0592524  -0.000397043
0.0588181  0.058829  0.0588229  -0.000395413
0.0583907  0.0584016  0.0583955  -0.000393809
0.0579653  0.0579762  0.0579701  -0.00039218
0.0575419  0.0575527  0.0575467  -0.000390576
0.0571205  0.0571313  0.0571253  -0.000388947
0.0567011  0.0567118  0.0567058  -0.000387343
0.0562837  0.0562943  0.0562884  -0.000385714
0.0558682  0.0558788  0.0558729  -0.00038411
0.0554547  0.0554653  0.0554594  -0.000382506
0.0550432  0.0550537  0.0550478  -0.000380902
0.0546336  0.0546441  0.0546383  -0.000379298
0.054226  0.0542365  0.0542306  -0.000377695
0.0538204  0.0538308  0.053825  -0.000376116
0.0534167  0.053427  0.0534212  -0.000374512
0.0530149  0.0530252  0.0530195  -0.000372934
0.0526151  0.0526254  0.0526196  -0.00037133
0.0522172  0.0522274  0.0522217  -0.000369752
0.0518213  0.0518314  0.0518257  -0.000368173
0.0514272  0.0514374  0.0514317  -0.000366569
0.0510351  0.0510452  0.0510396  -0.000364991
0.050645  0.050655  0.0506494  -0.000363413
0.0502567  0.0502667  0.0502611  -0.000361834
0.0498703  0.0498803  0.0498747  -0.000360281
0.0494858  0.0494958  0.0494902  -0.000358703
0.0491033  0.0491131  0.0491076  -0.000357124
0.0487226  0.0487324  0.0487269  -0.000355572
0.0483438  0.0483536  0.0483481  -0.000353993
0.0479669  0.0479766  0.0479712  -0.00035244
0.0475919  0.0476016  0.0475961  -0.000350887
0.0472187  0.0472284  0.0472229  -0.000349309
0.0468475  0.0468571  0.0468517  -0.000347756
0.046478  0.0464876  0.0464822  -0.000346203
0.0461105  0.04612  0.0461147  -0.00034465
0.0457448  0.0457543  0.0457489  -0.000343123
0.045381  0.0453904  0.0453851  -0.00034157
0.045019  0.0450284  0.0450231  -0.000340017
0.0446588  0.0446682  0.0446629  -0.000338489
0.0443005  0.0443098  0.0443046  -0.000336936
0.043944  0.0439533  0.0439481  -0.000335409
0.0435894  0.0435986  0.0435934  -0.000333881
0.0432366  0.0432458  0.0432405  -0.000332354
0.0428856  0.0428947  0.0428895  -0.000330826
0.0425364  0.0425455  0.0425403  -0.000329299
0.042189  0.0421981  0.042193  -0.000327771
0.0418435  0.0418525  0.0418474  -0.000326244
0.0414997  0.0415087  0.0415036  -0.000324716
0.0411577  0.0411667  0.0411616  -0.000323214
0.0408176  0.0408265  0.0408214  -0.000321687
0.0404792  0.0404881  0.040483  -0.000320185
0.0401426  0.0401514  0.0401464  -0.000318657
0.0398078  0.0398166  0.0398116  -0.000317155
0.0394748  0.0394835  0.0394785  -0.000315653
0.0391435  0.0391522  0.0391472  -0.000314151
0.038814  0.0388226  0.0388177  -0.000312649
0.0384863  0.0384949  0.03849  -0.000311147
0.0381603  0.0381689  0.038164  -0.000309645
0.0378361  0.0378446  0.0378397  -0.000308169
0.0375136  0.0375221  0.0375172  -0.000306667
0.0371929  0.0372013  0.0371965  -0.00030519
0.0368739  0.0368823  0.0368775  -0.000303688
0.0365567  0.036565  0.0365602  -0.000302212
0.0362411  0.0362495  0.0362447  -0.000300735
0.0359274  0.0359356  0.0359309  -0.000299233
0.0356153  0.0356235  0.0356188  -0.000297756
0.0353049  0.0353131  0.0353084  -0.00029628
0.0349963  0.0350045  0.0349998  -0.000294829
0.0346894  0.0346975  0.0346929  -0.000293352
0.0343842  0.0343922  0.0343876  -0.000291876
0.0340807  0.0340887  0.0340841  -0.000290425
0.0337789  0.0337869  0.0337822  -0.000288948
0.0334787  0.0334867  0.0334821  -0.000287497
0.0331803  0.0331882  0.0331837  -0.000286046
0.0328836  0.0328914  0.0328869  -0.000284569
0.0325885  0.0325963  0.0325918  -0.000283118
0.0322951  0.0323029  0.0322984  -0.000281667
0.0320034  0.0320111  0.0320067  -0.000280216
0.0317133  0.031721  0.0317166  -0.00027879
0.0314249  0.0314326  0.0314282  -0.000277339
0.0311382  0.0311458  0.0311414  -0.000275888
0.0308531  0.0308607  0.0308563  -0.000274462
0.0305697  0.0305772  0.0305729  -0.000273011
0.0302879  0.0302954  0.030291  -0.000271586
0.0300077  0.0300152  0.0300109  -0.00027016
0.0297292  0.0297367  0.0297323  -0.000268734
0.0294524  0.0294597  0.0294555  -0.000267309
0.0291771  0.0291845  0.0291802  -0.000265883
0.0289035  0.0289108  0.0289065  -0.000264457
0.0286315  0.0286387  0.0286345  -0.000263032
0.0283611  0.0283683  0.0283641  -0.000261606
0.0280923  0.0280995  0.0280953  -0.000260206
0.0278251  0.0278323  0.0278281  -0.00025878
0.0275596  0.0275667  0.0275625  -0.00025738
0.0272956  0.0273027  0.0272985  -0.00025598
0.0270332  0.0270402  0.0270361  -0.00025458
0.0267724  0.0267794  0.0267753  -0.00025318
0.0265132  0.0265202  0.0265161  -0.000251779
0.0262556  0.0262625  0.0262584  -0.000250379
0.0259995  0.0260064  0.0260024  -0.000248979
0.025745  0.0257519  0.0257479  -0.000247579
0.0254921  0.0254989  0.0254949  -0.000246204
0.0252408  0.0252475  0.0252436  -0.000244804
0.024991  0.0249977  0.0249937  -0.000243429
0.0247428  0.0247494  0.0247455  -0.000242054
0.0244961  0.0245027  0.0244988  -0.000240654
0.0242509  0.0242575  0.0242536  -0.00023928
0.0240074  0.0240139  0.02401  -0.000237905
0.0237653  0.0237718  0.0237679  -0.00023653
0.0235248  0.0235312  0.0235274  -0.000235181
0.0232858  0.0232922  0.0232884  -0.000233806
0.0230483  0.0230547  0.0230509  -0.000232431
0.0228124  0.0228187  0.022815  -0.000231082
0.0225779  0.0225843  0.0225805  -0.000229707
0.022345  0.0223513  0.0223475  -0.000228358
0.0221136  0.0221198  0.0221161  -0.000227009
0.0218837  0.0218899  0.0218862  -0.000225659
0.0216553  0.0216615  0.0216578  -0.00022431
0.0214284  0.0214345  0.0214309  -0.000222961
0.0212029  0.021209  0.0212054  -0.000221612
0.020979  0.0209851  0.0209814  -0.000220262
0.0207565  0.0207626  0.020759  -0.000218939
0.0205356  0.0205416  0.020538  -0.000217589
0.0203161  0.020322  0.0203185  -0.000216265
0.0200981  0.020104  0.0201004  -0.000214942
0.0198815  0.0198874  0.0198838  -0.000213618
0.0196664  0.0196722  0.0196687  -0.000212294
0.0194527  0.0194585  0.0194551  -0.00021097
0.0192406  0.0192463  0.0192428  -0.000209646
0.0190298  0.0190355  0.0190321  -0.000208323
0.0188205  0.0188262  0.0188228  -0.000206999
0.0186127  0.0186183  0.0186149  -0.0002057
0.0184062  0.0184118  0.0184085  -0.000204377
0.0182012  0.0182068  0.0182034  -0.000203078
0.0179977  0.0180032  0.0179999  -0.00020178
0.0177955  0.0178011  0.0177977  -0.000200456
0.0175948  0.0176003  0.017597  -0.000199158
0.0173955  0.017401  0.0173976  -0.000197859
0.0171976  0.017203  0.0171997  -0.000196586
0.0170011  0.0170065  0.0170032  -0.000195288
0.0168061  0.0168114  0.0168081  -0.00019399
0.0166123  0.0166177  0.0166144  -0.000192717
0.0164201  0.0164253  0.0164221  -0.000191419
0.0162292  0.0162344  0.0162312  -0.000190146
0.0160396  0.0160448  0.0160417  -0.000188873
0.0158515  0.0158567  0.0158535  -0.0001876
0.0156648  0.0156699  0.0156667  -0.000186327
0.0154794  0.0154845  0.0154813  -0.000185054
0.0152954  0.0153004  0.0152973  -0.000183781
0.0151127  0.0151177  0.0151146  -0.000182508
0.0149314  0.0149364  0.0149333  -0.000181261
0.0147514  0.0147564  0.0147534  -0.000179988
0.0145729  0.0145778  0.0145747  -0.00017874
0.0143956  0.0144005  0.0143975  -0.000177493
0.0142197  0.0142246  0.0142216  -0.000176246
0.0140452  0.01405  0.014047  -0.000174998
0.0138719  0.0138767  0.0138738  -0.000173751
0.0137001  0.0137048  0.0137019  -0.000172503
0.0135295  0.0135342  0.0135313  -0.000171256
0.0133603  0.0133649  0.013362  -0.000170034
0.0131923  0.013197  0.0131941  -0.000168786
0.0130257  0.0130303  0.0130275  -0.000167564
0.0128604  0.012865  0.0128621  -0.000166342
0.0126964  0.012701  0.0126981  -0.00016512
0.0125337  0.0125382  0.0125354  -0.000163898
0.0123723  0.0123768  0.012374  -0.000162676
0.0122122  0.0122167  0.0122139  -0.000161454
0.0120534  0.0120578  0.012055  -0.000160232
0.0118959  0.0119002  0.0118975  -0.000159036
0.0117396  0.0117439  0.0117412  -0.000157814
0.0115847  0.011589  0.0115862  -0.000156617
0.0114309  0.0114352  0.0114325  -0.000155421
0.0112785  0.0112827  0.01128  -0.000154224
0.0111273  0.0111315  0.0111289  -0.000153028
0.0109774  0.0109816  0.0109789  -0.000151831
0.0108288  0.0108329  0.0108303  -0.000150635
0.0106813  0.0106854  0.0106828  -0.000149438
0.0105352  0.0105392  0.0105366  -0.000148267
0.0103902  0.0103943  0.0103917  -0.000147071
0.0102466  0.0102506  0.010248  -0.0001459
0.0101041  0.0101081  0.0101055  -0.000144729
0.00996288  0.0099668  0.00996428  -0.000143558
0.00982286  0.00982675  0.00982426  -0.000142386
0.00968409  0.00968796  0.00968546  -0.000141215
0.00954651  0.00955036  0.00954789  -0.000140044
0.00941016  0.00941398  0.00941151  -0.000138899
0.00927503  0.0092788  0.00927635  -0.000137728
0.00914109  0.00914481  0.00914239  -0.000136582
0.00900833  0.00901205  0.00900963  -0.000135436
0.00887679  0.00888045  0.00887809  -0.000134265
0.00874642  0.00875006  0.00874769  -0.00013312
0.00861727  0.00862086  0.00861852  -0.000132
0.00848927  0.00849283  0.00849051  -0.000130854
0.00836246  0.008366  0.00836368  -0.000129708
0.00823683  0.00824031  0.00823802  -0.000128588
0.00811234  0.00811582  0.00811353  -0.000127443
0.00798904  0.00799248  0.00799021  -0.000126322
0.0078669  0.00787031  0.00786807  -0.000125202
0.00774589  0.00774928  0.00774707  -0.000124082
0.00762606  0.00762942  0.00762721  -0.000122962
0.00750738  0.00751069  0.0075085  -0.000121842
0.00738984  0.00739312  0.00739093  -0.000120747
0.00727342  0.00727668  0.00727451  -0.000119627
0.00715815  0.00716138  0.00715922  -0.000118532
0.00704399  0.0070472  0.00704506  -0.000117412
0.00693098  0.00693414  0.00693203  -0.000116317
0.0068191  0.00682223  0.00682012  -0.000115223
0.0067083  0.00671141  0.00670932  -0.000114128
0.00659863  0.00660171  0.00659965  -0.000113059
0.00649008  0.00649313  0.00649107  -0.000111964
0.00638262  0.00638565  0.00638361  -0.000110895
0.00627628  0.00627926  0.00627725  -0.0001098
0.00617101  0.00617397  0.00617196  -0.000108731
0.00606684  0.00606977  0.00606778  -0.000107662
0.00596376  0.00596666  0.00596468  -0.000106593
0.00586178  0.00586463  0.00586267  -0.000105523
0.00576083  0.00576366  0.00576173  -0.000104454
0.00566099  0.00566379  0.00566188  -0.00010341
0.00556221  0.00556499  0.00556308  -0.000102341
0.0054645  0.00546723  0.00546534  -0.000101297
0.00536784  0.00537054  0.00536868  -0.000100254
0.00527224  0.00527492  0.00527306  -9.92097e-05
0.00517769  0.00518034  0.00517851  -9.8166e-05
0.00508419  0.00508681  0.00508498  -9.71222e-05
0.00499172  0.00499432  0.00499251  -9.61039e-05
0.0049003  0.00490288  0.00490107  -9.50601e-05
0.0048099  0.00481245  0.00481067  -9.40418e-05
0.00472055  0.00472307  0.00472131  -9.2998e-05
0.00463221  0.0046347  0.00463294  -9.19797e-05
0.00454489  0.00454735  0.00454562  -9.09613e-05
0.00445858  0.00446103  0.0044593  -8.99685e-05
0.0043733  0.00437569  0.00437401  -8.89502e-05
0.00428903  0.00429137  0.00428969  -8.79318e-05
0.00420573  0.00420808  0.00420642  -8.6939e-05
0.00412345  0.00412577  0.00412412  -8.59461e-05
0.00404217  0.00404443  0.0040428  -8.49533e-05
0.00396185  0.00396411  0.00396248  -8.39604e-05
0.00388254  0.00388476  0.00388316  -8.29675e-05
0.00380419  0.0038064  0.0038048  -8.19747e-05
0.00372682  0.00372901  0.00372743  -8.10073e-05
0.00365044  0.00365258  0.003651  -8.00399e-05
0.00357501  0.00357713  0.00357557  -7.9047e-05
0.00350052  0.00350261  0.00350108  -7.80796e-05
0.00342703  0.00342909  0.00342756  -7.71122e-05
0.00335444  0.00335648  0.00335498  -7.61703e-05
0.00328283  0.00328484  0.00328337  -7.52029e-05
0.00321216  0.00321415  0.00321267  -7.42609e-05
0.00314243  0.00314439  0.00314294  -7.32935e-05
0.00307362  0.00307555  0.0030741  -7.23516e-05
0.00300575  0.00300766  0.00300623  -7.14096e-05
0.00293879  0.00294068  0.00293925  -7.04677e-05
0.00287278  0.00287461  0.00287321  -6.95512e-05
0.00280766  0.00280947  0.00280809  -6.86092e-05
0.00274343  0.00274524  0.00274386  -6.76928e-05
0.00268014  0.0026819  0.00268055  -6.67508e-05
0.00261774  0.00261947  0.00261815  -6.58343e-05
0.00255621  0.00255794  0.00255662  -6.49178e-05
0.00249559  0.0024973  0.00249598  -6.40268e-05
0.00243587  0.00243755  0.00243625  -6.31103e-05
0.00237701  0.00237867  0.00237737  -6.22193e-05
0.00231904  0.00232065  0.0023194  -6.13028e-05
0.00226194  0.00226352  0.00226227  -6.04118e-05
0.0022057  0.00220726  0.00220604  -5.95207e-05
0.00215031  0.00215186  0.00215064  -5.86552e-05
0.0020958  0.0020973  0.00209611  -5.77641e-05
0.00204214  0.00204361  0.00204242  -5.68986e-05
0.00198931  0.00199076  0.00198959  -5.60075e-05
0.00193733  0.00193878  0.00193761  -5.5142e-05
0.00188618  0.00188761  0.00188644  -5.42764e-05
0.00183588  0.00183728  0.00183613  -5.34363e-05
0.00178639  0.00178776  0.00178664  -5.25707e-05
0.00173771  0.00173906  0.00173797  -5.17306e-05
0.00168987  0.0016912  0.0016901  -5.0865e-05
0.00164283  0.00164415  0.00164306  -5.00249e-05
0.00159662  0.0015979  0.00159683  -4.91848e-05
0.00155118  0.00155243  0.00155138  -4.83702e-05
0.00150655  0.0015078  0.00150673  -4.753e-05
0.00146271  0.00146394  0.00146289  -4.67154e-05
0.00141966  0.00142086  0.00141984  -4.59007e-05
0.0013774  0.00137855  0.00137756  -4.50861e-05
0.00133591  0.00133705  0.00133606  -4.42714e-05
0.00129517  0.00129629  0.00129533  -4.34568e-05
0.00125523  0.00125633  0.00125536  -4.26676e-05
0.00121603  0.00121709  0.00121615  -4.18784e-05
0.00117758  0.00117863  0.00117769  -4.10892e-05
0.00113988  0.00114092  0.00113998  -4.03e-05
0.00110294  0.00110396  0.00110304  -3.95108e-05
0.00106674  0.00106773  0.00106682  -3.8747e-05
0.00103125  0.00103222  0.00103133  -3.79578e-05
0.000996502  0.000997469  0.000996578  -3.71941e-05
0.00096249  0.000963406  0.000962541  -3.64304e-05
0.000929191  0.000930082  0.000929242  -3.56921e-05
0.000896579  0.00089747  0.00089663  -3.49283e-05
0.000864706  0.000865571  0.000864731  -3.41901e-05
0.00083352  0.00083436  0.000833545  -3.34518e-05
0.000803021  0.000803861  0.000803046  -3.27135e-05
0.000773235  0.000774024  0.000773235  -3.19752e-05
0.000744111  0.0007449  0.000744111  -3.12624e-05
0.000715675  0.000716438  0.000715675  -3.05496e-05
0.0006879  0.000688638  0.0006879  -2.98367e-05
0.000660813  0.000661525  0.000660787  -2.91239e-05
0.000634387  0.000635075  0.000634362  -2.84111e-05
0.000608598  0.000609286  0.000608573  -2.77237e-05
0.000583471  0.000584133  0.00058342  -2.70364e-05
0.000558981  0.000559617  0.00055893  -2.6349e-05
0.000535127  0.000535763  0.000535076  -2.56616e-05
0.000511909  0.00051252  0.000511858  -2.49997e-05
0.000489328  0.000489913  0.000489251  -2.43378e-05
0.000467358  0.000467918  0.000467281  -2.36759e-05
0.000445998  0.000446533  0.000445922  -2.3014e-05
0.00042525  0.000425785  0.000425148  -2.23521e-05
0.000405087  0.000405596  0.000405011  -2.17157e-05
0.000385536  0.000386045  0.000385434  -2.10792e-05
0.000366569  0.000367053  0.000366468  -2.04428e-05
0.000348189  0.000348647  0.000348087  -1.98318e-05
0.000330368  0.000330826  0.000330266  -1.92208e-05
0.000313133  0.000313566  0.000313031  -1.86098e-05
0.000296458  0.000296891  0.000296356  -1.79988e-05
0.000280343  0.000280751  0.000280216  -1.73878e-05
0.000264788  0.00026517  0.000264661  -1.68023e-05
0.000249743  0.000250125  0.000249615  -1.62167e-05
0.000235257  0.000235614  0.00023513  -1.56312e-05
0.000221306  0.000221637  0.000221153  -1.50711e-05
0.000207864  0.000208195  0.000207737  -1.4511e-05
0.000194957  0.000195263  0.000194804  -1.3951e-05
0.000182534  0.000182814  0.000182381  -1.33909e-05
0.000170619  0.000170899  0.000170467  -1.28563e-05
0.000159189  0.000159469  0.000159036  -1.23217e-05
0.000148267  0.000148522  0.000148114  -1.1787e-05
0.000137804  0.000138033  0.000137651  -1.12779e-05
0.000127824  0.000128054  0.000127646  -1.07687e-05
0.000118303  0.000118507  0.000118125  -1.02596e-05
0.00010924  0.000109444  0.000109062  -9.77586e-06
0.000100635  0.000100814  0.000100457  -9.2667e-06
9.24634e-05  9.26161e-05  9.22852e-05  -8.80846e-06
8.46987e-05  8.48769e-05  8.45205e-05  -8.32476e-06
7.73922e-05  7.75195e-05  7.7214e-05  -7.86651e-06
7.04677e-05  7.06204e-05  7.02895e-05  -7.43373e-06
6.39759e-05  6.41032e-05  6.37977e-05  -6.97549e-06
5.7866e-05  5.79678e-05  5.76878e-05  -6.5427e-06
5.21379e-05  5.22398e-05  5.19597e-05  -6.13537e-06
4.68172e-05  4.68936e-05  4.66136e-05  -5.70259e-06
4.18275e-05  4.19038e-05  4.16492e-05  -5.32072e-06
3.72196e-05  3.72959e-05  3.70414e-05  -4.91339e-06
3.29681e-05  3.3019e-05  3.27899e-05  -4.53152e-06
2.90475e-05  2.90985e-05  2.88693e-05  -4.14965e-06
2.5458e-05  2.55089e-05  2.52798e-05  -3.79324e-06
2.21994e-05  2.22503e-05  2.20211e-05  -3.43683e-06
1.92462e-05  1.92717e-05  1.90935e-05  -3.10587e-06
1.65986e-05  1.66241e-05  1.64459e-05  -2.77492e-06
1.4231e-05  1.4231e-05  1.40528e-05  -2.49488e-06
1.2118e-05  1.2118e-05  1.19652e-05  -2.18939e-06
1.02341e-05  1.02596e-05  1.01068e-05  -1.93481e-06
8.6048e-06  8.63025e-06  8.47751e-06  -1.68023e-06
7.20461e-06  7.20461e-06  7.07732e-06  -1.4511e-06
5.95717e-06  5.98262e-06  5.85533e-06  -1.24744e-06
4.91339e-06  4.91339e-06  4.81156e-06  -1.06923e-06
4.02236e-06  4.02236e-06  3.94599e-06  -8.91029e-07
3.28408e-06  3.28408e-06  3.2077e-06  -7.63739e-07
2.64763e-06  2.64763e-06  2.57126e-06  -6.36449e-07
2.11301e-06  2.11301e-06  2.0621e-06  -5.0916e-07
1.68023e-06  1.68023e-06  1.62931e-06  -4.32786e-07
