5e-07  0.475 0.5
1.26  0.013  3.392e-06
0.001516 0.790909  16.5593  20.9371  100
9.09349e-07  3.43709e-11  1.13983e-16
298  606
0.995079  1.00492  0.973423  0.0100197
2.66737  2.62684  2.65617  0.0736987
3.90028  3.86317  3.86863  0.0955441
4.66797  4.63244  4.65081  0.100647
5.16847  5.12399  5.14431  0.116191
5.45783  5.45692  5.45752  0.0992677
5.66916  5.64219  5.65257  0.0942416
5.77642  5.77446  5.78008  0.0899202
5.87111  5.86385  5.86363  0.0747775
5.91902  5.91143  5.91955  0.0704242
5.95559  5.95446  5.95362  0.0639162
5.97895  5.97368  5.97904  0.0516118
5.98562  5.98313  5.98395  0.053136
5.98938  5.9874  5.99138  0.0392775
5.97828  5.97585  5.97595  0.0415619
5.96596  5.96443  5.96891  0.0306957
5.94005  5.93971  5.93831  0.0318675
5.91608  5.91407  5.91885  0.0233461
5.87728  5.87876  5.87652  0.0244138
5.84418  5.84227  5.84674  0.0171382
5.79566  5.79817  5.79553  0.0182694
5.75473  5.75329  5.75736  0.0122802
5.6996  5.70274  5.69976  0.0129926
5.65211  5.65118  5.65493  0.0084878
5.5927  5.59624  5.593  0.00854239
5.54  5.53962  5.54302  0.00543984
5.47807  5.48175  5.47839  0.00483474
5.42135  5.42156  5.42458  0.00297404
5.35824  5.36187  5.3585  0.00174017
5.29853  5.2993  5.30192  0.000975162
5.2352  5.23866  5.23536  -0.00082588
5.17339  5.17468  5.17691  -0.000673941
5.11048  5.11373  5.11056  -0.00292065
5.04739  5.04912  5.05096  -0.00206071
4.98531  4.98831  4.98531  -0.00460551
4.92161  4.92372  4.92518  -0.00323902
4.86063  4.86337  4.86056  -0.00594397
4.79688  4.7993  4.8004  -0.00424559
4.73715  4.73965  4.73704  -0.00699087
4.67382  4.67647  4.67724  -0.00510891
4.61541  4.61769  4.61529  -0.0077926
4.55289  4.55569  4.55617  -0.00585097
4.49581  4.49791  4.49571  -0.00839166
4.43441  4.43729  4.43752  -0.00648675
4.37866  4.38062  4.3786  -0.00882501
4.31861  4.32152  4.32152  -0.00702783
4.26416  4.26602  4.26418  -0.00912575
4.20564  4.20853  4.20834  -0.00748292
4.15248  4.15425  4.15258  -0.00932141
4.09559  4.09842  4.09808  -0.00786023
4.0437  4.04542  4.04388  -0.00943566
3.98851  3.99126  3.9908  -0.00816628
3.93787  3.93955  3.93815  -0.00948735
3.88441  3.88706  3.8865  -0.00840784
3.83502  3.83668  3.83539  -0.00949243
3.78329  3.78583  3.78519  -0.00859118
3.73514  3.73678  3.73559  -0.00946223
3.6851  3.68753  3.68685  -0.00872235
3.6382  3.63982  3.63872  -0.00940643
3.58982  3.59214  3.59142  -0.00880762
3.54415  3.54577  3.54474  -0.00933131
3.49739  3.49959  3.49885  -0.00885255
3.45294  3.45455  3.45358  -0.00924218
3.40774  3.40983  3.40908  -0.00886245
3.36451  3.3661  3.36519  -0.00914217
3.32081  3.32279  3.32204  -0.00884264
3.27878  3.28036  3.27949  -0.0090342
3.23652  3.23841  3.23766  -0.00879747
3.19569  3.19724  3.19642  -0.0089197
3.1548  3.1566  3.15586  -0.00873128
3.11514  3.11667  3.11588  -0.00880013
3.07557  3.07729  3.07657  -0.00864746
3.03707  3.03856  3.03781  -0.00867645
2.99876  3.0004  2.9997  -0.00854963
2.96139  2.96285  2.96213  -0.00854939
2.92429  2.92586  2.92518  -0.00844021
2.88803  2.88945  2.88876  -0.00841919
2.85209  2.85359  2.85292  -0.00832185
2.8169  2.81828  2.81761  -0.00828658
2.78207  2.78351  2.78287  -0.00819648
2.74793  2.74928  2.74863  -0.00815203
2.71417  2.71555  2.71493  -0.0080658
2.68105  2.68235  2.68173  -0.0080158
2.64831  2.64964  2.64903  -0.00793149
2.61618  2.61744  2.61683  -0.00787835
2.58442  2.5857  2.58512  -0.00779453
2.55324  2.55446  2.55388  -0.00774018
2.52244  2.52367  2.5231  -0.00765612
2.49218  2.49336  2.49279  -0.00760153
2.46229  2.46348  2.46293  -0.00751674
2.43293  2.43406  2.43352  -0.00746263
2.40391  2.40506  2.40453  -0.00737736
2.37541  2.37651  2.37598  -0.00732398
2.34724  2.34835  2.34784  -0.00723847
2.31957  2.32063  2.32012  -0.00718605
2.29222  2.29329  2.2928  -0.0071003
2.26536  2.26638  2.26588  -0.00704885
2.23879  2.23983  2.23935  -0.00696358
2.2127  2.21369  2.21321  -0.00691285
2.1869  2.1879  2.18743  -0.00682831
2.16155  2.1625  2.16204  -0.00677806
2.13648  2.13745  2.13699  -0.00669473
2.11185  2.11277  2.11232  -0.00664496
2.08749  2.08843  2.08799  -0.00656308
2.06356  2.06444  2.06401  -0.00651356
2.03988  2.04078  2.04036  -0.0064336
2.01661  2.01747  2.01705  -0.00638384
1.9936  1.99447  1.99406  -0.00630606
1.97098  1.97181  1.9714  -0.0062563
1.9486  1.94944  1.94904  -0.00618069
1.9266  1.9274  1.92701  -0.00613118
1.90484  1.90565  1.90527  -0.00605774
1.88344  1.88421  1.88383  -0.00600798
1.86227  1.86306  1.86268  -0.00593721
1.84145  1.8422  1.84183  -0.0058872
1.82086  1.82162  1.82126  -0.00581884
1.8006  1.80132  1.80097  -0.0057686
1.78056  1.7813  1.78095  -0.00570265
1.76084  1.76154  1.7612  -0.00565265
1.74134  1.74205  1.74171  -0.00558888
1.72214  1.72282  1.72249  -0.00553912
1.70316  1.70385  1.70352  -0.00547752
1.68447  1.68513  1.68481  -0.00542801
1.66599  1.66665  1.66633  -0.00536858
1.64778  1.64842  1.64811  -0.00531906
1.62979  1.63043  1.63012  -0.00526182
1.61205  1.61267  1.61237  -0.00521278
1.59452  1.59514  1.59484  -0.00515722
1.57724  1.57784  1.57755  -0.00510891
1.56017  1.56077  1.56048  -0.00505504
1.54333  1.54391  1.54363  -0.00500721
1.52669  1.52727  1.52699  -0.00495504
1.51028  1.51085  1.51057  -0.00490794
1.49407  1.49463  1.49436  -0.00485745
1.47807  1.47862  1.47835  -0.00481107
1.46227  1.46281  1.46255  -0.00476204
1.44667  1.4472  1.44694  -0.00471638
1.43126  1.43179  1.43153  -0.00466855
1.41605  1.41657  1.41631  -0.00462387
1.40103  1.40154  1.40129  -0.00457749
1.38619  1.38669  1.38645  -0.00453352
1.37154  1.37203  1.37179  -0.00448835
1.35707  1.35755  1.35732  -0.00444511
1.34277  1.34325  1.34302  -0.00440115
1.32866  1.32913  1.3289  -0.00435912
1.31471  1.31517  1.31495  -0.00431612
1.30093  1.30139  1.30117  -0.00427506
1.28732  1.28777  1.28755  -0.00423303
1.27388  1.27432  1.2741  -0.00419293
1.2606  1.26103  1.26082  -0.00415211
1.24747  1.2479  1.24769  -0.00411273
1.23451  1.23493  1.23472  -0.00407288
1.2217  1.22211  1.22191  -0.00403423
1.20903  1.20945  1.20924  -0.00399558
1.19653  1.19693  1.19673  -0.0039579
1.18416  1.18456  1.18437  -0.00391997
1.17195  1.17234  1.17215  -0.00388325
1.15987  1.16026  1.16007  -0.0038463
1.14794  1.14832  1.14814  -0.0038103
1.13615  1.13653  1.13634  -0.00377431
1.1245  1.12487  1.12468  -0.00373905
1.11297  1.11334  1.11316  -0.00370378
1.10159  1.10195  1.10177  -0.00366972
1.09033  1.09068  1.09051  -0.00363518
1.0792  1.07955  1.07938  -0.00360184
1.0682  1.06855  1.06838  -0.00356827
1.05733  1.05767  1.0575  -0.00353541
1.04657  1.04691  1.04674  -0.00350256
1.03595  1.03628  1.03611  -0.00347068
1.02544  1.02576  1.0256  -0.00343879
1.01504  1.01537  1.01521  -0.00340739
1.00477  1.00509  1.00493  -0.00337623
0.99461  0.994922  0.994768  -0.00334579
0.984563  0.984872  0.984719  -0.00331511
0.974629  0.974933  0.974782  -0.0032854
0.964804  0.965104  0.964956  -0.00325545
0.955089  0.955384  0.955238  -0.00322646
0.94548  0.945772  0.945627  -0.00319724
0.935977  0.936265  0.936122  -0.00316873
0.926578  0.926862  0.926721  -0.00314047
0.917282  0.917562  0.917423  -0.00311245
0.908087  0.908363  0.908226  -0.00308467
0.898993  0.899265  0.89913  -0.00305762
0.889996  0.890265  0.890131  -0.00303056
0.881097  0.881362  0.88123  -0.00300375
0.872293  0.872555  0.872425  -0.00297742
0.863585  0.863843  0.863715  -0.00295133
0.854969  0.855224  0.855098  -0.00292549
0.846447  0.846698  0.846573  -0.00290012
0.838014  0.838262  0.838139  -0.00287476
0.829671  0.829916  0.829794  -0.00284988
0.821417  0.821659  0.821538  -0.002825
0.81325  0.813488  0.81337  -0.00280084
0.805169  0.805404  0.805287  -0.00277669
0.797173  0.797405  0.79729  -0.00275277
0.789261  0.78949  0.789376  -0.0027291
0.781432  0.781658  0.781545  -0.00270591
0.773684  0.773908  0.773796  -0.00268296
0.766017  0.766238  0.766128  -0.00266002
0.758429  0.758648  0.758539  -0.00263755
0.750921  0.751136  0.751029  -0.00261533
0.743489  0.743702  0.743596  -0.0025931
0.736135  0.736345  0.73624  -0.00257136
0.728856  0.729063  0.72896  -0.00254987
0.721651  0.721856  0.721754  -0.00252837
0.714521  0.714723  0.714622  -0.00250735
0.707463  0.707662  0.707563  -0.00248658
0.700476  0.700674  0.700575  -0.0024658
0.693561  0.693756  0.693659  -0.00244551
0.686716  0.686909  0.686812  -0.00242522
0.67994  0.68013  0.680035  -0.00240517
0.673233  0.673421  0.673327  -0.00238537
0.666593  0.666778  0.666685  -0.0023658
0.660019  0.660202  0.660111  -0.00234648
0.653512  0.653693  0.653602  -0.00232739
0.647069  0.647248  0.647159  -0.00230831
0.640691  0.640867  0.640779  -0.00228971
0.634376  0.634551  0.634463  -0.00227111
0.628124  0.628296  0.62821  -0.00225275
0.621934  0.622104  0.622019  -0.00223463
0.615805  0.615973  0.615889  -0.00221652
0.609736  0.609902  0.609819  -0.00219888
0.603727  0.603892  0.603809  -0.00218125
0.597777  0.59794  0.597858  -0.00216386
0.591886  0.592047  0.591966  -0.00214647
0.586052  0.586211  0.586131  -0.00212932
0.580275  0.580432  0.580354  -0.00211265
0.574555  0.57471  0.574632  -0.00209574
0.56889  0.569043  0.568966  -0.00207931
0.56328  0.563431  0.563355  -0.00206289
0.557724  0.557874  0.557799  -0.0020467
0.552222  0.552371  0.552296  -0.00203052
0.546773  0.54692  0.546846  -0.00201482
0.541377  0.541522  0.541449  -0.00199888
0.536033  0.536176  0.536104  -0.00198342
0.530739  0.530881  0.53081  -0.00196796
0.525497  0.525637  0.525567  -0.00195274
0.520305  0.520443  0.520374  -0.00193752
0.515162  0.515299  0.51523  -0.00192254
0.510068  0.510204  0.510136  -0.00190781
0.505023  0.505157  0.50509  -0.00189307
0.500025  0.500158  0.500091  -0.00187858
0.495075  0.495207  0.495141  -0.00186409
0.490172  0.490302  0.490237  -0.00184984
0.485315  0.485444  0.485379  -0.00183583
0.480504  0.480631  0.480567  -0.00182182
0.475739  0.475864  0.475801  -0.00180805
0.471018  0.471142  0.471079  -0.00179428
0.466341  0.466464  0.466402  -0.00178051
0.461708  0.46183  0.461768  -0.00176722
0.457119  0.457239  0.457178  -0.00175394
0.452572  0.452691  0.452631  -0.00174065
0.448068  0.448186  0.448126  -0.00172761
0.443606  0.443722  0.443664  -0.00171456
0.439185  0.4393  0.439242  -0.00170176
0.434805  0.434919  0.434862  -0.00168896
0.430467  0.430579  0.430522  -0.0016764
0.426168  0.426279  0.426223  -0.00166384
0.421909  0.422019  0.421964  -0.00165152
0.417689  0.417798  0.417743  -0.0016392
0.413508  0.413616  0.413562  -0.00162712
0.409366  0.409473  0.409419  -0.00161504
0.405262  0.405368  0.405315  -0.00160321
0.401196  0.401301  0.401248  -0.00159137
0.397167  0.397271  0.397218  -0.00157953
0.393175  0.393277  0.393225  -0.00156794
0.389219  0.389321  0.389269  -0.00155659
0.3853  0.3854  0.38535  -0.00154499
0.381416  0.381516  0.381466  -0.00153388
0.377568  0.377667  0.377617  -0.00152253
0.373755  0.373853  0.373804  -0.00151142
0.369977  0.370074  0.370025  -0.0015003
0.366233  0.366329  0.36628  -0.00148943
0.362523  0.362618  0.36257  -0.00147856
0.358847  0.358941  0.358893  -0.00146794
0.355204  0.355297  0.35525  -0.00145731
0.351594  0.351686  0.35164  -0.00144668
0.348017  0.348108  0.348062  -0.00143629
0.344472  0.344563  0.344517  -0.00142591
0.34096  0.341049  0.341004  -0.00141576
0.337479  0.337567  0.337522  -0.00140537
0.334029  0.334116  0.334072  -0.00139523
0.33061  0.330697  0.330653  -0.00138532
0.327223  0.327308  0.327265  -0.00137542
0.323866  0.32395  0.323907  -0.00136552
0.320538  0.320622  0.32058  -0.00135561
0.317241  0.317324  0.317282  -0.00134595
0.313974  0.314056  0.314014  -0.00133629
0.310735  0.310817  0.310776  -0.00132687
0.307526  0.307607  0.307566  -0.00131745
0.304346  0.304426  0.304385  -0.00130803
0.301194  0.301273  0.301233  -0.00129861
0.29807  0.298149  0.298109  -0.00128943
0.294974  0.295052  0.295012  -0.00128025
0.291906  0.291983  0.291944  -0.00127107
0.288865  0.288942  0.288903  -0.00126213
0.285852  0.285927  0.285889  -0.00125319
0.282865  0.28294  0.282902  -0.00124426
0.279905  0.279979  0.279941  -0.00123556
0.276971  0.277045  0.277008  -0.00122686
0.274064  0.274137  0.2741  -0.00121817
0.271182  0.271254  0.271218  -0.00120947
0.268326  0.268398  0.268362  -0.00120102
0.265496  0.265567  0.265531  -0.00119232
0.262691  0.262761  0.262725  -0.00118411
0.25991  0.25998  0.259944  -0.00117565
0.257155  0.257224  0.257189  -0.00116744
0.254424  0.254492  0.254457  -0.00115923
0.251717  0.251785  0.25175  -0.00115101
0.249034  0.249102  0.249067  -0.0011428
0.246376  0.246442  0.246408  -0.00113483
0.24374  0.243806  0.243773  -0.00112686
0.241129  0.241194  0.241161  -0.00111889
0.23854  0.238605  0.238572  -0.00111092
0.235975  0.236039  0.236006  -0.00110319
0.233432  0.233495  0.233463  -0.00109546
0.230912  0.230975  0.230943  -0.00108773
0.228414  0.228476  0.228444  -0.00108
0.225938  0.226  0.225969  -0.00107251
0.223485  0.223546  0.223515  -0.00106502
0.221053  0.221114  0.221083  -0.00105753
0.218643  0.218703  0.218672  -0.00105004
0.216254  0.216314  0.216283  -0.00104256
0.213887  0.213946  0.213916  -0.00103531
0.211541  0.211599  0.211569  -0.00102806
0.209215  0.209273  0.209243  -0.00102082
0.20691  0.206968  0.206938  -0.00101357
0.204626  0.204683  0.204654  -0.00100656
0.202362  0.202418  0.202389  -0.000999317
0.200118  0.200174  0.200145  -0.000992312
0.197894  0.19795  0.197921  -0.000985307
0.19569  0.195745  0.195717  -0.000978543
0.193506  0.193561  0.193533  -0.000971538
0.191341  0.191395  0.191367  -0.000964775
0.189195  0.189249  0.189222  -0.00095777
0.187069  0.187122  0.187095  -0.000951006
0.184962  0.185014  0.184987  -0.000944484
0.182873  0.182925  0.182898  -0.000937721
0.180803  0.180855  0.180829  -0.000931199
0.178752  0.178803  0.178777  -0.000924435
0.176719  0.17677  0.176744  -0.000917913
0.174704  0.174755  0.174729  -0.000911391
0.172707  0.172757  0.172732  -0.000904869
0.170729  0.170778  0.170753  -0.000898588
0.168767  0.168817  0.168792  -0.000892066
0.166824  0.166873  0.166848  -0.000885786
0.164898  0.164947  0.164922  -0.000879506
0.16299  0.163038  0.163013  -0.000873225
0.161098  0.161146  0.161121  -0.000866945
0.159224  0.159271  0.159247  -0.000860906
0.157366  0.157413  0.157389  -0.000854625
0.155526  0.155572  0.155548  -0.000848586
0.153702  0.153748  0.153724  -0.000842547
0.151894  0.151939  0.151916  -0.000836509
0.150103  0.150148  0.150125  -0.00083047
0.148328  0.148373  0.14835  -0.000824431
0.146569  0.146613  0.146591  -0.000818633
0.144826  0.14487  0.144848  -0.000812594
0.143099  0.143143  0.14312  -0.000806797
0.141388  0.141431  0.141409  -0.000801
0.139692  0.139735  0.139713  -0.000795202
0.138012  0.138055  0.138033  -0.000789405
0.136348  0.13639  0.136368  -0.000783608
0.134698  0.13474  0.134718  -0.000778052
0.133063  0.133105  0.133083  -0.000772255
0.131444  0.131485  0.131464  -0.000766699
0.129839  0.12988  0.129859  -0.000761143
0.12825  0.12829  0.128269  -0.000755587
0.126674  0.126714  0.126694  -0.000750031
0.125114  0.125153  0.125133  -0.000744476
0.123568  0.123607  0.123586  -0.00073892
0.122036  0.122074  0.122054  -0.000733606
0.120518  0.120557  0.120536  -0.00072805
0.119014  0.119053  0.119033  -0.000722736
0.117524  0.117563  0.117543  -0.000717421
0.116049  0.116087  0.116067  -0.000712107
0.114587  0.114624  0.114605  -0.000706793
0.113139  0.113176  0.113156  -0.000701479
0.111704  0.11174  0.111721  -0.000696164
0.110282  0.110319  0.1103  -0.00069085
0.108874  0.108911  0.108892  -0.000685778
0.10748  0.107516  0.107497  -0.000680705
0.106098  0.106134  0.106115  -0.000675391
0.10473  0.104765  0.104747  -0.000670318
0.103374  0.103409  0.103391  -0.000665245
0.102031  0.102066  0.102048  -0.000660173
0.100702  0.100736  0.100718  -0.0006551
0.0993844  0.0994182  0.0994005  -0.000650269
0.0980795  0.0981133  0.0980957  -0.000645196
0.0967874  0.0968207  0.0968033  -0.000640123
0.0955076  0.0955405  0.0955233  -0.000635292
0.0942399  0.0942728  0.0942556  -0.000630461
0.0929846  0.0930172  0.0930003  -0.00062563
0.0917413  0.0917737  0.0917567  -0.000620557
0.0905101  0.0905422  0.0905255  -0.000615726
0.0892909  0.0893226  0.0893059  -0.000610895
0.0880834  0.0881148  0.0880984  -0.000606306
0.0868877  0.0869189  0.0869027  -0.000601475
0.0857038  0.0857345  0.0857186  -0.000596643
0.0845313  0.084562  0.0845458  -0.000592054
0.0833704  0.0834008  0.0833849  -0.000587223
0.0822208  0.082251  0.0822353  -0.000582633
0.0810829  0.0811126  0.0810969  -0.000578044
0.0799558  0.0799852  0.0799698  -0.000573454
0.07884  0.0788693  0.078854  -0.000568864
0.0777354  0.0777644  0.0777492  -0.000564275
0.0766416  0.0766704  0.0766554  -0.000559685
0.075559  0.0755875  0.0755725  -0.000555096
0.0744872  0.0745152  0.0745005  -0.000550506
0.073426  0.0734538  0.0734391  -0.000546158
0.0723755  0.0724033  0.0723885  -0.000541569
0.0713356  0.0713631  0.0713486  -0.000537221
0.0703063  0.0703336  0.0703191  -0.000532631
0.0692874  0.0693145  0.0693003  -0.000528283
0.0682792  0.0683058  0.0682918  -0.000523935
0.0672808  0.0673074  0.0672934  -0.000519587
0.0662931  0.0663192  0.0663054  -0.000515239
0.0653153  0.0653414  0.0653276  -0.000510891
0.0643476  0.0643735  0.0643597  -0.000506543
0.0633901  0.0634155  0.0634019  -0.000502195
0.0624422  0.0624676  0.0624543  -0.000497847
0.0615045  0.0615296  0.0615163  -0.000493741
0.0605765  0.0606013  0.0605883  -0.000489393
0.0596583  0.0596827  0.0596699  -0.000485286
0.0587496  0.058774  0.0587612  -0.000480938
0.0578507  0.0578747  0.0578618  -0.000476832
0.0569611  0.056985  0.0569724  -0.000472725
0.0560811  0.0561048  0.0560922  -0.000468377
0.0552105  0.055234  0.0552214  -0.000464271
0.0543491  0.0543723  0.05436  -0.000460164
0.0534972  0.0535201  0.053508  -0.000456058
0.0526544  0.0526771  0.052665  -0.000451951
0.0518208  0.0518432  0.0518312  -0.000448086
0.0509961  0.0510183  0.0510065  -0.00044398
0.0501804  0.0502026  0.0501908  -0.000439874
0.0493738  0.0493956  0.049384  -0.000436009
0.048576  0.0485977  0.0485861  -0.000431902
0.047787  0.0478083  0.0477969  -0.000428037
0.0470068  0.0470278  0.0470165  -0.000423931
0.046235  0.0462563  0.0462449  -0.000420066
0.0454722  0.045493  0.0454819  -0.000416201
0.0447178  0.0447384  0.0447275  -0.000412336
0.0439719  0.0439924  0.0439816  -0.00040823
0.0432347  0.0432547  0.0432438  -0.000404365
0.0425056  0.0425255  0.0425148  -0.000400741
0.0417848  0.0418047  0.041794  -0.000396877
0.0410725  0.0410921  0.0410814  -0.000393012
0.0403681  0.0403877  0.0403771  -0.000389147
0.0396722  0.0396913  0.0396809  -0.000385282
0.0389842  0.0390031  0.0389929  -0.000381659
0.0383043  0.0383231  0.038313  -0.000377794
0.0376323  0.0376509  0.037641  -0.00037417
0.0369682  0.0369866  0.0369767  -0.000370305
0.0363122  0.0363303  0.0363204  -0.000366682
0.0356638  0.0356817  0.035672  -0.000363059
0.0350232  0.0350411  0.0350314  -0.000359194
0.0343903  0.034408  0.0343983  -0.00035557
0.0337652  0.0337826  0.0337729  -0.000351947
0.0331475  0.0331647  0.0331553  -0.000348324
0.0325374  0.0325545  0.0325451  -0.0003447
0.0319347  0.0319516  0.0319424  -0.000341077
0.0313395  0.0313561  0.0313472  -0.000337454
0.0307518  0.0307682  0.0307593  -0.00033383
0.0301713  0.0301877  0.0301788  -0.000330449
0.0295981  0.0296143  0.0296053  -0.000326825
0.0290321  0.0290481  0.0290394  -0.000323202
0.0284734  0.0284891  0.0284807  -0.00031982
0.0279217  0.0279374  0.0279287  -0.000316197
0.0273772  0.0273927  0.0273842  -0.000312815
0.0268395  0.0268548  0.0268465  -0.000309433
0.0263091  0.0263241  0.0263158  -0.00030581
0.0257854  0.0258001  0.0257921  -0.000302428
0.0252687  0.0252832  0.0252752  -0.000299046
0.0247585  0.024773  0.024765  -0.000295665
0.0242554  0.0242696  0.0242616  -0.000292283
0.023759  0.023773  0.0237652  -0.000288901
0.0232691  0.0232831  0.0232754  -0.000285519
0.022786  0.0227997  0.022792  -0.000282137
0.0223091  0.0223229  0.0223152  -0.000278756
0.0218391  0.0218526  0.0218451  -0.000275374
0.0213755  0.0213888  0.0213813  -0.000272234
0.0209185  0.0209316  0.0209243  -0.000268852
0.0204678  0.0204806  0.0204733  -0.00026547
0.0200233  0.0200361  0.0200289  -0.00026233
0.0195851  0.0195977  0.0195907  -0.000258948
0.0191532  0.0191655  0.0191585  -0.000255808
0.0187276  0.0187399  0.0187329  -0.000252668
0.018308  0.0183201  0.0183133  -0.000249286
0.0178947  0.0179065  0.0178998  -0.000246146
0.0174872  0.017499  0.0174923  -0.000243005
0.017086  0.0170976  0.0170911  -0.000239865
0.0166906  0.0167019  0.0166954  -0.000236725
0.0163012  0.0163125  0.016306  -0.000233585
0.0159176  0.0159287  0.0159224  -0.000230444
0.0155398  0.0155509  0.0155446  -0.000227304
0.015168  0.0151787  0.0151726  -0.000224164
0.0148018  0.0148125  0.0148064  -0.000221265
0.0144412  0.0144518  0.0144458  -0.000218125
0.0140866  0.0140967  0.0140909  -0.000214985
0.0137373  0.0137474  0.0137416  -0.000212086
0.0133938  0.0134037  0.0133979  -0.000208946
0.0130556  0.0130655  0.0130597  -0.000206047
0.012723  0.0127329  0.0127271  -0.000202907
0.0123959  0.0124056  0.0124  -0.000200008
0.0120742  0.0120836  0.0120783  -0.00019711
0.011758  0.0117672  0.0117618  -0.000194211
0.0114469  0.011456  0.0114507  -0.000191312
0.011141  0.01115  0.0111449  -0.000188172
0.0108406  0.0108495  0.0108442  -0.000185273
0.0105451  0.0105538  0.0105488  -0.000182616
0.010255  0.0102635  0.0102584  -0.000179718
0.00996998  0.0099782  0.00997337  -0.000176819
0.00968978  0.00969823  0.00969316  -0.00017392
0.00941489  0.00942286  0.00941803  -0.000171022
0.00914483  0.0091528  0.00914797  -0.000168365
0.00887984  0.00888757  0.00888298  -0.000165466
0.00861944  0.00862717  0.00862258  -0.000162809
0.00836412  0.00837185  0.00836726  -0.00015991
0.00811363  0.00812111  0.00811677  -0.000157253
0.00786796  0.00787521  0.00787086  -0.000154354
0.00762713  0.00763414  0.00762979  -0.000151697
0.00739065  0.00739765  0.00739355  -0.00014904
0.007159  0.007166  0.00716165  -0.000146383
0.00693193  0.0069387  0.00693459  -0.000143726
0.00670946  0.00671622  0.00671212  -0.000141069
0.00649158  0.0064981  0.00649423  -0.000138412
0.00627828  0.00628456  0.0062807  -0.000135754
0.0060691  0.00607538  0.00607151  -0.000133097
0.0058645  0.00587054  0.00586691  -0.00013044
0.00566425  0.00567029  0.00566666  -0.000128025
0.00546835  0.00547414  0.00547052  -0.000125368
0.00527679  0.00528259  0.00527897  -0.000122952
0.00508959  0.00509514  0.00509152  -0.000120295
0.00490649  0.0049118  0.00490842  -0.000117879
0.00472749  0.00473281  0.00472943  -0.000115222
0.00455261  0.00455768  0.0045543  -0.000112807
0.00438183  0.0043869  0.00438352  -0.000110391
0.00421515  0.00421998  0.00421684  -0.000107976
0.00405234  0.00405718  0.00405403  -0.00010556
0.00389364  0.00389823  0.00389509  -0.000103144
0.00373856  0.00374315  0.00374025  -0.000100729
0.00358783  0.00359218  0.00358928  -9.83133e-05
0.00344072  0.00344483  0.00344217  -9.58977e-05
0.00329724  0.00330159  0.00329869  -9.37237e-05
0.00315786  0.00316197  0.00315907  -9.13082e-05
0.00302187  0.00302597  0.00302332  -8.88926e-05
0.00288973  0.00289384  0.00289118  -8.67186e-05
0.00276123  0.00276509  0.00276243  -8.45446e-05
0.00263634  0.00264021  0.00263755  -8.21291e-05
0.00251508  0.0025187  0.00251605  -7.9955e-05
0.0023972  0.00240058  0.00239817  -7.7781e-05
0.00228295  0.00228609  0.00228391  -7.5607e-05
0.00217207  0.00217521  0.0021728  -7.3433e-05
0.00206434  0.00206748  0.0020653  -7.1259e-05
0.00196023  0.00196337  0.00196119  -6.9085e-05
0.0018595  0.0018624  0.00186022  -6.71526e-05
0.00176191  0.00176481  0.00176263  -6.49786e-05
0.00166746  0.00167012  0.00166819  -6.28046e-05
0.00157639  0.00157881  0.00157688  -6.08721e-05
0.00148823  0.00149064  0.00148895  -5.89397e-05
0.00140344  0.00140561  0.00140392  -5.67657e-05
0.00132155  0.00132373  0.00132204  -5.48332e-05
0.00124256  0.00124474  0.00124305  -5.29008e-05
0.00116672  0.00116889  0.0011672  -5.09683e-05
0.00109377  0.0010957  0.00109425  -4.90359e-05
0.00102371  0.00102565  0.00102396  -4.71034e-05
0.00095632  0.000958253  0.000956803  -4.54125e-05
0.000892066  0.000893757  0.000892308  -4.34801e-05
0.000830228  0.000831919  0.00083047  -4.15476e-05
0.000771288  0.000772979  0.00077153  -3.98567e-05
0.000715006  0.000716455  0.000715247  -3.81659e-05
0.00066138  0.000662588  0.00066138  -3.6475e-05
0.000610171  0.000611378  0.000610171  -3.47841e-05
0.000561376  0.000562826  0.000561618  -3.30932e-05
0.000515239  0.000516447  0.000515239  -3.14023e-05
0.000471517  0.000472725  0.000471517  -2.97114e-05
0.000430211  0.000431178  0.000430211  -2.80205e-05
0.000391321  0.000392045  0.000391079  -2.65712e-05
0.000354604  0.000355329  0.000354363  -2.48803e-05
0.000320062  0.000320786  0.00031982  -2.34309e-05
0.000287693  0.000288418  0.000287452  -2.19816e-05
0.000257499  0.000257982  0.000257257  -2.05323e-05
0.000229237  0.000229961  0.000228995  -1.90829e-05
0.000203149  0.000203632  0.000202907  -1.76336e-05
0.000178993  0.000179476  0.000178751  -1.64258e-05
0.00015677  0.000157253  0.000156528  -1.49765e-05
0.000136238  0.000136721  0.000135996  -1.37687e-05
0.000117638  0.000117879  0.000117396  -1.25609e-05
0.000100729  0.00010097  0.000100487  -1.13531e-05
8.55108e-05  8.57524e-05  8.52693e-05  -1.01454e-05
7.19837e-05  7.19837e-05  7.15006e-05  -9.17913e-06
5.99059e-05  5.99059e-05  5.94228e-05  -7.97135e-06
4.92774e-05  4.92774e-05  4.87943e-05  -7.00512e-06
4.00983e-05  4.00983e-05  3.96152e-05  -6.0389e-06
3.2127e-05  3.2127e-05  3.18854e-05  -5.07268e-06
2.53634e-05  2.53634e-05  2.51218e-05  -4.34801e-06
1.98076e-05  1.98076e-05  1.9566e-05  -3.62334e-06
1.54596e-05  1.5218e-05  1.5218e-05  -2.89867e-06
1.15947e-05  1.15947e-05  1.13531e-05  -2.41556e-06
8.69602e-06  8.69602e-06  8.45446e-06  -1.69089e-06
6.52201e-06  6.52201e-06  6.28046e-06  -1.44934e-06
4.58956e-06  4.58956e-06  4.58956e-06  -9.66224e-07
3.38178e-06  3.38178e-06  3.14023e-06  -7.24668e-07
2.41556e-06  2.41556e-06  2.174e-06  -4.83112e-07
1.69089e-06  1.69089e-06  1.69089e-06  -4.83112e-07
1.20778e-06  1.20778e-06  9.66224e-07  -2.41556e-07
