5e-07  0.475 0.5
1.15  0.037  6e-06
0.000787 0.622384  2.74658  4.413  100
9.09349e-07  3.43709e-11  1.13983e-16
169  348
0.972383  1.02762  0.983767  0.0232857
2.77425  2.85438  2.81682  0.0644394
4.27461  4.31438  4.29293  0.0897916
5.40653  5.42132  5.41325  0.0976749
6.22474  6.21682  6.22036  0.0955501
6.78268  6.76353  6.77308  0.0893271
7.14067  7.11624  7.12846  0.0796612
7.34575  7.31937  7.33313  0.0693546
7.43709  7.41111  7.42451  0.0594368
7.44443  7.42074  7.43338  0.0499647
7.39179  7.37043  7.38173  0.0414887
7.29604  7.27772  7.28774  0.0339506
7.17094  7.15535  7.16383  0.0273941
7.02598  7.01313  7.02039  0.0216444
6.86855  6.85806  6.86398  0.0167787
6.7039  6.69559  6.70052  0.0125145
6.53584  6.52936  6.53322  0.00895368
6.36718  6.3623  6.36542  0.00583125
6.19972  6.1962  6.19852  0.00324913
6.03499  6.03257  6.03438  0.00097139
5.87367  5.87222  5.87344  -0.000892746
5.71659  5.71587  5.71675  -0.00254862
5.56384  5.56379  5.56425  -0.00388847
5.41587  5.41628  5.41653  -0.00508851
5.27249  5.27335  5.2733  -0.00604533
5.13394  5.13507  5.13489  -0.00690895
4.99989  5.00132  5.00093  -0.00758616
4.87049  4.87206  4.87161  -0.00819783
4.74536  4.74712  4.74653  -0.00866823
4.6246  4.62639  4.62578  -0.00909349
4.5078  4.50972  4.50901  -0.00940952
4.39504  4.39694  4.39624  -0.00969496
4.28595  4.28792  4.28715  -0.00989594
4.18057  4.18249  4.18175  -0.0100751
4.07857  4.08052  4.07973  -0.0101901
3.97996  3.98184  3.98109  -0.0102877
3.88447  3.88635  3.88557  -0.0103387
3.79208  3.79387  3.79314  -0.0103736
3.70255  3.70434  3.70359  -0.0103765
3.61588  3.61757  3.61687  -0.0103649
3.53184  3.53351  3.5328  -0.0103314
3.45041  3.452  3.45133  -0.0102833
3.37142  3.37297  3.37231  -0.0102236
3.29483  3.29629  3.29567  -0.0101493
3.22049  3.22192  3.2213  -0.0100678
3.14835  3.1497  3.14912  -0.00997313
3.0783  3.07962  3.07904  -0.00987846
3.01029  3.01153  3.01099  -0.00976924
2.94421  2.94541  2.94488  -0.00966292
2.88001  2.88114  2.88065  -0.0095435
2.8176  2.8187  2.81822  -0.00942991
2.75694  2.75797  2.75752  -0.00930466
2.69794  2.69894  2.6985  -0.00918524
2.64056  2.64149  2.64108  -0.00905562
2.58473  2.58563  2.58523  -0.00893474
2.5304  2.53124  2.53087  -0.00880222
2.47752  2.47833  2.47797  -0.00867843
2.42603  2.42679  2.42646  -0.0085459
2.37589  2.37662  2.3763  -0.00842356
2.32705  2.32773  2.32743  -0.00829104
2.27948  2.28013  2.27984  -0.0081687
2.23311  2.23372  2.23345  -0.00803763
2.18792  2.1885  2.18824  -0.00791675
2.14386  2.14441  2.14417  -0.00778714
2.10091  2.10143  2.1012  -0.00766917
2.05902  2.0595  2.05929  -0.00754247
2.01816  2.01862  2.01841  -0.00742596
1.97829  1.97872  1.97853  -0.00730363
1.93939  1.9398  1.93962  -0.00719003
1.90142  1.9018  1.90163  -0.00707061
1.86436  1.86472  1.86456  -0.00695993
1.82817  1.82851  1.82836  -0.00684487
1.79284  1.79316  1.79302  -0.0067371
1.75833  1.75862  1.75849  -0.00662496
1.72462  1.72489  1.72477  -0.00652011
1.69168  1.69193  1.69183  -0.00641234
1.6595  1.65974  1.65963  -0.00631039
1.62805  1.62826  1.62817  -0.00620699
1.59731  1.5975  1.59742  -0.00610796
1.56725  1.56743  1.56735  -0.00600747
1.53786  1.53803  1.53796  -0.00591281
1.50912  1.50927  1.50921  -0.00581669
1.48101  1.48115  1.48109  -0.00572494
1.45351  1.45364  1.45359  -0.00563173
1.42661  1.42673  1.42668  -0.00554289
1.40029  1.40039  1.40035  -0.0054526
1.37453  1.37462  1.37459  -0.00536667
1.34932  1.3494  1.34937  -0.00528075
1.32464  1.32471  1.32468  -0.00519919
1.30048  1.30054  1.30051  -0.00511618
1.27682  1.27687  1.27685  -0.00503608
1.25365  1.25369  1.25368  -0.00495598
1.23096  1.231  1.23099  -0.00488025
1.20874  1.20876  1.20876  -0.00480306
1.18697  1.18698  1.18698  -0.00473024
1.16564  1.16565  1.16565  -0.00465597
1.14474  1.14474  1.14474  -0.00458461
1.12425  1.12425  1.12425  -0.00451325
1.10418  1.10417  1.10418  -0.0044448
1.0845  1.08448  1.0845  -0.00437781
1.06521  1.06519  1.0652  -0.00431081
1.0463  1.04627  1.04629  -0.00424528
1.02776  1.02772  1.02774  -0.00418265
1.00957  1.00953  1.00956  -0.00411858
0.991741  0.991697  0.991722  -0.00405741
0.974248  0.974202  0.974228  -0.0039977
0.957092  0.95704  0.957069  -0.00393799
0.940261  0.940206  0.940235  -0.00387973
0.923749  0.923688  0.923722  -0.00382293
0.907546  0.907483  0.907517  -0.00376759
0.891647  0.89158  0.891615  -0.00371225
0.876043  0.875973  0.87601  -0.00365837
0.86073  0.860657  0.860695  -0.00360448
0.845699  0.845623  0.845662  -0.00355351
0.830944  0.830864  0.830905  -0.00350254
0.816458  0.816376  0.816419  -0.00345156
0.802237  0.802152  0.802196  -0.0034035
0.788273  0.788186  0.788231  -0.00335399
0.774562  0.774471  0.774518  -0.00330738
0.761095  0.761004  0.761051  -0.00326078
0.747871  0.747778  0.747824  -0.00321563
0.734882  0.734786  0.734834  -0.00317049
0.722123  0.722025  0.722074  -0.00312534
0.709589  0.70949  0.709541  -0.00308311
0.697277  0.697177  0.697228  -0.00303942
0.685179  0.685077  0.68513  -0.00299864
0.673294  0.67319  0.673243  -0.00295786
0.661615  0.66151  0.661563  -0.00291708
0.650139  0.650033  0.650087  -0.00287776
0.63886  0.638753  0.638807  -0.00283844
0.627777  0.627669  0.627723  -0.00280057
0.616882  0.616774  0.616828  -0.00276271
0.606175  0.606066  0.606119  -0.00272484
0.595648  0.595539  0.595594  -0.00268843
0.585302  0.58519  0.585247  -0.00265348
0.57513  0.575017  0.575074  -0.00261707
0.565129  0.565017  0.565073  -0.00258358
0.555297  0.555185  0.55524  -0.00254862
0.54563  0.545516  0.545573  -0.00251513
0.536123  0.536009  0.536066  -0.00248309
0.526776  0.526661  0.526717  -0.00244959
0.517582  0.517468  0.517525  -0.00241901
0.508542  0.508427  0.508484  -0.00238697
0.499651  0.499536  0.499593  -0.00235638
0.490906  0.490792  0.490849  -0.0023258
0.482306  0.482191  0.482248  -0.00229522
0.473844  0.473731  0.473788  -0.00226609
0.465523  0.465408  0.465466  -0.00223696
0.457337  0.457222  0.45728  -0.00220929
0.449284  0.449169  0.449226  -0.00218017
0.441362  0.441247  0.441304  -0.00215249
0.433567  0.433452  0.433509  -0.00212628
0.4259  0.425785  0.425841  -0.00209861
0.418354  0.418241  0.418298  -0.00207239
0.410931  0.410818  0.410874  -0.00204618
0.403628  0.403514  0.403571  -0.00202142
0.396441  0.396327  0.396384  -0.00199521
0.389368  0.389255  0.389312  -0.00197045
0.38241  0.382296  0.382353  -0.00194569
0.375562  0.375449  0.375505  -0.00192239
0.368824  0.36871  0.368767  -0.00189763
0.362191  0.362079  0.362135  -0.00187433
0.355664  0.355553  0.355607  -0.00185103
0.349241  0.349129  0.349185  -0.00182918
0.342919  0.342809  0.342864  -0.00180588
0.336698  0.336587  0.336643  -0.00178404
0.330574  0.330465  0.330519  -0.00176219
0.324548  0.324438  0.324492  -0.00174035
0.318616  0.318507  0.31856  -0.0017185
0.312777  0.312669  0.312722  -0.00169811
0.30703  0.306923  0.306975  -0.00167772
0.301374  0.301266  0.30132  -0.00165588
0.295806  0.2957  0.295752  -0.00163694
0.290326  0.29022  0.290272  -0.00161656
0.284932  0.284827  0.284878  -0.00159617
0.279622  0.279517  0.279569  -0.00157723
0.274395  0.274292  0.274343  -0.0015583
0.269251  0.269146  0.269199  -0.00153937
0.264186  0.264084  0.264133  -0.00152044
0.259202  0.259099  0.25915  -0.0015015
0.254294  0.254192  0.254243  -0.00148403
0.249465  0.249363  0.249413  -0.00146509
0.24471  0.24461  0.244659  -0.00144762
0.240029  0.23993  0.239978  -0.00143014
0.235423  0.235324  0.235372  -0.00141267
0.230888  0.23079  0.230838  -0.00139519
0.226424  0.226326  0.226375  -0.00137771
0.22203  0.221934  0.221981  -0.00136169
0.217706  0.21761  0.217657  -0.00134422
0.213449  0.213353  0.2134  -0.0013282
0.209259  0.209163  0.20921  -0.00131218
0.205135  0.20504  0.205087  -0.00129616
0.201075  0.200982  0.201027  -0.00128014
0.19708  0.196987  0.197032  -0.00126412
0.193146  0.193055  0.1931  -0.00124955
0.189277  0.189185  0.18923  -0.00123353
0.185467  0.185375  0.18542  -0.00121751
0.181717  0.181628  0.181672  -0.00120295
0.178028  0.177938  0.177981  -0.00118839
0.174396  0.174307  0.174351  -0.00117382
0.170822  0.170734  0.170777  -0.00115926
0.167305  0.167219  0.167261  -0.0011447
0.163844  0.163759  0.163801  -0.00113013
0.160438  0.160354  0.160394  -0.00111557
0.157087  0.157002  0.157043  -0.00110246
0.15379  0.153705  0.153746  -0.0010879
0.150545  0.150462  0.150503  -0.00107479
0.147353  0.14727  0.14731  -0.00106023
0.144211  0.14413  0.144169  -0.00104712
0.141121  0.141041  0.14108  -0.00103401
0.138081  0.138001  0.138041  -0.00102091
0.13509  0.135011  0.135049  -0.0010078
0.132148  0.13207  0.132108  -0.000994691
0.129255  0.129176  0.129214  -0.000981584
0.126407  0.12633  0.126368  -0.000969933
0.123608  0.123531  0.123569  -0.000956826
0.120854  0.120779  0.120815  -0.000943719
0.118145  0.118071  0.118108  -0.000932068
0.115482  0.115407  0.115444  -0.000918961
0.112863  0.112789  0.112825  -0.00090731
0.110287  0.110214  0.110251  -0.000895659
0.107754  0.107683  0.107718  -0.000884008
0.105265  0.105194  0.105229  -0.000870901
0.102817  0.102747  0.102781  -0.00085925
0.100411  0.100341  0.100375  -0.000847599
0.0980463  0.0979764  0.0980099  -0.000835948
0.0957205  0.095652  0.0956855  -0.000825754
0.0934354  0.0933684  0.0934005  -0.000814103
0.0911897  0.0911227  0.0911548  -0.000802452
0.0889819  0.0889164  0.0889484  -0.000790801
0.0868134  0.0867493  0.0867799  -0.000780607
0.0846827  0.0846187  0.0846492  -0.000768956
0.0825885  0.0825259  0.0825565  -0.000758762
0.0805321  0.0804695  0.0805001  -0.000747111
0.0785122  0.0784495  0.0784801  -0.000736916
0.0765271  0.076466  0.0764951  -0.000726722
0.0745785  0.0745188  0.0745465  -0.000715071
0.0726649  0.0726052  0.0726343  -0.000704876
0.0707847  0.0707265  0.0707541  -0.000694682
0.0689395  0.0688827  0.0689104  -0.000684487
0.0671293  0.067071  0.0670987  -0.000674293
0.0653511  0.0652943  0.0653205  -0.000664098
0.0636049  0.0635496  0.0635758  -0.000653904
0.0618922  0.0618369  0.0618631  -0.000643709
0.0602116  0.0601577  0.0601839  -0.000633515
0.058563  0.0585091  0.0585339  -0.000624777
0.056945  0.0568911  0.0569173  -0.000614582
0.0553576  0.0553051  0.0553299  -0.000604388
0.0538007  0.0537497  0.0537745  -0.00059565
0.0522744  0.0522235  0.0522482  -0.000585455
0.0507788  0.0507278  0.0507511  -0.000576717
0.0493108  0.0492612  0.0492845  -0.000566523
0.0478719  0.0478238  0.0478471  -0.000557784
0.0464621  0.0464141  0.0464374  -0.00054759
0.0450815  0.0450334  0.0450567  -0.000538852
0.0437285  0.0436805  0.0437038  -0.000530114
0.0424018  0.0423567  0.042377  -0.000519919
0.0411027  0.0410576  0.0410794  -0.000511181
0.0398313  0.0397862  0.039808  -0.000502443
0.0385862  0.0385425  0.0385629  -0.000493705
0.0373672  0.0373235  0.0373439  -0.000484967
0.0361744  0.0361322  0.0361511  -0.000476228
0.0350064  0.0349642  0.0349846  -0.00046749
0.0338646  0.0338239  0.0338428  -0.000458752
0.0327476  0.0327068  0.0327258  -0.000450014
0.0316539  0.0316146  0.0316335  -0.000441276
0.0305864  0.0305471  0.0305645  -0.000433994
0.0295422  0.0295029  0.0295218  -0.000425256
0.0285213  0.0284834  0.0285009  -0.000416518
0.0275237  0.0274873  0.0275033  -0.00040778
0.0265494  0.026513  0.0265304  -0.000400498
0.0255984  0.025562  0.0255794  -0.00039176
0.0246692  0.0246343  0.0246503  -0.000384478
0.0237634  0.0237284  0.0237444  -0.00037574
0.0228779  0.0228444  0.0228604  -0.000368458
0.0220157  0.0219822  0.0219983  -0.00035972
0.021174  0.0211419  0.0211565  -0.000352438
0.020354  0.020322  0.0203366  -0.000345156
0.0195545  0.0195225  0.019537  -0.000336418
0.0187753  0.0187448  0.0187579  -0.000329136
0.0180166  0.017986  0.0180006  -0.000321855
0.0172782  0.0172476  0.0172622  -0.000314573
0.0165588  0.0165296  0.0165427  -0.000307291
0.0158597  0.0158306  0.0158437  -0.000298553
0.0151796  0.0151519  0.0151636  -0.000291271
0.0145184  0.0144907  0.0145024  -0.000283989
0.0138747  0.0138485  0.0138601  -0.000276708
0.0132514  0.0132252  0.0132368  -0.000270882
0.0126455  0.0126208  0.012631  -0.0002636
0.0120572  0.0120324  0.0120441  -0.000256319
0.0114863  0.011463  0.0114732  -0.000249037
0.0109343  0.010911  0.0109212  -0.000241755
0.0103984  0.0103751  0.0103853  -0.00023593
0.00987992  0.00985662  0.00986681  -0.000228648
0.00937748  0.00935563  0.00936583  -0.000221366
0.00889105  0.00887067  0.0088794  -0.000215541
0.00842211  0.00840172  0.00841046  -0.000208259
0.00796918  0.00794879  0.00795753  -0.000202433
0.00753082  0.00751188  0.00751917  -0.000195152
0.00710847  0.00708954  0.00709828  -0.000189326
0.00670069  0.00668322  0.0066905  -0.000183501
0.00630893  0.00629146  0.00629874  -0.000176219
0.00593174  0.00591426  0.00592154  -0.000170394
0.00556911  0.00555163  0.00555891  -0.000164568
0.00521958  0.00520356  0.00521084  -0.000158743
0.00488462  0.0048686  0.00487588  -0.000152917
0.00456422  0.0045482  0.00455548  -0.000147092
0.00425693  0.00424237  0.00424819  -0.000141267
0.00396274  0.00394818  0.00395401  -0.000135441
0.00368167  0.0036671  0.00367293  -0.000129616
0.00341224  0.00339914  0.00340496  -0.00012379
0.00315592  0.00314427  0.00314864  -0.000117965
0.00291271  0.00290106  0.00290543  -0.000112139
0.00268115  0.0026695  0.00267387  -0.00010777
0.00246124  0.00245105  0.00245542  -0.000101945
0.00225298  0.00224279  0.00224716  -9.61195e-05
0.00205637  0.00204618  0.00205055  -9.17504e-05
0.00187142  0.00186122  0.00186559  -8.73814e-05
0.00169665  0.00168646  0.00169083  -8.15559e-05
0.00153209  0.00152335  0.00152626  -7.71869e-05
0.00137771  0.00136897  0.00137189  -7.28178e-05
0.00123353  0.00122625  0.00122916  -6.69924e-05
0.00109955  0.00109227  0.00109518  -6.26233e-05
0.000974302  0.00096702  0.000969933  -5.82542e-05
0.00085925  0.000851968  0.000854881  -5.38852e-05
0.000752936  0.000745654  0.000748567  -4.95161e-05
0.00065536  0.000649535  0.000650991  -4.66034e-05
0.000565066  0.000559241  0.000562153  -4.22343e-05
0.000484967  0.000479141  0.000480598  -3.78653e-05
0.000410692  0.000406323  0.00040778  -3.49525e-05
0.000345156  0.000340787  0.000342244  -3.05835e-05
0.000286902  0.000282533  0.000283989  -2.76708e-05
0.000234473  0.000231561  0.000231561  -2.33017e-05
0.000189326  0.000186414  0.000186414  -2.0389e-05
0.000151461  0.000147092  0.000148548  -1.74763e-05
0.000117965  0.000115052  0.000116508  -1.45636e-05
9.02941e-05  8.73814e-05  8.88377e-05  -1.16508e-05
6.84487e-05  6.5536e-05  6.69924e-05  -1.01945e-05
5.09725e-05  4.80598e-05  4.95161e-05  -7.28178e-06
3.64089e-05  3.49525e-05  3.49525e-05  -5.82542e-06
2.62144e-05  2.47581e-05  2.47581e-05  -4.36907e-06
1.74763e-05  1.74763e-05  1.74763e-05  -2.91271e-06
1.16508e-05  1.16508e-05  1.16508e-05  -2.91271e-06
7.28178e-06  7.28178e-06  7.28178e-06  -1.45636e-06
5.82542e-06  4.36907e-06  4.36907e-06  -1.45636e-06
2.91271e-06  2.91271e-06  2.91271e-06  0
1.45636e-06  1.45636e-06  1.45636e-06  0
1.45636e-06  1.45636e-06  1.45636e-06  0
