5e-07  0.475 0.5
1.46  0.008  1.3e-06
0.001478 0.745608  109.898  147.394  100
9.09349e-07  3.43709e-11  1.13983e-16
777  1564
1.00554  0.994461  0.926349  0.000568126
2.47467  2.49356  2.51594  0.101626
3.6672  3.70586  3.63032  0.083448
4.37999  4.44549  4.45242  0.175196
5.24963  5.31344  5.22866  0.138503
5.91241  5.93637  5.94175  0.166122
6.66187  6.67448  6.6502  0.177271
7.29859  7.29848  7.29219  0.146497
7.91521  7.90126  7.91256  0.19413
8.48991  8.48786  8.47562  0.134023
9.00078  8.97067  8.99731  0.190419
9.49505  9.49182  9.48623  0.131002
9.92642  9.89494  9.91663  0.173388
10.3403  10.3321  10.3415  0.131824
10.709  10.6835  10.6934  0.152863
11.0531  11.0373  11.0611  0.131045
11.3677  11.3509  11.3495  0.134352
11.6551  11.6333  11.6656  0.126384
11.9214  11.9108  11.9033  0.119966
12.1633  12.1385  12.1728  0.118426
12.3865  12.3786  12.3696  0.109213
12.5908  12.5665  12.598  0.108958
12.7765  12.7685  12.7611  0.100791
12.9487  12.9274  12.9538  0.0994616
13.1022  13.0929  13.0879  0.0930072
13.2462  13.2281  13.2498  0.0907591
13.372  13.362  13.3588  0.085648
13.4918  13.4763  13.4944  0.0829087
13.5934  13.5836  13.5818  0.0783673
13.6923  13.6786  13.6941  0.075444
13.7727  13.7637  13.7625  0.071431
13.8535  13.8409  13.8548  0.0688768
13.9156  13.9083  13.9075  0.0650068
13.981  13.9695  13.9819  0.0622138
14.0276  14.0212  14.0209  0.0588869
14.0789  14.068  14.0792  0.0562445
14.1117  14.1063  14.1065  0.0533171
14.1501  14.1405  14.1503  0.0506345
14.1719  14.1667  14.1675  0.0479532
14.1983  14.1898  14.1985  0.0457455
14.2105  14.2058  14.2068  0.0430178
14.2262  14.219  14.2266  0.0412349
14.2307  14.2261  14.2273  0.0382155
14.2367  14.2305  14.2372  0.0371894
14.2342  14.2297  14.2309  0.0338011
14.2316  14.2262  14.2323  0.0335047
14.2228  14.2186  14.2197  0.029782
14.2128  14.2082  14.2136  0.0301209
14.1984  14.1945  14.1954  0.0261533
14.182  14.1779  14.1829  0.0269
14.1624  14.1589  14.1595  0.022882
14.1406  14.137  14.1415  0.0238661
14.1161  14.1131  14.1136  0.0199631
14.0898  14.0865  14.0906  0.0210169
14.0609  14.0583  14.0587  0.0173561
14.0306  14.0277  14.0314  0.0183358
13.9979  13.9956  13.9959  0.0149732
13.964  13.9615  13.9648  0.0158259
13.9279  13.926  13.9263  0.0127828
13.8909  13.8887  13.8916  0.0134972
13.8518  13.8502  13.8505  0.0107458
13.812  13.8102  13.8127  0.0113385
13.7704  13.769  13.7693  0.00883811
13.728  13.7266  13.7288  0.00935448
13.6843  13.6832  13.6834  0.00705333
13.6396  13.6386  13.6405  0.0075329
13.5941  13.5932  13.5934  0.00538146
13.5474  13.5467  13.5483  0.00586401
13.5004  13.4995  13.4998  0.00381866
13.4519  13.4514  13.4528  0.00432681
13.4035  13.4028  13.403  0.00235993
13.3534  13.3532  13.3544  0.0029111
13.304  13.3034  13.3035  0.00101072
13.2525  13.2525  13.2536  0.0016017
13.2021  13.2016  13.2017  -0.0002352
13.1495  13.1496  13.1506  0.000386722
13.0982  13.0978  13.0979  -0.00137687
13.0447  13.045  13.0458  -0.000743306
12.9926  12.9923  12.9924  -0.00242283
12.9384  12.9388  12.9395  -0.00179741
12.8856  12.8855  12.8855  -0.00337887
12.8308  12.8313  12.8319  -0.00278017
12.7775  12.7775  12.7774  -0.00425441
12.7223  12.7229  12.7233  -0.00369626
12.6684  12.6685  12.6685  -0.00505883
12.6129  12.6136  12.6139  -0.0045485
12.5587  12.5589  12.5588  -0.00580057
12.5029  12.5036  12.5039  -0.00533847
12.4484  12.4487  12.4486  -0.00648662
12.3924  12.3933  12.3935  -0.00606889
12.3378  12.3382  12.338  -0.00712365
12.2817  12.2826  12.2827  -0.00674228
12.227  12.2274  12.2272  -0.00771558
12.1708  12.1718  12.1719  -0.00736162
12.116  12.1166  12.1164  -0.00826558
12.0599  12.0609  12.0609  -0.00793054
12.0052  12.0057  12.0055  -0.00877573
11.9491  11.9502  11.9501  -0.00845306
11.8944  11.8951  11.8948  -0.00924754
11.8385  11.8396  11.8395  -0.00893318
11.784  11.7846  11.7844  -0.00968235
11.7282  11.7293  11.7292  -0.00937483
11.6738  11.6745  11.6742  -0.0100816
11.6182  11.6194  11.6192  -0.00978149
11.5641  11.5648  11.5645  -0.0104468
11.5087  11.51  11.5097  -0.0101562
11.4548  11.4556  11.4553  -0.01078
11.3997  11.401  11.4008  -0.0105014
11.3461  11.3469  11.3466  -0.0110832
11.2913  11.2926  11.2923  -0.0108191
11.2379  11.2388  11.2385  -0.0113589
11.1836  11.1849  11.1846  -0.0111108
11.1305  11.1314  11.131  -0.0116094
11.0765  11.0778  11.0774  -0.0113778
11.0237  11.0246  11.0243  -0.0118368
10.9701  10.9714  10.971  -0.0116214
10.9177  10.9186  10.9182  -0.0120432
10.8645  10.8658  10.8654  -0.0118425
10.8124  10.8134  10.813  -0.0122305
10.7596  10.7609  10.7605  -0.0120425
10.7079  10.709  10.7085  -0.0124
10.6556  10.6569  10.6565  -0.0122226
10.6043  10.6053  10.6049  -0.0125529
10.5524  10.5537  10.5533  -0.012384
10.5015  10.5026  10.5021  -0.0126902
10.4501  10.4514  10.451  -0.0125282
10.3996  10.4007  10.4003  -0.0128126
10.3486  10.35  10.3495  -0.0126564
10.2986  10.2997  10.2992  -0.0129209
10.2481  10.2494  10.249  -0.01277
10.1985  10.1996  10.1992  -0.0130157
10.1485  10.1498  10.1493  -0.0128699
10.0993  10.1004  10.1  -0.0130978
10.0498  10.0511  10.0506  -0.0129572
10.0011  10.0022  10.0017  -0.0131678
9.952  9.95333  9.95285  -0.0130329
9.90379  9.9049  9.90443  -0.0132267
9.85519  9.85651  9.85602  -0.0130975
9.80743  9.80854  9.80807  -0.0132752
9.75932  9.76063  9.76015  -0.0131519
9.71203  9.71314  9.71266  -0.0133141
9.66441  9.66571  9.66522  -0.0131965
9.61758  9.61869  9.61822  -0.013344
9.57046  9.57175  9.57126  -0.013232
9.52409  9.52521  9.52473  -0.0133658
9.47746  9.47875  9.47825  -0.0132587
9.43156  9.43268  9.4322  -0.01338
9.38542  9.3867  9.3862  -0.0132772
9.33999  9.34111  9.34063  -0.0133871
9.29435  9.29561  9.29511  -0.0132881
9.24938  9.2505  9.25002  -0.0133876
9.20423  9.20549  9.20499  -0.0132918
9.15973  9.16085  9.16036  -0.0133819
9.11507  9.11631  9.11581  -0.013289
9.07104  9.07215  9.07166  -0.0133703
9.02686  9.02809  9.02759  -0.0132799
8.98329  8.9844  8.98392  -0.0133533
8.9396  8.94082  8.94032  -0.0132652
8.8965  8.8976  8.89711  -0.013331
8.85328  8.8545  8.854  -0.0132452
8.81064  8.81174  8.81126  -0.0133039
8.7679  8.76911  8.76861  -0.0132204
8.72572  8.72682  8.72633  -0.0132722
8.68346  8.68465  8.68416  -0.0131909
8.64174  8.64282  8.64234  -0.0132363
8.59995  8.60113  8.60063  -0.0131573
8.55868  8.55976  8.55928  -0.0131965
8.51735  8.51852  8.51803  -0.0131197
8.47653  8.47761  8.47713  -0.013153
8.43567  8.43683  8.43634  -0.0130783
8.3953  8.39637  8.39589  -0.0131062
8.3549  8.35605  8.35556  -0.0130335
8.31497  8.31603  8.31556  -0.0130563
8.27503  8.27616  8.27568  -0.0129854
8.23554  8.23659  8.23612  -0.0130036
8.19605  8.19717  8.19668  -0.0129343
8.15699  8.15804  8.15757  -0.0129482
8.11795  8.11906  8.11858  -0.0128804
8.07933  8.08036  8.0799  -0.0128903
8.04072  8.04182  8.04135  -0.0128238
8.00253  8.00356  8.0031  -0.0128302
7.96437  7.96545  7.96498  -0.0127649
7.9266  7.92762  7.92716  -0.012768
7.88887  7.88994  7.88947  -0.0127039
7.85153  7.85254  7.85208  -0.0127039
7.81422  7.81528  7.81482  -0.0126408
7.77729  7.7783  7.77784  -0.0126379
7.74041  7.74146  7.741  -0.0125758
7.7039  7.70489  7.70444  -0.0125703
7.66744  7.66848  7.66802  -0.0125092
7.63133  7.63231  7.63187  -0.0125011
7.59528  7.59631  7.59586  -0.012441
7.55958  7.56056  7.56011  -0.0124305
7.52394  7.52496  7.52451  -0.0123715
7.48864  7.48961  7.48917  -0.0123587
7.45341  7.45441  7.45396  -0.0123006
7.4185  7.41946  7.41902  -0.0122857
7.38367  7.38466  7.38422  -0.0122286
7.34915  7.3501  7.34967  -0.0122117
7.31472  7.3157  7.31526  -0.0121554
7.28058  7.28152  7.28109  -0.0121368
7.24654  7.24751  7.24707  -0.0120813
7.21279  7.21372  7.21329  -0.012061
7.17913  7.18009  7.17965  -0.0120063
7.14576  7.14668  7.14625  -0.0119845
7.11248  7.11343  7.113  -0.0119305
7.07948  7.08039  7.07997  -0.0119074
7.04658  7.04751  7.04709  -0.011854
7.01395  7.01485  7.01444  -0.0118296
6.98142  6.98234  6.98192  -0.0117769
6.94916  6.95005  6.94963  -0.0117514
6.91699  6.9179  6.91749  -0.0116993
6.88509  6.88597  6.88556  -0.0116727
6.85329  6.85419  6.85378  -0.0116212
6.82174  6.82261  6.8222  -0.0115937
6.79029  6.79118  6.79078  -0.0115427
6.7591  6.75996  6.75956  -0.0115143
6.72801  6.72889  6.72848  -0.011464
6.69716  6.69801  6.69761  -0.0114347
6.66641  6.66728  6.66688  -0.0113849
6.63591  6.63675  6.63636  -0.0113549
6.60551  6.60637  6.60597  -0.0113057
6.57534  6.57618  6.57579  -0.0112749
6.54528  6.54613  6.54574  -0.0112262
6.51545  6.51628  6.51589  -0.0111949
6.48573  6.48657  6.48618  -0.0111468
6.45622  6.45704  6.45666  -0.0111148
6.42683  6.42766  6.42728  -0.0110672
6.39765  6.39846  6.39808  -0.0110347
6.36859  6.36941  6.36903  -0.0109876
6.33973  6.34053  6.34016  -0.0109547
6.31099  6.3118  6.31143  -0.010908
6.28246  6.28324  6.28287  -0.0108747
6.25403  6.25483  6.25446  -0.0108285
6.22581  6.22659  6.22622  -0.0107949
6.1977  6.19849  6.19812  -0.0107491
6.16978  6.17055  6.17019  -0.0107152
6.14198  6.14276  6.1424  -0.0106698
6.11438  6.11514  6.11478  -0.0106356
6.08688  6.08765  6.08729  -0.0105908
6.05958  6.06033  6.05998  -0.0105563
6.03239  6.03315  6.03279  -0.0105119
6.00538  6.00612  6.00577  -0.0104772
5.97848  5.97923  5.97888  -0.0104332
5.95177  5.95251  5.95216  -0.0103984
5.92517  5.92591  5.92556  -0.0103548
5.89875  5.89947  5.89913  -0.0103198
5.87244  5.87317  5.87283  -0.0102766
5.8463  5.84702  5.84668  -0.0102415
5.82028  5.821  5.82066  -0.0101988
5.79442  5.79513  5.7948  -0.0101636
5.76868  5.7694  5.76906  -0.0101213
5.74311  5.74381  5.74348  -0.010086
5.71765  5.71835  5.71802  -0.0100441
5.69235  5.69304  5.69271  -0.0100088
5.66716  5.66786  5.66753  -0.00996727
5.64213  5.64282  5.64249  -0.00993196
5.61722  5.61791  5.61758  -0.00989079
5.59246  5.59314  5.59282  -0.00985553
5.56781  5.5685  5.56817  -0.00981472
5.54332  5.54399  5.54367  -0.00977949
5.51894  5.51961  5.51929  -0.00973909
5.49471  5.49537  5.49505  -0.00970386
5.47059  5.47125  5.47094  -0.00966382
5.44661  5.44727  5.44696  -0.0096287
5.42275  5.42341  5.4231  -0.00958902
5.39903  5.39968  5.39937  -0.00955394
5.37542  5.37607  5.37576  -0.00951466
5.35195  5.35259  5.35229  -0.00947965
5.3286  5.32924  5.32893  -0.00944074
5.30538  5.30601  5.30571  -0.00940584
5.28227  5.2829  5.2826  -0.00936729
5.25929  5.25992  5.25962  -0.0093325
5.23643  5.23705  5.23676  -0.00929428
5.2137  5.21431  5.21402  -0.00925967
5.19107  5.19169  5.19139  -0.00922178
5.16858  5.16919  5.1689  -0.00918727
5.14619  5.1468  5.14651  -0.00914978
5.12393  5.12454  5.12425  -0.00911542
5.10178  5.10238  5.1021  -0.00907822
5.07976  5.08035  5.08007  -0.00904405
5.05784  5.05843  5.05815  -0.00900721
5.03604  5.03663  5.03635  -0.00897318
5.01435  5.01494  5.01466  -0.00893668
4.99278  4.99336  4.99308  -0.00890283
4.97132  4.9719  4.97162  -0.00886668
4.94997  4.95055  4.95027  -0.00883302
4.92873  4.9293  4.92903  -0.00879716
4.90761  4.90817  4.9079  -0.00876368
4.88658  4.88715  4.88688  -0.00872819
4.86568  4.86624  4.86597  -0.00869489
4.84487  4.84543  4.84516  -0.00865973
4.82418  4.82474  4.82447  -0.00862664
4.80359  4.80414  4.80388  -0.00859177
4.78311  4.78366  4.7834  -0.00855891
4.76273  4.76328  4.76302  -0.00852437
4.74246  4.74301  4.74275  -0.00849168
4.72229  4.72284  4.72258  -0.00845747
4.70223  4.70277  4.70251  -0.008425
4.68227  4.6828  4.68255  -0.00839112
4.66241  4.66294  4.66269  -0.00835887
4.64265  4.64318  4.64293  -0.00832527
4.623  4.62352  4.62327  -0.00829324
4.60344  4.60396  4.60371  -0.00825998
4.58398  4.5845  4.58425  -0.00822816
4.56462  4.56514  4.56489  -0.00819519
4.54536  4.54587  4.54563  -0.00816363
4.52619  4.52671  4.52646  -0.00813095
4.50713  4.50764  4.50739  -0.00809961
4.48816  4.48866  4.48842  -0.00806725
4.46929  4.46979  4.46954  -0.00803613
4.4505  4.451  4.45076  -0.00800407
4.43182  4.43231  4.43208  -0.00797316
4.41323  4.41372  4.41348  -0.00794139
4.39473  4.39522  4.39498  -0.00791074
4.37632  4.37681  4.37658  -0.0078793
4.35801  4.3585  4.35826  -0.00784887
4.33979  4.34027  4.34004  -0.00781768
4.32166  4.32214  4.32191  -0.0077875
4.30362  4.30409  4.30386  -0.0077566
4.28567  4.28614  4.28591  -0.00772668
4.26781  4.26828  4.26805  -0.00769607
4.25003  4.2505  4.25027  -0.00766637
4.23235  4.23281  4.23259  -0.00763605
4.21475  4.21521  4.21499  -0.00760657
4.19724  4.1977  4.19748  -0.00757654
4.17982  4.18027  4.18005  -0.00754732
4.16248  4.16293  4.16271  -0.00751754
4.14523  4.14568  4.14546  -0.00748857
4.12806  4.12851  4.12829  -0.00745909
4.11098  4.11142  4.11121  -0.00743033
4.09398  4.09442  4.0942  -0.00740114
4.07706  4.0775  4.07729  -0.00737265
4.06023  4.06066  4.06045  -0.00734371
4.04348  4.04391  4.0437  -0.00731543
4.02681  4.02724  4.02703  -0.00728678
4.01022  4.01065  4.01044  -0.00725872
3.99371  3.99414  3.99393  -0.00723033
3.97728  3.97771  3.9775  -0.00720256
3.96093  3.96136  3.96115  -0.00717443
3.94467  3.94509  3.94488  -0.00714687
3.92848  3.9289  3.92869  -0.00711899
3.91237  3.91278  3.91258  -0.00709166
3.89633  3.89675  3.89654  -0.00706407
3.88038  3.88079  3.88059  -0.00703699
3.8645  3.86491  3.86471  -0.00700965
3.84869  3.8491  3.8489  -0.00698279
3.83297  3.83337  3.83317  -0.00695571
3.81732  3.81772  3.81752  -0.00692907
3.80174  3.80214  3.80194  -0.00690225
3.78624  3.78663  3.78644  -0.00687586
3.77081  3.7712  3.77101  -0.00684929
3.75545  3.75585  3.75565  -0.00682312
3.74017  3.74056  3.74037  -0.0067968
3.72496  3.72535  3.72516  -0.00677089
3.70983  3.71021  3.71002  -0.00674479
3.69476  3.69515  3.69496  -0.00671909
3.67977  3.68015  3.67996  -0.00669325
3.66485  3.66523  3.66504  -0.00666777
3.65  3.65037  3.65019  -0.00664219
3.63521  3.63559  3.63541  -0.00661696
3.6205  3.62088  3.62069  -0.00659159
3.60586  3.60623  3.60605  -0.00656659
3.59129  3.59166  3.59148  -0.00654148
3.57678  3.57715  3.57697  -0.00651665
3.56234  3.56271  3.56253  -0.00649179
3.54798  3.54834  3.54816  -0.00646722
3.53367  3.53404  3.53386  -0.00644258
3.51944  3.5198  3.51962  -0.00641823
3.50527  3.50563  3.50545  -0.00639381
3.49117  3.49152  3.49135  -0.00636968
3.47713  3.47748  3.47731  -0.00634548
3.46316  3.46351  3.46334  -0.00632156
3.44925  3.4496  3.44943  -0.00629761
3.43541  3.43576  3.43559  -0.00627392
3.42163  3.42198  3.42181  -0.00625019
3.40792  3.40826  3.40809  -0.00622671
3.39427  3.39461  3.39444  -0.0062032
3.38068  3.38102  3.38085  -0.00617994
3.36715  3.36749  3.36732  -0.00615665
3.35369  3.35403  3.35386  -0.00613357
3.34029  3.34062  3.34046  -0.00611049
3.32695  3.32728  3.32712  -0.00608764
3.31367  3.314  3.31384  -0.00606478
3.30045  3.30078  3.30062  -0.00604218
3.28729  3.28762  3.28746  -0.0060195
3.2742  3.27452  3.27436  -0.00599708
3.26116  3.26148  3.26132  -0.00597466
3.24818  3.2485  3.24835  -0.00595242
3.23526  3.23558  3.23543  -0.00593022
3.2224  3.22272  3.22256  -0.00590816
3.2096  3.20992  3.20976  -0.00588618
3.19686  3.19717  3.19702  -0.00586434
3.18417  3.18448  3.18433  -0.00584254
3.17154  3.17185  3.1717  -0.00582092
3.15897  3.15928  3.15913  -0.0057993
3.14646  3.14676  3.14661  -0.0057779
3.134  3.1343  3.13415  -0.00575649
3.12159  3.1219  3.12175  -0.00573524
3.10925  3.10955  3.1094  -0.00571405
3.09696  3.09726  3.09711  -0.00569302
3.08472  3.08502  3.08487  -0.00567202
3.07254  3.07284  3.07269  -0.00565116
3.06041  3.06071  3.06056  -0.00563034
3.04834  3.04864  3.04849  -0.0056097
3.03632  3.03662  3.03647  -0.00558907
3.02436  3.02465  3.0245  -0.00556861
3.01244  3.01274  3.01259  -0.00554819
3.00059  3.00088  3.00073  -0.00552792
2.98878  2.98907  2.98893  -0.00550768
2.97703  2.97731  2.97717  -0.00548759
2.96532  2.96561  2.96547  -0.00546754
2.95367  2.95396  2.95382  -0.00544763
2.94208  2.94236  2.94222  -0.00542779
2.93053  2.93081  2.93067  -0.00540806
2.91903  2.91931  2.91917  -0.00538837
2.90759  2.90786  2.90773  -0.00536883
2.89619  2.89647  2.89633  -0.00534935
2.88485  2.88512  2.88498  -0.00532999
2.87355  2.87382  2.87369  -0.00531066
2.8623  2.86258  2.86244  -0.00529148
2.85111  2.85138  2.85124  -0.00527234
2.83996  2.84023  2.8401  -0.00525334
2.82886  2.82913  2.829  -0.00523437
2.81781  2.81808  2.81794  -0.00521552
2.80681  2.80707  2.80694  -0.00519674
2.79585  2.79612  2.79599  -0.00517807
2.78495  2.78521  2.78508  -0.00515947
2.77409  2.77435  2.77422  -0.00514098
2.76327  2.76353  2.7634  -0.00512253
2.75251  2.75277  2.75264  -0.00510422
2.74179  2.74205  2.74192  -0.00508595
2.73112  2.73137  2.73125  -0.00506778
2.72049  2.72074  2.72062  -0.00504966
2.70991  2.71016  2.71004  -0.00503168
2.69937  2.69963  2.6995  -0.00501373
2.68888  2.68913  2.68901  -0.0049959
2.67844  2.67869  2.67856  -0.00497814
2.66804  2.66829  2.66816  -0.00496045
2.65768  2.65793  2.65781  -0.00494283
2.64737  2.64762  2.6475  -0.00492532
2.63711  2.63735  2.63723  -0.00490789
2.62688  2.62713  2.627  -0.00489053
2.6167  2.61694  2.61682  -0.00487324
2.60657  2.60681  2.60669  -0.00485606
2.59647  2.59671  2.59659  -0.00483892
2.58642  2.58666  2.58654  -0.00482188
2.57642  2.57665  2.57654  -0.00480489
2.56645  2.56669  2.56657  -0.00478803
2.55653  2.55676  2.55665  -0.00477118
2.54665  2.54688  2.54677  -0.00475448
2.53681  2.53704  2.53693  -0.00473781
2.52701  2.52724  2.52713  -0.00472121
2.51726  2.51749  2.51737  -0.00470468
2.50754  2.50777  2.50766  -0.00468827
2.49787  2.4981  2.49798  -0.00467189
2.48824  2.48846  2.48835  -0.00465558
2.47864  2.47887  2.47876  -0.00463939
2.46909  2.46932  2.4692  -0.00462323
2.45958  2.4598  2.45969  -0.00460718
2.45011  2.45033  2.45022  -0.00459116
2.44067  2.44089  2.44079  -0.00457525
2.43128  2.4315  2.43139  -0.00455939
2.42193  2.42215  2.42204  -0.00454359
2.41261  2.41283  2.41272  -0.0045279
2.40333  2.40355  2.40344  -0.00451225
2.3941  2.39431  2.39421  -0.00449667
2.3849  2.38511  2.38501  -0.00448117
2.37574  2.37595  2.37584  -0.00446574
2.36661  2.36683  2.36672  -0.00445038
2.35753  2.35774  2.35763  -0.00443509
2.34848  2.34869  2.34859  -0.00441984
2.33947  2.33968  2.33958  -0.0044047
2.3305  2.33071  2.3306  -0.00438959
2.32156  2.32177  2.32167  -0.00437456
2.31266  2.31287  2.31277  -0.0043596
2.3038  2.30401  2.3039  -0.00434471
2.29497  2.29518  2.29508  -0.0043299
2.28618  2.28639  2.28629  -0.00431512
2.27743  2.27763  2.27753  -0.00430045
2.26871  2.26891  2.26881  -0.00428582
2.26003  2.26023  2.26013  -0.00427126
2.25138  2.25158  2.25148  -0.00425674
2.24277  2.24297  2.24287  -0.00424233
2.2342  2.23439  2.2343  -0.00422795
2.22566  2.22585  2.22575  -0.00421365
2.21715  2.21734  2.21725  -0.00419938
2.20868  2.20887  2.20878  -0.00418522
2.20024  2.20043  2.20034  -0.0041711
2.19184  2.19203  2.19193  -0.00415701
2.18347  2.18366  2.18356  -0.00414304
2.17513  2.17532  2.17523  -0.0041291
2.16683  2.16702  2.16693  -0.00411523
2.15856  2.15875  2.15866  -0.0041014
2.15033  2.15052  2.15042  -0.00408768
2.14213  2.14232  2.14222  -0.00407395
2.13396  2.13415  2.13406  -0.00406034
2.12583  2.12601  2.12592  -0.00404677
2.11772  2.11791  2.11782  -0.00403326
2.10965  2.10984  2.10975  -0.00401979
2.10162  2.1018  2.10171  -0.0040064
2.09361  2.0938  2.0937  -0.00399304
2.08564  2.08582  2.08573  -0.00397979
2.0777  2.07788  2.07779  -0.00396655
2.06979  2.06997  2.06988  -0.00395341
2.06191  2.06209  2.062  -0.00394027
2.05407  2.05425  2.05416  -0.00392724
2.04625  2.04643  2.04634  -0.00391424
2.03847  2.03865  2.03856  -0.00390129
2.03072  2.03089  2.0308  -0.0038884
2.02299  2.02317  2.02308  -0.00387559
2.0153  2.01548  2.01539  -0.00386281
2.00764  2.00782  2.00773  -0.00385011
2.00001  2.00019  2.0001  -0.00383744
1.99241  1.99259  1.9925  -0.00382481
1.98484  1.98501  1.98493  -0.00381226
1.9773  1.97747  1.97739  -0.00379977
1.96979  1.96996  1.96988  -0.00378733
1.96231  1.96248  1.9624  -0.00377495
1.95486  1.95503  1.95495  -0.00376257
1.94744  1.94761  1.94752  -0.00375031
1.94005  1.94022  1.94013  -0.00373808
1.93269  1.93285  1.93277  -0.00372589
1.92535  1.92552  1.92543  -0.00371377
1.91805  1.91821  1.91813  -0.00370168
1.91077  1.91093  1.91085  -0.00368963
1.90352  1.90368  1.9036  -0.00367766
1.8963  1.89646  1.89638  -0.00366576
1.88911  1.88927  1.88919  -0.00365386
1.88195  1.88211  1.88203  -0.00364203
1.87481  1.87497  1.87489  -0.00363027
1.8677  1.86786  1.86778  -0.00361855
1.86062  1.86078  1.8607  -0.00360687
1.85357  1.85373  1.85365  -0.00359522
1.84655  1.8467  1.84663  -0.00358365
1.83955  1.83971  1.83963  -0.00357214
1.83258  1.83273  1.83266  -0.00356064
1.82564  1.82579  1.82571  -0.00354921
1.81872  1.81887  1.8188  -0.00353782
1.81183  1.81198  1.81191  -0.0035265
1.80497  1.80512  1.80504  -0.00351518
1.79813  1.79828  1.79821  -0.00350397
1.79132  1.79147  1.7914  -0.00349276
1.78454  1.78469  1.78461  -0.00348162
1.77778  1.77793  1.77785  -0.00347052
1.77105  1.7712  1.77112  -0.00345946
1.76434  1.76449  1.76442  -0.00344843
1.75766  1.75781  1.75774  -0.00343747
1.75101  1.75115  1.75108  -0.00342655
1.74438  1.74453  1.74445  -0.00341567
1.73778  1.73792  1.73785  -0.00340486
1.7312  1.73134  1.73127  -0.00339405
1.72465  1.72479  1.72472  -0.00338331
1.71812  1.71826  1.71819  -0.00337261
1.71161  1.71176  1.71169  -0.00336199
1.70514  1.70528  1.70521  -0.00335136
1.69868  1.69883  1.69876  -0.0033408
1.69226  1.6924  1.69233  -0.00333028
1.68585  1.68599  1.68592  -0.0033198
1.67947  1.67961  1.67954  -0.00330936
1.67312  1.67326  1.67319  -0.00329898
1.66679  1.66693  1.66686  -0.00328861
1.66048  1.66062  1.66055  -0.00327831
1.6542  1.65433  1.65427  -0.00326804
1.64794  1.64807  1.64801  -0.00325782
1.6417  1.64184  1.64177  -0.00324763
1.63549  1.63563  1.63556  -0.00323751
1.6293  1.62944  1.62937  -0.00322739
1.62314  1.62327  1.6232  -0.00321734
1.61699  1.61713  1.61706  -0.0032073
1.61088  1.61101  1.61094  -0.00319732
1.60478  1.60491  1.60485  -0.00318739
1.59871  1.59884  1.59877  -0.00317749
1.59266  1.59279  1.59272  -0.00316762
1.58663  1.58676  1.5867  -0.00315783
1.58063  1.58076  1.58069  -0.00314804
1.57465  1.57478  1.57471  -0.00313829
1.56869  1.56882  1.56875  -0.00312861
1.56275  1.56288  1.56281  -0.00311892
1.55683  1.55696  1.5569  -0.00310932
1.55094  1.55107  1.55101  -0.00309971
1.54507  1.5452  1.54514  -0.00309017
1.53922  1.53935  1.53929  -0.00308067
1.5334  1.53352  1.53346  -0.00307121
1.52759  1.52772  1.52765  -0.00306174
1.52181  1.52193  1.52187  -0.00305235
1.51605  1.51617  1.51611  -0.003043
1.51031  1.51043  1.51037  -0.00303368
1.50459  1.50471  1.50465  -0.0030244
1.49889  1.49901  1.49895  -0.00301516
1.49321  1.49334  1.49328  -0.00300595
1.48756  1.48768  1.48762  -0.00299677
1.48192  1.48205  1.48199  -0.0029876
1.47631  1.47643  1.47637  -0.0029785
1.47072  1.47084  1.47078  -0.00296944
1.46515  1.46527  1.46521  -0.00296041
1.4596  1.45972  1.45966  -0.00295142
1.45406  1.45418  1.45412  -0.00294247
1.44855  1.44867  1.44861  -0.00293352
1.44306  1.44318  1.44312  -0.00292464
1.4376  1.43771  1.43765  -0.00291579
1.43215  1.43226  1.4322  -0.00290695
1.42672  1.42683  1.42677  -0.00289817
1.42131  1.42142  1.42137  -0.0028894
1.41592  1.41603  1.41598  -0.00288067
1.41055  1.41066  1.41061  -0.002872
1.4052  1.40531  1.40526  -0.00286334
1.39987  1.39998  1.39992  -0.00285472
1.39456  1.39467  1.39461  -0.00284613
1.38927  1.38938  1.38932  -0.00283757
1.38399  1.38411  1.38405  -0.00282906
1.37874  1.37885  1.3788  -0.00282058
1.37351  1.37362  1.37356  -0.00281209
1.36829  1.36841  1.36835  -0.00280369
1.3631  1.36321  1.36315  -0.00279528
1.35792  1.35803  1.35798  -0.00278694
1.35276  1.35288  1.35282  -0.00277861
1.34763  1.34774  1.34768  -0.00277031
1.34251  1.34262  1.34256  -0.00276205
1.33741  1.33752  1.33746  -0.00275382
1.33232  1.33243  1.33238  -0.0027456
1.32726  1.32737  1.32731  -0.00273744
1.32221  1.32232  1.32227  -0.00272929
1.31719  1.31729  1.31724  -0.00272117
1.31218  1.31228  1.31223  -0.00271313
1.30719  1.30729  1.30724  -0.00270505
1.30221  1.30232  1.30227  -0.00269704
1.29726  1.29736  1.29731  -0.00268907
1.29232  1.29243  1.29237  -0.0026811
1.2874  1.28751  1.28746  -0.00267317
1.2825  1.28261  1.28255  -0.00266527
1.27762  1.27772  1.27767  -0.00265741
1.27275  1.27286  1.2728  -0.00264958
1.2679  1.26801  1.26796  -0.00264176
1.26307  1.26318  1.26312  -0.00263397
1.25826  1.25836  1.25831  -0.00262621
1.25346  1.25357  1.25352  -0.0026185
1.24869  1.24879  1.24874  -0.00261082
1.24392  1.24403  1.24397  -0.00260314
1.23918  1.23928  1.23923  -0.00259549
1.23445  1.23455  1.2345  -0.00258789
1.22974  1.22984  1.22979  -0.00258032
1.22505  1.22515  1.2251  -0.00257275
1.22037  1.22047  1.22042  -0.00256521
1.21571  1.21581  1.21576  -0.00255771
1.21107  1.21117  1.21112  -0.00255025
1.20644  1.20654  1.20649  -0.00254283
1.20183  1.20193  1.20188  -0.0025354
1.19724  1.19734  1.19729  -0.00252801
1.19266  1.19276  1.19271  -0.00252062
1.1881  1.1882  1.18815  -0.00251331
1.18356  1.18366  1.18361  -0.00250599
1.17903  1.17913  1.17908  -0.00249871
1.17452  1.17461  1.17457  -0.00249147
1.17002  1.17012  1.17007  -0.00248423
1.16554  1.16564  1.16559  -0.00247702
1.16108  1.16117  1.16113  -0.00246985
1.15663  1.15673  1.15668  -0.00246268
1.1522  1.15229  1.15225  -0.00245558
1.14778  1.14788  1.14783  -0.00244845
1.14338  1.14348  1.14343  -0.00244139
1.139  1.13909  1.13904  -0.00243433
1.13463  1.13472  1.13467  -0.0024273
1.13027  1.13037  1.13032  -0.00242031
1.12594  1.12603  1.12598  -0.00241333
1.12161  1.1217  1.12166  -0.00240637
1.11731  1.1174  1.11735  -0.00239946
1.11301  1.1131  1.11306  -0.00239258
1.10874  1.10883  1.10878  -0.0023857
1.10447  1.10456  1.10452  -0.00237882
1.10023  1.10032  1.10027  -0.00237201
1.09599  1.09608  1.09604  -0.00236521
1.09178  1.09187  1.09182  -0.00235844
1.08758  1.08766  1.08762  -0.00235167
1.08339  1.08348  1.08343  -0.00234493
1.07922  1.0793  1.07926  -0.00233824
1.07506  1.07515  1.0751  -0.00233154
1.07091  1.071  1.07096  -0.00232488
1.06679  1.06687  1.06683  -0.00231826
1.06267  1.06276  1.06272  -0.00231163
1.05857  1.05866  1.05862  -0.00230504
1.05449  1.05457  1.05453  -0.00229846
1.05042  1.0505  1.05046  -0.0022919
1.04636  1.04645  1.0464  -0.00228539
1.04232  1.0424  1.04236  -0.00227891
1.03829  1.03838  1.03833  -0.00227243
1.03428  1.03436  1.03432  -0.00226595
1.03028  1.03036  1.03032  -0.00225955
1.02629  1.02638  1.02633  -0.0022531
1.02232  1.0224  1.02236  -0.00224673
1.01836  1.01845  1.0184  -0.00224037
1.01442  1.0145  1.01446  -0.00223403
1.01049  1.01057  1.01053  -0.0022277
1.00657  1.00665  1.00661  -0.0022214
1.00267  1.00275  1.00271  -0.00221511
0.99878  0.998862  0.99882  -0.00220885
0.994904  0.994986  0.994945  -0.00220262
0.991043  0.991124  0.991083  -0.0021964
0.987194  0.987275  0.987234  -0.00219021
0.983359  0.98344  0.983399  -0.00218402
0.979538  0.979618  0.979578  -0.00217787
0.97573  0.97581  0.975769  -0.00217172
0.971935  0.972015  0.971974  -0.00216561
0.968153  0.968233  0.968192  -0.00215953
0.964384  0.964464  0.964424  -0.00215345
0.960629  0.960708  0.960668  -0.00214741
0.956887  0.956966  0.956926  -0.00214136
0.953158  0.953236  0.953196  -0.00213536
0.949441  0.94952  0.94948  -0.00212935
0.945738  0.945816  0.945777  -0.00212338
0.942047  0.942125  0.942086  -0.00211745
0.93837  0.938447  0.938408  -0.00211152
0.934705  0.934782  0.934743  -0.00210562
0.931053  0.93113  0.931091  -0.00209973
0.927413  0.92749  0.927451  -0.00209383
0.923786  0.923863  0.923824  -0.00208797
0.920172  0.920248  0.92021  -0.00208215
0.916571  0.916646  0.916608  -0.00207632
0.912981  0.913057  0.913019  -0.00207054
0.909405  0.90948  0.909442  -0.00206475
0.90584  0.905915  0.905877  -0.002059
0.902288  0.902363  0.902325  -0.00205328
0.898748  0.898823  0.898785  -0.00204753
0.895221  0.895295  0.895258  -0.00204185
0.891706  0.89178  0.891742  -0.00203618
0.888203  0.888276  0.888239  -0.0020305
0.884712  0.884785  0.884748  -0.00202486
0.881233  0.881306  0.881269  -0.00201922
0.877766  0.877839  0.877802  -0.00201361
0.874311  0.874384  0.874347  -0.002008
0.870868  0.87094  0.870904  -0.00200244
0.867437  0.867509  0.867472  -0.0019969
0.864018  0.86409  0.864053  -0.00199137
0.86061  0.860682  0.860646  -0.00198584
0.857214  0.857286  0.85725  -0.00198034
0.85383  0.853902  0.853866  -0.00197485
0.850458  0.850529  0.850493  -0.00196939
0.847097  0.847168  0.847132  -0.00196393
0.843748  0.843819  0.843783  -0.0019585
0.840411  0.840481  0.840446  -0.00195308
0.837085  0.837155  0.837119  -0.00194769
0.83377  0.83384  0.833805  -0.00194231
0.830467  0.830537  0.830501  -0.00193696
0.827175  0.827244  0.827209  -0.00193161
0.823895  0.823964  0.823929  -0.00192626
0.820625  0.820694  0.820659  -0.00192094
0.817367  0.817436  0.817401  -0.00191566
0.814121  0.814189  0.814154  -0.00191039
0.810885  0.810953  0.810919  -0.00190511
0.807661  0.807729  0.807694  -0.00189987
0.804447  0.804515  0.804481  -0.00189463
0.801245  0.801312  0.801278  -0.00188942
0.798054  0.798121  0.798087  -0.00188422
0.794873  0.79494  0.794906  -0.00187905
0.791704  0.79177  0.791737  -0.00187388
0.788545  0.788612  0.788578  -0.00186871
0.785397  0.785464  0.78543  -0.00186358
0.78226  0.782326  0.782293  -0.00185845
0.779134  0.7792  0.779167  -0.00185335
0.776019  0.776084  0.776051  -0.00184826
0.772914  0.772979  0.772946  -0.0018432
0.76982  0.769885  0.769852  -0.00183814
0.766736  0.766801  0.766768  -0.00183312
0.763663  0.763728  0.763695  -0.00182809
0.760601  0.760665  0.760632  -0.00182307
0.757549  0.757613  0.75758  -0.00181808
0.754507  0.754571  0.754539  -0.0018131
0.751476  0.75154  0.751508  -0.00180815
0.748455  0.748519  0.748487  -0.0018032
0.745445  0.745509  0.745476  -0.00179825
0.742445  0.742508  0.742476  -0.00179333
0.739455  0.739518  0.739486  -0.00178842
0.736476  0.736538  0.736507  -0.00178354
0.733506  0.733569  0.733537  -0.00177867
0.730547  0.730609  0.730578  -0.00177379
0.727598  0.72766  0.727629  -0.00176895
0.724659  0.724721  0.724689  -0.00176411
0.72173  0.721792  0.72176  -0.0017593
0.718811  0.718873  0.718841  -0.0017545
0.715902  0.715963  0.715932  -0.00174973
0.713003  0.713064  0.713033  -0.00174492
0.710114  0.710175  0.710144  -0.00174019
0.707235  0.707295  0.707265  -0.00173543
0.704365  0.704426  0.704395  -0.00173069
0.701506  0.701566  0.701535  -0.00172596
0.698656  0.698716  0.698685  -0.00172127
0.695816  0.695876  0.695845  -0.00171657
0.692985  0.693045  0.693015  -0.00171191
0.690165  0.690224  0.690194  -0.00170725
0.687353  0.687413  0.687383  -0.00170259
0.684552  0.684611  0.684581  -0.00169797
0.68176  0.681819  0.681789  -0.00169335
0.678978  0.679036  0.679006  -0.00168873
0.676205  0.676263  0.676233  -0.00168414
0.673441  0.6735  0.67347  -0.00167956
0.670687  0.670745  0.670716  -0.00167497
0.667943  0.668001  0.667971  -0.00167042
0.665207  0.665265  0.665236  -0.00166587
0.662481  0.662539  0.66251  -0.00166136
0.659765  0.659822  0.659793  -0.00165684
0.657057  0.657115  0.657086  -0.00165233
0.654359  0.654416  0.654387  -0.00164782
0.65167  0.651727  0.651698  -0.00164334
0.648991  0.649047  0.649019  -0.0016389
0.64632  0.646377  0.646348  -0.00163442
0.643659  0.643715  0.643686  -0.00162998
0.641006  0.641062  0.641034  -0.00162558
0.638363  0.638419  0.63839  -0.00162114
0.635728  0.635784  0.635756  -0.00161673
0.633103  0.633159  0.63313  -0.00161237
0.630487  0.630542  0.630514  -0.00160796
0.627879  0.627934  0.627906  -0.00160359
0.625281  0.625336  0.625308  -0.00159926
0.622691  0.622746  0.622718  -0.00159493
0.62011  0.620165  0.620137  -0.0015906
0.617538  0.617592  0.617565  -0.00158627
0.614975  0.615029  0.615001  -0.00158197
0.61242  0.612474  0.612447  -0.00157768
0.609874  0.609928  0.609901  -0.00157338
0.607337  0.607391  0.607363  -0.00156913
0.604808  0.604862  0.604835  -0.00156487
0.602289  0.602342  0.602315  -0.00156061
0.599777  0.599831  0.599803  -0.00155639
0.597275  0.597328  0.597301  -0.00155216
0.59478  0.594833  0.594806  -0.00154794
0.592295  0.592347  0.592321  -0.00154376
0.589817  0.58987  0.589843  -0.00153957
0.587349  0.587401  0.587374  -0.00153539
0.584888  0.584941  0.584914  -0.0015312
0.582436  0.582489  0.582462  -0.00152705
0.579993  0.580045  0.580018  -0.0015229
0.577558  0.577609  0.577583  -0.00151879
0.575131  0.575182  0.575156  -0.00151468
0.572712  0.572764  0.572737  -0.00151056
0.570302  0.570353  0.570327  -0.00150645
0.5679  0.567951  0.567925  -0.00150237
0.565506  0.565557  0.565531  -0.0014983
0.56312  0.563171  0.563145  -0.00149422
0.560742  0.560793  0.560767  -0.00149018
0.558373  0.558423  0.558397  -0.00148614
0.556011  0.556062  0.556036  -0.0014821
0.553658  0.553708  0.553682  -0.00147806
0.551313  0.551363  0.551337  -0.00147406
0.548975  0.549025  0.549  -0.00147005
0.546646  0.546696  0.54667  -0.00146605
0.544325  0.544374  0.544349  -0.00146208
0.542011  0.54206  0.542035  -0.00145811
0.539706  0.539755  0.53973  -0.00145415
0.537408  0.537457  0.537432  -0.00145022
0.535118  0.535167  0.535142  -0.00144625
0.532836  0.532885  0.53286  -0.00144235
0.530562  0.530611  0.530586  -0.00143842
0.528296  0.528344  0.528319  -0.00143453
0.526037  0.526085  0.526061  -0.0014306
0.523786  0.523834  0.52381  -0.00142674
0.521543  0.521591  0.521566  -0.00142284
0.519307  0.519355  0.519331  -0.00141899
0.517079  0.517127  0.517103  -0.00141513
0.514859  0.514907  0.514882  -0.00141127
0.512647  0.512694  0.51267  -0.00140745
0.510441  0.510489  0.510465  -0.00140363
0.508244  0.508291  0.508267  -0.00139981
0.506054  0.506101  0.506077  -0.00139598
0.503871  0.503918  0.503894  -0.0013922
0.501696  0.501743  0.501719  -0.00138838
0.499529  0.499575  0.499552  -0.00138463
0.497369  0.497415  0.497391  -0.00138084
0.495216  0.495262  0.495239  -0.00137709
0.493071  0.493117  0.493093  -0.00137334
0.490933  0.490979  0.490955  -0.0013696
0.488802  0.488848  0.488824  -0.00136585
0.486679  0.486724  0.486701  -0.00136213
0.484563  0.484608  0.484585  -0.00135842
0.482454  0.482499  0.482476  -0.00135471
0.480352  0.480398  0.480375  -0.00135103
0.478258  0.478303  0.47828  -0.00134736
0.476171  0.476216  0.476193  -0.00134368
0.474091  0.474136  0.474113  -0.00134
0.472018  0.472063  0.47204  -0.00133633
0.469953  0.469997  0.469974  -0.00133269
0.467894  0.467938  0.467916  -0.00132905
0.465842  0.465887  0.465864  -0.00132541
0.463798  0.463842  0.46382  -0.00132181
0.461761  0.461805  0.461782  -0.00131817
0.45973  0.459774  0.459752  -0.00131456
0.457707  0.457751  0.457728  -0.001311
0.45569  0.455734  0.455712  -0.00130739
0.453681  0.453724  0.453702  -0.00130383
0.451678  0.451722  0.4517  -0.00130026
0.449683  0.449726  0.449704  -0.00129669
0.447694  0.447737  0.447715  -0.00129312
0.445712  0.445755  0.445733  -0.00128959
0.443737  0.44378  0.443758  -0.00128606
0.441769  0.441811  0.44179  -0.00128253
0.439807  0.43985  0.439828  -0.001279
0.437853  0.437895  0.437873  -0.00127551
0.435905  0.435947  0.435925  -0.00127201
0.433964  0.434006  0.433984  -0.00126852
0.432029  0.432071  0.43205  -0.00126503
0.430101  0.430143  0.430122  -0.00126153
0.42818  0.428222  0.428201  -0.00125807
0.426266  0.426307  0.426286  -0.00125462
0.424358  0.424399  0.424378  -0.00125116
0.422457  0.422498  0.422477  -0.00124774
0.420562  0.420603  0.420582  -0.00124428
0.418674  0.418715  0.418694  -0.00124086
0.416792  0.416833  0.416812  -0.00123744
0.414917  0.414958  0.414937  -0.00123402
0.413049  0.41309  0.413069  -0.00123063
0.411187  0.411227  0.411207  -0.00122725
0.409331  0.409372  0.409351  -0.00122382
0.407482  0.407522  0.407502  -0.00122048
0.405639  0.40568  0.405659  -0.00121709
0.403803  0.403843  0.403823  -0.00121374
0.401973  0.402013  0.401993  -0.00121036
0.40015  0.40019  0.400169  -0.00120701
0.398333  0.398372  0.398352  -0.0012037
0.396522  0.396561  0.396541  -0.00120035
0.394717  0.394757  0.394736  -0.00119704
0.392919  0.392958  0.392938  -0.00119369
0.391127  0.391166  0.391146  -0.00119041
0.389341  0.38938  0.38936  -0.0011871
0.387562  0.387601  0.387581  -0.00118379
0.385788  0.385827  0.385807  -0.00118051
0.384021  0.38406  0.38404  -0.00117724
0.38226  0.382299  0.382279  -0.00117396
0.380505  0.380544  0.380524  -0.00117068
0.378757  0.378795  0.378775  -0.00116744
0.377014  0.377052  0.377033  -0.00116417
0.375278  0.375316  0.375296  -0.00116093
0.373547  0.373585  0.373566  -0.00115769
0.371823  0.371861  0.371842  -0.00115449
0.370105  0.370143  0.370123  -0.00115125
0.368393  0.36843  0.368411  -0.00114804
0.366686  0.366724  0.366705  -0.00114484
0.364986  0.365024  0.365004  -0.00114164
0.363292  0.363329  0.36331  -0.00113844
0.361604  0.361641  0.361622  -0.00113527
0.359921  0.359958  0.359939  -0.00113207
0.358245  0.358282  0.358263  -0.0011289
0.356574  0.356611  0.356592  -0.00112573
0.354909  0.354946  0.354927  -0.00112257
0.353251  0.353287  0.353268  -0.00111944
0.351598  0.351634  0.351615  -0.00111627
0.349951  0.349987  0.349968  -0.00111314
0.348309  0.348346  0.348327  -0.00111001
0.346674  0.34671  0.346691  -0.00110688
0.345044  0.34508  0.345061  -0.00110379
0.34342  0.343456  0.343437  -0.00110066
0.341802  0.341837  0.341819  -0.00109756
0.340189  0.340225  0.340206  -0.00109447
0.338582  0.338618  0.338599  -0.00109137
0.336981  0.337017  0.336998  -0.00108828
0.335386  0.335421  0.335403  -0.00108522
0.333796  0.333831  0.333813  -0.00108217
0.332212  0.332247  0.332229  -0.00107907
0.330633  0.330668  0.33065  -0.00107601
0.32906  0.329095  0.329077  -0.00107299
0.327493  0.327528  0.32751  -0.00106994
0.325931  0.325966  0.325948  -0.00106688
0.324375  0.324409  0.324391  -0.00106386
0.322824  0.322858  0.322841  -0.00106084
0.321279  0.321313  0.321295  -0.00105782
0.319739  0.319773  0.319756  -0.00105479
0.318205  0.318239  0.318221  -0.00105181
0.316676  0.31671  0.316693  -0.00104879
0.315153  0.315187  0.315169  -0.0010458
0.313635  0.313669  0.313652  -0.00104282
0.312123  0.312157  0.312139  -0.00103984
0.310616  0.31065  0.310632  -0.00103689
0.309114  0.309148  0.309131  -0.0010339
0.307618  0.307652  0.307634  -0.00103095
0.306127  0.306161  0.306143  -0.00102797
0.304642  0.304675  0.304658  -0.00102502
0.303162  0.303195  0.303178  -0.00102211
0.301687  0.30172  0.301703  -0.00101916
0.300217  0.30025  0.300233  -0.00101621
0.298753  0.298786  0.298769  -0.0010133
0.297294  0.297327  0.29731  -0.00101039
0.29584  0.295873  0.295856  -0.00100748
0.294392  0.294424  0.294407  -0.00100457
0.292948  0.292981  0.292964  -0.00100165
0.29151  0.291543  0.291526  -0.000998779
0.290078  0.29011  0.290093  -0.000995868
0.28865  0.288682  0.288665  -0.000992992
0.287227  0.287259  0.287243  -0.000990117
0.28581  0.285842  0.285825  -0.000987241
0.284398  0.28443  0.284413  -0.000984366
0.282991  0.283022  0.283006  -0.000981527
0.281589  0.28162  0.281604  -0.000978652
0.280192  0.280223  0.280207  -0.000975813
0.2788  0.278831  0.278815  -0.000972974
0.277413  0.277444  0.277428  -0.000970135
0.276031  0.276063  0.276046  -0.000967296
0.274655  0.274686  0.27467  -0.000964457
0.273283  0.273314  0.273298  -0.000961654
0.271916  0.271947  0.271931  -0.000958852
0.270554  0.270585  0.270569  -0.000956013
0.269198  0.269228  0.269212  -0.00095321
0.267846  0.267877  0.267861  -0.000950407
0.266499  0.26653  0.266514  -0.000947641
0.265157  0.265188  0.265172  -0.000944839
0.26382  0.263851  0.263835  -0.000942072
0.262488  0.262518  0.262503  -0.00093927
0.261161  0.261191  0.261175  -0.000936504
0.259838  0.259869  0.259853  -0.000933737
0.258521  0.258551  0.258535  -0.000930971
0.257208  0.257238  0.257223  -0.000928241
0.255901  0.25593  0.255915  -0.000925475
0.254598  0.254627  0.254612  -0.000922745
0.253299  0.253329  0.253314  -0.000920016
0.252006  0.252036  0.25202  -0.000917249
0.250717  0.250747  0.250732  -0.00091452
0.249434  0.249463  0.249448  -0.000911826
0.248154  0.248184  0.248169  -0.000909096
0.24688  0.246909  0.246894  -0.000906367
0.24561  0.24564  0.245624  -0.000903673
0.244346  0.244375  0.244359  -0.00090098
0.243085  0.243114  0.243099  -0.000898286
0.24183  0.241859  0.241844  -0.000895593
0.240579  0.240608  0.240593  -0.0008929
0.239333  0.239361  0.239346  -0.000890206
0.238091  0.23812  0.238105  -0.000887549
0.236854  0.236883  0.236868  -0.000884856
0.235622  0.23565  0.235635  -0.000882199
0.234394  0.234422  0.234408  -0.000879542
0.233171  0.233199  0.233185  -0.000876885
0.231952  0.231981  0.231966  -0.000874228
0.230738  0.230766  0.230752  -0.000871571
0.229529  0.229557  0.229542  -0.00086895
0.228324  0.228352  0.228337  -0.000866293
0.227124  0.227151  0.227137  -0.000863672
0.225928  0.225956  0.225941  -0.000861052
0.224736  0.224764  0.22475  -0.000858431
0.22355  0.223577  0.223563  -0.000855811
0.222367  0.222395  0.22238  -0.00085319
0.221189  0.221217  0.221202  -0.000850606
0.220016  0.220043  0.220029  -0.000847985
0.218847  0.218874  0.21886  -0.000845401
0.217682  0.217709  0.217695  -0.000842817
0.216522  0.216549  0.216535  -0.000840196
0.215366  0.215393  0.215379  -0.000837612
0.214215  0.214242  0.214228  -0.000835064
0.213068  0.213094  0.213081  -0.00083248
0.211925  0.211952  0.211938  -0.000829896
0.210787  0.210813  0.210799  -0.000827348
0.209653  0.209679  0.209665  -0.0008248
0.208523  0.20855  0.208536  -0.000822216
0.207398  0.207424  0.20741  -0.000819668
0.206277  0.206303  0.206289  -0.00081712
0.20516  0.205186  0.205173  -0.000814609
0.204048  0.204074  0.20406  -0.000812061
0.202939  0.202965  0.202952  -0.000809513
0.201836  0.201861  0.201848  -0.000807002
0.200736  0.200762  0.200748  -0.00080449
0.19964  0.199666  0.199653  -0.000801943
0.198549  0.198575  0.198561  -0.000799431
0.197462  0.197488  0.197474  -0.00079692
0.196379  0.196405  0.196391  -0.000794445
0.195301  0.195326  0.195313  -0.000791933
0.194226  0.194252  0.194238  -0.000789422
0.193156  0.193181  0.193168  -0.000786947
0.19209  0.192115  0.192102  -0.000784472
0.191028  0.191053  0.19104  -0.00078196
0.18997  0.189995  0.189982  -0.000779485
0.188916  0.188941  0.188928  -0.00077701
0.187867  0.187891  0.187878  -0.000774535
0.186821  0.186846  0.186833  -0.000772097
0.18578  0.185804  0.185791  -0.000769622
0.184742  0.184767  0.184754  -0.000767183
0.183709  0.183733  0.18372  -0.000764708
0.18268  0.182704  0.182691  -0.000762269
0.181654  0.181679  0.181666  -0.000759831
0.180633  0.180657  0.180645  -0.000757392
0.179616  0.17964  0.179627  -0.000754954
0.178603  0.178627  0.178614  -0.000752515
0.177593  0.177617  0.177605  -0.000750113
0.176588  0.176612  0.1766  -0.000747674
0.175587  0.175611  0.175598  -0.000745272
0.17459  0.174613  0.174601  -0.000742833
0.173596  0.17362  0.173608  -0.000740431
0.172607  0.172631  0.172618  -0.000738029
0.171621  0.171645  0.171633  -0.000735627
0.17064  0.170663  0.170651  -0.000733224
0.169662  0.169686  0.169673  -0.000730859
0.168689  0.168712  0.1687  -0.000728456
0.167719  0.167742  0.16773  -0.000726054
0.166753  0.166776  0.166764  -0.000723688
0.165791  0.165814  0.165801  -0.000721322
0.164832  0.164855  0.164843  -0.000718957
0.163878  0.163901  0.163889  -0.000716591
0.162927  0.16295  0.162938  -0.000714225
0.161981  0.162003  0.161991  -0.000711859
0.161038  0.16106  0.161048  -0.000709493
0.160098  0.160121  0.160109  -0.000707128
0.159163  0.159186  0.159174  -0.000704798
0.158231  0.158254  0.158242  -0.000702469
0.157304  0.157326  0.157314  -0.000700103
0.15638  0.156402  0.15639  -0.000697773
0.155459  0.155481  0.15547  -0.000695444
0.154543  0.154565  0.154553  -0.000693115
0.15363  0.153652  0.15364  -0.000690785
0.152721  0.152743  0.152731  -0.000688492
0.151815  0.151837  0.151826  -0.000686163
0.150914  0.150936  0.150924  -0.000683833
0.150016  0.150037  0.150026  -0.00068154
0.149121  0.149143  0.149132  -0.000679247
0.148231  0.148252  0.148241  -0.000676918
0.147344  0.147365  0.147354  -0.000674625
0.14646  0.146482  0.146471  -0.000672332
0.145581  0.145602  0.145591  -0.000670075
0.144705  0.144726  0.144715  -0.000667782
0.143832  0.143853  0.143842  -0.000665489
0.142963  0.142984  0.142973  -0.000663232
0.142098  0.142119  0.142108  -0.000660939
0.141236  0.141257  0.141246  -0.000658683
0.140378  0.140399  0.140388  -0.00065639
0.139524  0.139545  0.139534  -0.000654133
0.138673  0.138694  0.138683  -0.000651876
0.137826  0.137846  0.137835  -0.00064962
0.136982  0.137002  0.136991  -0.000647399
0.136141  0.136162  0.136151  -0.000645143
0.135305  0.135325  0.135314  -0.000642886
0.134471  0.134492  0.134481  -0.000640666
0.133642  0.133662  0.133651  -0.000638409
0.132815  0.132836  0.132825  -0.000636189
0.131992  0.132013  0.132002  -0.000633969
0.131173  0.131193  0.131183  -0.000631749
0.130357  0.130377  0.130367  -0.000629528
0.129545  0.129565  0.129554  -0.000627308
0.128736  0.128756  0.128745  -0.000625088
0.12793  0.12795  0.12794  -0.000622868
0.127128  0.127148  0.127138  -0.000620647
0.12633  0.126349  0.126339  -0.000618464
0.125534  0.125554  0.125544  -0.00061628
0.124743  0.124762  0.124752  -0.00061406
0.123954  0.123974  0.123963  -0.000611876
0.123169  0.123188  0.123178  -0.000609692
0.122387  0.122407  0.122396  -0.000607508
0.121609  0.121628  0.121618  -0.000605324
0.120834  0.120853  0.120843  -0.00060314
0.120062  0.120082  0.120071  -0.000600956
0.119294  0.119313  0.119303  -0.000598809
0.118529  0.118548  0.118538  -0.000596625
0.117768  0.117786  0.117776  -0.000594478
0.117009  0.117028  0.117018  -0.000592294
0.116254  0.116273  0.116263  -0.000590146
0.115502  0.115521  0.115511  -0.000587999
0.114754  0.114773  0.114763  -0.000585852
0.114009  0.114027  0.114017  -0.000583704
0.113267  0.113285  0.113275  -0.000581557
0.112528  0.112547  0.112537  -0.000579409
0.111793  0.111811  0.111801  -0.000577298
0.111061  0.111079  0.111069  -0.000575151
0.110332  0.11035  0.11034  -0.00057304
0.109606  0.109624  0.109614  -0.000570892
0.108883  0.108901  0.108892  -0.000568781
0.108164  0.108182  0.108172  -0.00056667
0.107448  0.107466  0.107456  -0.000564559
0.106735  0.106753  0.106743  -0.000562448
0.106025  0.106043  0.106034  -0.000560337
0.105319  0.105336  0.105327  -0.000558226
0.104615  0.104633  0.104624  -0.000556115
0.103915  0.103933  0.103923  -0.00055404
0.103218  0.103235  0.103226  -0.000551929
0.102524  0.102541  0.102532  -0.000549855
0.101833  0.101851  0.101841  -0.00054778
0.101145  0.101163  0.101153  -0.000545669
0.100461  0.100478  0.100469  -0.000543594
0.0997793  0.0997964  0.0997873  -0.00054152
0.0991009  0.099118  0.0991088  -0.000539445
0.0984255  0.0984426  0.0984334  -0.00053737
0.0977532  0.0977702  0.0977611  -0.000535296
0.097084  0.097101  0.0970919  -0.000533257
0.0964179  0.0964348  0.0964257  -0.000531183
0.0957548  0.0957716  0.0957626  -0.000529145
0.0950948  0.0951115  0.0951025  -0.00052707
0.0944378  0.0944544  0.0944455  -0.000525032
0.0937838  0.0938004  0.0937915  -0.000522993
0.0931329  0.0931494  0.0931405  -0.000520955
0.0924849  0.0925014  0.0924926  -0.00051888
0.09184  0.0918564  0.0918476  -0.000516842
0.091198  0.0912144  0.0912056  -0.00051484
0.0905591  0.0905753  0.0905666  -0.000512802
0.0899231  0.0899393  0.0899306  -0.000510764
0.0892901  0.0893062  0.0892975  -0.000508762
0.08866  0.0886761  0.0886674  -0.000506724
0.0880329  0.0880489  0.0880403  -0.000504722
0.0874088  0.0874247  0.0874161  -0.000502684
0.0867876  0.0868035  0.0867949  -0.000500682
0.0861693  0.0861851  0.0861766  -0.00049868
0.0855539  0.0855697  0.0855612  -0.000496678
0.0849415  0.0849572  0.0849487  -0.000494676
0.0843319  0.0843476  0.0843392  -0.000492674
0.0837253  0.0837409  0.0837325  -0.000490673
0.0831216  0.0831371  0.0831287  -0.000488671
0.0825207  0.0825361  0.0825278  -0.000486705
0.0819227  0.0819381  0.0819298  -0.000484703
0.0813276  0.0813429  0.0813346  -0.000482738
0.0807353  0.0807506  0.0807423  -0.000480772
0.0801459  0.0801611  0.0801529  -0.000478771
0.0795593  0.0795744  0.0795663  -0.000476805
0.0789756  0.0789907  0.0789825  -0.00047484
0.0783947  0.0784097  0.0784016  -0.000472874
0.0778166  0.0778315  0.0778234  -0.000470909
0.0772413  0.0772562  0.0772481  -0.000468943
0.0766688  0.0766837  0.0766757  -0.000467014
0.0760992  0.0761139  0.076106  -0.000465049
0.0755323  0.075547  0.075539  -0.000463083
0.0749682  0.0749829  0.0749749  -0.000461154
0.0744069  0.0744215  0.0744136  -0.000459189
0.0738483  0.0738628  0.073855  -0.00045726
0.0732925  0.073307  0.0732991  -0.000455331
0.0727395  0.0727539  0.0727461  -0.000453402
0.0721892  0.0722035  0.0721957  -0.000451473
0.0716416  0.0716559  0.0716481  -0.000449544
0.0710968  0.071111  0.0711033  -0.000447614
0.0705547  0.0705688  0.0705611  -0.000445685
0.0700153  0.0700294  0.0700217  -0.000443756
0.0694786  0.0694926  0.069485  -0.000441864
0.0689446  0.0689585  0.0689509  -0.000439935
0.0684133  0.0684272  0.0684196  -0.000438042
0.0678846  0.0678985  0.0678909  -0.000436149
0.0673587  0.0673725  0.067365  -0.00043422
0.0668355  0.0668491  0.0668417  -0.000432328
0.0663148  0.0663285  0.066321  -0.000430435
0.0657969  0.0658105  0.065803  -0.000428542
0.0652816  0.0652951  0.0652877  -0.00042665
0.0647689  0.0647824  0.064775  -0.000424757
0.0642588  0.0642723  0.064265  -0.000422864
0.0637514  0.0637648  0.0637575  -0.000421008
0.0632467  0.06326  0.0632527  -0.000419115
0.0627445  0.0627577  0.0627505  -0.000417259
0.0622449  0.062258  0.0622509  -0.000415366
0.0617479  0.061761  0.0617539  -0.00041351
0.0612535  0.0612666  0.0612595  -0.000411654
0.0607617  0.0607747  0.0607676  -0.000409798
0.0602725  0.0602854  0.0602783  -0.000407941
0.0597858  0.0597987  0.0597916  -0.000406085
0.0593017  0.0593145  0.0593075  -0.000404229
0.0588201  0.0588329  0.0588259  -0.000402373
0.0583411  0.0583539  0.0583469  -0.000400516
0.0578647  0.0578773  0.0578704  -0.00039866
0.0573907  0.0574033  0.0573964  -0.00039684
0.0569193  0.0569318  0.056925  -0.000394984
0.0564505  0.0564629  0.0564561  -0.000393164
0.0559841  0.0559965  0.0559896  -0.000391344
0.0555202  0.0555325  0.0555257  -0.000389524
0.0550588  0.0550711  0.0550643  -0.000387668
0.0545999  0.0546121  0.0546054  -0.000385848
0.0541435  0.0541557  0.0541489  -0.000384028
0.0536896  0.0537017  0.053695  -0.000382245
0.0532381  0.0532501  0.0532435  -0.000380425
0.0527891  0.0528011  0.0527944  -0.000378605
0.0523425  0.0523545  0.0523479  -0.000376785
0.0518984  0.0519103  0.0519038  -0.000375002
0.0514568  0.0514686  0.0514621  -0.000373182
0.0510175  0.0510293  0.0510228  -0.000371398
0.0505807  0.0505924  0.050586  -0.000369615
0.0501464  0.050158  0.0501516  -0.000367832
0.0497144  0.049726  0.0497196  -0.000366012
0.0492848  0.0492964  0.04929  -0.000364228
0.0488577  0.0488691  0.0488628  -0.000362445
0.0484329  0.0484443  0.048438  -0.000360698
0.0480105  0.0480219  0.0480156  -0.000358914
0.0475905  0.0476018  0.0475956  -0.000357131
0.0471729  0.0471841  0.0471779  -0.000355347
0.0467576  0.0467688  0.0467626  -0.0003536
0.0463447  0.0463559  0.0463497  -0.000351817
0.0459342  0.0459452  0.0459391  -0.00035007
0.0455259  0.045537  0.0455309  -0.000348323
0.0451201  0.0451311  0.0451249  -0.000346575
0.0447165  0.0447275  0.0447214  -0.000344828
0.0443153  0.0443262  0.0443201  -0.000343045
0.0439164  0.0439272  0.0439212  -0.000341334
0.0435198  0.0435306  0.0435246  -0.000339587
0.0431255  0.0431362  0.0431303  -0.00033784
0.0427336  0.0427442  0.0427383  -0.000336093
0.0423439  0.0423545  0.0423486  -0.000334382
0.0419565  0.041967  0.0419611  -0.000332635
0.0415713  0.0415818  0.041576  -0.000330925
0.0411885  0.0411989  0.0411931  -0.000329178
0.0408079  0.0408183  0.0408124  -0.000327467
0.0404295  0.0404399  0.0404341  -0.000325756
0.0400535  0.0400637  0.040058  -0.000324046
0.0396796  0.0396898  0.0396841  -0.000322335
0.039308  0.0393182  0.0393125  -0.000320624
0.0389387  0.0389488  0.0389431  -0.000318913
0.0385715  0.0385815  0.0385759  -0.000317203
0.0382066  0.0382166  0.038211  -0.000315529
0.0378439  0.0378538  0.0378482  -0.000313818
0.0374834  0.0374933  0.0374877  -0.000312107
0.0371251  0.0371349  0.0371294  -0.000310433
0.036769  0.0367787  0.0367732  -0.000308759
0.036415  0.0364247  0.0364193  -0.000307048
0.0360633  0.0360729  0.0360675  -0.000305374
0.0357137  0.0357233  0.0357179  -0.000303699
0.0353663  0.0353758  0.0353705  -0.000302025
0.035021  0.0350305  0.0350252  -0.000300351
0.0346779  0.0346874  0.034682  -0.000298677
0.034337  0.0343464  0.0343411  -0.000297039
0.0339982  0.0340075  0.0340022  -0.000295364
0.0336615  0.0336708  0.0336655  -0.000293727
0.033327  0.0333362  0.033331  -0.000292052
0.0329946  0.0330037  0.0329985  -0.000290414
0.0326642  0.0326733  0.0326682  -0.00028874
0.032336  0.0323451  0.0323399  -0.000287102
0.0320099  0.032019  0.0320138  -0.000285464
0.0316859  0.0316949  0.0316898  -0.000283826
0.031364  0.0313729  0.0313678  -0.000282189
0.0310442  0.031053  0.031048  -0.000280551
0.0307264  0.0307353  0.0307302  -0.000278913
0.0304107  0.0304195  0.0304145  -0.000277311
0.0300971  0.0301058  0.0301009  -0.000275673
0.0297855  0.0297942  0.0297893  -0.000274036
0.0294761  0.0294846  0.0294797  -0.000272434
0.0291686  0.0291771  0.0291722  -0.000270833
0.0288632  0.0288717  0.0288668  -0.000269195
0.0285598  0.0285682  0.0285634  -0.000267593
0.0282584  0.0282668  0.028262  -0.000265992
0.0279591  0.0279674  0.0279626  -0.00026439
0.0276617  0.02767  0.0276653  -0.000262789
0.0273664  0.0273746  0.0273699  -0.000261187
0.027073  0.0270813  0.0270765  -0.000259586
0.0267817  0.0267899  0.0267852  -0.000258021
0.0264924  0.0265005  0.0264958  -0.000256419
0.026205  0.0262131  0.0262084  -0.000254854
0.0259196  0.0259276  0.025923  -0.000253253
0.0256362  0.0256441  0.0256396  -0.000251688
0.0253548  0.0253626  0.0253581  -0.000250123
0.0250753  0.0250831  0.0250786  -0.000248557
0.0247977  0.0248055  0.024801  -0.000246992
0.0245221  0.0245299  0.0245254  -0.000245427
0.0242485  0.0242562  0.0242517  -0.000243862
0.0239767  0.0239844  0.02398  -0.000242297
0.0237069  0.0237145  0.0237101  -0.000240732
0.023439  0.0234466  0.0234422  -0.000239203
0.0231731  0.0231806  0.0231762  -0.000237638
0.022909  0.0229165  0.0229121  -0.00023611
0.0226469  0.0226542  0.02265  -0.000234544
0.0223866  0.0223939  0.0223896  -0.000233016
0.0221282  0.0221355  0.0221313  -0.000231487
0.0218717  0.021879  0.0218747  -0.000229958
0.0216171  0.0216243  0.0216201  -0.00022843
0.0213644  0.0213715  0.0213673  -0.000226901
0.0211135  0.0211206  0.0211164  -0.000225372
0.0208644  0.0208715  0.0208674  -0.000223844
0.0206173  0.0206243  0.0206202  -0.000222351
0.020372  0.0203789  0.0203748  -0.000220823
0.0201285  0.0201354  0.0201313  -0.00021933
0.0198868  0.0198937  0.0198897  -0.000217802
0.019647  0.0196538  0.0196498  -0.000216309
0.019409  0.0194158  0.0194118  -0.000214817
0.0191728  0.0191795  0.0191756  -0.000213325
0.0189384  0.0189451  0.0189412  -0.000211833
0.0187058  0.0187125  0.0187086  -0.00021034
0.0184751  0.0184817  0.0184778  -0.000208848
0.0182461  0.0182526  0.0182488  -0.000207356
0.0180189  0.0180254  0.0180215  -0.0002059
0.0177935  0.0177999  0.0177961  -0.000204407
0.0175698  0.0175762  0.0175724  -0.000202952
0.0173479  0.0173543  0.0173505  -0.000201496
0.0171278  0.0171341  0.0171304  -0.000200003
0.0169094  0.0169157  0.016912  -0.000198547
0.0166928  0.016699  0.0166953  -0.000197092
0.0164779  0.0164841  0.0164804  -0.000195636
0.0162648  0.0162709  0.0162673  -0.00019418
0.0160534  0.0160595  0.0160558  -0.000192724
0.0158437  0.0158497  0.0158461  -0.000191304
0.0156357  0.0156417  0.0156381  -0.000189849
0.0154295  0.0154354  0.0154319  -0.000188429
0.0152249  0.0152308  0.0152273  -0.000186973
0.0150221  0.0150279  0.0150244  -0.000185554
0.0148209  0.0148267  0.0148232  -0.000184134
0.0146214  0.0146272  0.0146237  -0.000182715
0.0144236  0.0144294  0.0144259  -0.000181295
0.0142275  0.0142332  0.0142298  -0.000179876
0.0140331  0.0140387  0.0140353  -0.000178456
0.0138403  0.0138459  0.0138425  -0.000177037
0.0136492  0.0136547  0.0136514  -0.000175654
0.0134597  0.0134652  0.0134619  -0.000174234
0.0132719  0.0132773  0.013274  -0.000172851
0.0130857  0.0130911  0.0130878  -0.000171431
0.0129012  0.0129065  0.0129033  -0.000170048
0.0127182  0.0127235  0.0127203  -0.000168665
0.012537  0.0125422  0.012539  -0.000167282
0.0123573  0.0123625  0.0123593  -0.000165899
0.0121792  0.0121843  0.0121812  -0.000164516
0.0120027  0.0120078  0.0120047  -0.000163133
0.0118278  0.0118329  0.0118298  -0.000161786
0.0116545  0.0116596  0.0116565  -0.000160403
0.0114829  0.0114878  0.0114847  -0.000159056
0.0113127  0.0113176  0.0113146  -0.000157673
0.0111442  0.0111491  0.011146  -0.000156327
0.0109772  0.010982  0.010979  -0.00015498
0.0108118  0.0108166  0.0108136  -0.000153633
0.0106479  0.0106527  0.0106497  -0.000152286
0.0104856  0.0104903  0.0104873  -0.00015094
0.0103248  0.0103295  0.0103265  -0.000149593
0.0101656  0.0101702  0.0101673  -0.000148283
0.0100078  0.0100124  0.0100096  -0.000146936
0.00985167  0.00985622  0.00985338  -0.000145626
0.00969698  0.00970149  0.00969869  -0.000144279
0.00954382  0.0095483  0.00954549  -0.000142969
0.00939219  0.00939663  0.00939383  -0.000141658
0.00924205  0.00924642  0.00924365  -0.000140348
0.0090934  0.00909773  0.009095  -0.000139038
0.00894621  0.00895051  0.00894781  -0.000137728
0.00880055  0.00880481  0.00880211  -0.000136454
0.00865634  0.00866056  0.00865787  -0.000135143
0.00851359  0.00851778  0.00851512  -0.000133869
0.00837233  0.00837645  0.00837383  -0.000132559
0.0082325  0.00823661  0.00823399  -0.000131285
0.00809415  0.00809819  0.00809561  -0.000130011
0.00795722  0.00796123  0.00795868  -0.000128737
0.00782175  0.00782572  0.00782317  -0.000127463
0.0076877  0.00769163  0.00768912  -0.00012619
0.00755507  0.00755896  0.00755649  -0.000124916
0.00742389  0.00742775  0.00742524  -0.000123678
0.0072941  0.00729792  0.00729545  -0.000122404
0.00716573  0.00716951  0.00716707  -0.000121167
0.00703877  0.00704248  0.00704008  -0.000119893
0.0069132  0.00691688  0.00691448  -0.000118655
0.00678901  0.00679265  0.00679029  -0.000117418
0.00666621  0.00666981  0.00666745  -0.00011618
0.00654479  0.00654835  0.00654603  -0.000114943
0.00642475  0.00642828  0.00642595  -0.000113742
0.00630606  0.00630955  0.00630726  -0.000112504
0.00618875  0.00619217  0.00618991  -0.000111303
0.00607275  0.00607617  0.00607392  -0.000110066
0.00595814  0.00596152  0.0059593  -0.000108864
0.00584487  0.00584822  0.005846  -0.000107663
0.00573291  0.00573622  0.00573404  -0.000106462
0.0056223  0.00562557  0.00562339  -0.000105261
0.005513  0.00551624  0.00551409  -0.00010406
0.00540504  0.00540821  0.0054061  -0.000102859
0.00529836  0.00530153  0.00529942  -0.000101694
0.00519299  0.00519612  0.00519401  -0.000100493
0.00508893  0.00509202  0.00508995  -9.93283e-05
0.00498618  0.0049892  0.00498716  -9.81636e-05
0.00488467  0.00488769  0.00488565  -9.69989e-05
0.00478447  0.00478741  0.00478541  -9.58342e-05
0.00468554  0.00468845  0.00468649  -9.46695e-05
0.00458785  0.00459076  0.00458879  -9.35048e-05
0.00449147  0.00449431  0.00449234  -9.23764e-05
0.00439629  0.00439913  0.0043972  -9.12117e-05
0.00430238  0.00430515  0.00430326  -9.00834e-05
0.00420972  0.00421245  0.00421059  -8.89551e-05
0.00411829  0.00412098  0.00411912  -8.78268e-05
0.00402809  0.00403075  0.00402889  -8.66985e-05
0.0039391  0.00394172  0.0039399  -8.55701e-05
0.00385135  0.00385393  0.00385211  -8.44418e-05
0.0037648  0.00376734  0.00376556  -8.33135e-05
0.00367944  0.00368195  0.00368017  -8.22216e-05
0.00359529  0.00359777  0.00359602  -8.11297e-05
0.00351231  0.00351478  0.00351303  -8.00014e-05
0.00343052  0.00343296  0.00343125  -7.89094e-05
0.00334994  0.0033523  0.00335063  -7.78175e-05
0.00327048  0.00327285  0.00327117  -7.6762e-05
0.00319223  0.00319452  0.00319288  -7.56701e-05
0.0031151  0.0031174  0.00311576  -7.45781e-05
0.00303914  0.0030414  0.00303976  -7.35226e-05
0.00296434  0.00296653  0.00296493  -7.24671e-05
0.00289064  0.00289282  0.00289126  -7.14116e-05
0.0028181  0.00282025  0.00281868  -7.03561e-05
0.00274669  0.0027488  0.00274727  -6.93005e-05
0.00267641  0.00267844  0.00267695  -6.8245e-05
0.00260721  0.00260922  0.00260772  -6.71895e-05
0.00253911  0.00254112  0.00253962  -6.61704e-05
0.00247211  0.00247411  0.00247262  -6.51512e-05
0.00240623  0.00240816  0.00240674  -6.40957e-05
0.0023414  0.00234333  0.00234188  -6.30766e-05
0.00227767  0.00227957  0.00227815  -6.20939e-05
0.00221503  0.00221685  0.00221547  -6.10747e-05
0.00215345  0.00215523  0.00215389  -6.00556e-05
0.00209288  0.00209467  0.00209332  -5.90729e-05
0.00203341  0.00203516  0.00203381  -5.80538e-05
0.00197499  0.0019767  0.00197536  -5.7071e-05
0.00191756  0.00191927  0.00191796  -5.60883e-05
0.00186121  0.00186285  0.00186158  -5.51056e-05
0.00180585  0.00180746  0.00180622  -5.41592e-05
0.00175151  0.00175311  0.00175188  -5.31765e-05
0.00169819  0.00169976  0.00169852  -5.22302e-05
0.00164589  0.00164742  0.00164622  -5.12839e-05
0.00159457  0.00159606  0.00159486  -5.03011e-05
0.00154423  0.00154569  0.00154452  -4.93912e-05
0.00149488  0.00149633  0.00149517  -4.84449e-05
0.0014465  0.00144792  0.00144676  -4.74985e-05
0.00139911  0.0014005  0.00139937  -4.65886e-05
0.00135267  0.00135402  0.00135289  -4.56423e-05
0.00130717  0.00130848  0.00130739  -4.47323e-05
0.00126262  0.0012639  0.00126284  -4.38224e-05
0.00121902  0.00122026  0.0012192  -4.29125e-05
0.00117633  0.00117756  0.00117651  -4.20389e-05
0.00113458  0.00113578  0.00113476  -4.1129e-05
0.00109378  0.00109494  0.00109392  -4.02555e-05
0.00105385  0.00105498  0.00105399  -3.93819e-05
0.00101483  0.00101592  0.00101494  -3.85084e-05
0.000976686  0.000977778  0.000976832  -3.76348e-05
0.000939452  0.000940507  0.000939561  -3.67977e-05
0.000903091  0.00090411  0.0009032  -3.59242e-05
0.000867603  0.000868623  0.000867713  -3.5087e-05
0.00083299  0.000833972  0.000833062  -3.42499e-05
0.000799213  0.000800159  0.000799286  -3.34128e-05
0.00076631  0.00076722  0.000766382  -3.25756e-05
0.000734244  0.000735117  0.00073428  -3.17749e-05
0.000702978  0.000703852  0.000703015  -3.09377e-05
0.000672586  0.000673424  0.000672623  -3.0137e-05
0.000642959  0.000643796  0.000642995  -2.93363e-05
0.000614205  0.000615006  0.000614205  -2.85355e-05
0.000586216  0.00058698  0.000586216  -2.77712e-05
0.000559027  0.000559755  0.00055899  -2.70068e-05
0.000532602  0.00053333  0.000532602  -2.62061e-05
0.000506979  0.00050767  0.000506942  -2.54417e-05
0.000482119  0.000482811  0.000482083  -2.47138e-05
0.000458024  0.000458679  0.000457988  -2.39494e-05
0.000434657  0.000435312  0.000434621  -2.32215e-05
0.000412054  0.000412673  0.000412018  -2.24936e-05
0.000390179  0.000390798  0.000390143  -2.17656e-05
0.000369069  0.000369615  0.000368996  -2.10377e-05
0.000348614  0.00034916  0.000348541  -2.03097e-05
0.000328923  0.000329432  0.000328814  -1.96182e-05
0.000309887  0.000310397  0.000309814  -1.89266e-05
0.000291579  0.000292052  0.00029147  -1.82351e-05
0.000273926  0.0002744  0.000273817  -1.75799e-05
0.000256965  0.000257402  0.000256856  -1.68884e-05
0.000240659  0.00024106  0.00024055  -1.62332e-05
0.000225008  0.000225409  0.000224863  -1.55781e-05
0.000210013  0.000210377  0.000209867  -1.49593e-05
0.000195636  0.000195963  0.00019549  -1.43042e-05
0.000181878  0.000182205  0.000181732  -1.36854e-05
0.000168738  0.000169066  0.000168592  -1.30666e-05
0.000156217  0.000156509  0.000156072  -1.24843e-05
0.000144279  0.00014457  0.000144133  -1.18655e-05
0.000132923  0.000133214  0.000132777  -1.12832e-05
0.000122149  0.000122404  0.000122004  -1.07008e-05
0.000111958  0.000112177  0.000111776  -1.01549e-05
0.000102313  0.000102531  0.000102131  -9.6089e-06
9.31772e-05  9.33956e-05  9.30316e-05  -9.06294e-06
8.46238e-05  8.48058e-05  8.44418e-05  -8.51698e-06
7.65436e-05  7.67256e-05  7.63616e-05  -8.00741e-06
6.8973e-05  6.91185e-05  6.8791e-05  -7.49785e-06
6.19119e-05  6.20575e-05  6.17299e-05  -6.98829e-06
5.5324e-05  5.54695e-05  5.5142e-05  -6.51512e-06
4.92092e-05  4.93184e-05  4.90272e-05  -6.04196e-06
4.35676e-05  4.36768e-05  4.33856e-05  -5.56879e-06
3.83628e-05  3.8472e-05  3.81808e-05  -5.13202e-06
3.35947e-05  3.36675e-05  3.34128e-05  -4.65886e-06
2.92635e-05  2.92999e-05  2.90815e-05  -4.25849e-06
2.53325e-05  2.53689e-05  2.51506e-05  -3.82172e-06
2.17656e-05  2.1802e-05  2.15836e-05  -3.45775e-06
1.8599e-05  1.86354e-05  1.84171e-05  -3.05738e-06
1.576e-05  1.57964e-05  1.56145e-05  -2.7298e-06
1.3285e-05  1.3285e-05  1.31394e-05  -2.36583e-06
1.11012e-05  1.11376e-05  1.09556e-05  -2.07465e-06
9.20853e-06  9.24492e-06  9.09933e-06  -1.78347e-06
7.60704e-06  7.60704e-06  7.46145e-06  -1.52869e-06
6.22395e-06  6.22395e-06  6.11475e-06  -1.3103e-06
5.05923e-06  5.02283e-06  4.95004e-06  -1.09192e-06
4.0765e-06  4.0401e-06  3.96731e-06  -9.09933e-07
3.23936e-06  3.23936e-06  3.16657e-06  -7.64344e-07
2.58421e-06  2.54781e-06  2.51142e-06  -6.18755e-07
2.03825e-06  2.00185e-06  1.96546e-06  -5.09563e-07
1.56509e-06  1.56509e-06  1.52869e-06  -4.00371e-07
