5e-07  0.475 0.5
1.52  0.008  8.6e-07
0.001338 0.698458  227.402  325.577  100
9.09349e-07  3.43709e-11  1.13983e-16
1174  2358
0.992374  1.00763  0.917304  0.00663559
2.50204  2.57124  2.56767  0.0872775
3.80546  3.88486  3.79251  0.0870536
4.72372  4.81597  4.82177  0.168687
5.83691  5.91627  5.80848  0.138853
6.7367  6.77021  6.79213  0.181895
7.76145  7.79657  7.73333  0.177461
8.62259  8.6187  8.64369  0.181892
9.51395  9.52737  9.49811  0.205029
10.3135  10.3044  10.3153  0.177648
11.0879  11.0837  11.0811  0.216613
11.8127  11.8046  11.8087  0.176531
12.4963  12.4767  12.4882  0.215465
13.1398  13.1364  13.1389  0.178026
13.754  13.7251  13.7392  0.206137
14.3191  14.3173  14.325  0.180056
14.8754  14.8424  14.8526  0.194101
15.3713  15.3679  15.3825  0.180104
15.8739  15.8419  15.8455  0.18236
16.3127  16.3048  16.326  0.176834
16.7627  16.7343  16.7326  0.172659
17.1558  17.1426  17.1674  0.170582
17.5549  17.5307  17.5266  0.165149
17.9114  17.8931  17.9193  0.162493
18.2619  18.2424  18.2381  0.158703
18.5868  18.5659  18.5904  0.153116
18.8931  18.8771  18.8746  0.152457
19.1894  19.1671  19.1893  0.143752
19.4576  19.4433  19.4437  0.145814
19.7264  19.7052  19.7239  0.135278
19.9629  19.9502  19.9524  0.138018
20.2056  20.1851  20.2015  0.127587
20.4146  20.4019  20.4061  0.130135
20.6311  20.6123  20.6269  0.120962
20.8173  20.8048  20.8095  0.121883
21.0093  20.9924  21.0057  0.114978
21.1757  21.1636  21.1681  0.113703
21.3452  21.3296  21.3423  0.109176
21.4937  21.4815  21.4856  0.10603
21.6424  21.6279  21.6402  0.103578
21.7744  21.7627  21.766  0.0990555
21.9048  21.8912  21.9032  0.0979547
22.0212  22.0101  22.0128  0.0927762
22.1355  22.1225  22.1341  0.0923288
22.2371  22.2267  22.2291  0.087116
22.337  22.3247  22.3357  0.086656
22.4249  22.4153  22.4175  0.0818961
22.512  22.5001  22.5105  0.0811714
22.587  22.5782  22.5805  0.077064
22.6625  22.6512  22.6607  0.0759793
22.7259  22.7177  22.7202  0.0724458
22.7905  22.7798  22.7885  0.0710953
22.8433  22.8358  22.8385  0.067929
22.8978  22.8879  22.8958  0.0665219
22.9412  22.9343  22.9371  0.0635098
22.9862  22.977  22.9843  0.0622994
23.0213  23.0148  23.0176  0.059233
23.0574  23.0489  23.0555  0.0583533
23.0848  23.0788  23.0815  0.0551217
23.1126  23.1048  23.111  0.0546527
23.1331  23.1274  23.13  0.0512152
23.1533  23.1461  23.1519  0.0511201
23.1673  23.162  23.1644  0.0475477
23.1806  23.174  23.1794  0.04773
23.1887  23.1837  23.1859  0.0441232
23.1956  23.1894  23.1946  0.0444649
23.1981  23.1934  23.1954  0.0409456
23.1993  23.1936  23.1984  0.0413199
23.1965  23.1922  23.1941  0.0379862
23.1925  23.1872  23.1917  0.0383073
23.1848  23.1808  23.1826  0.0352085
23.176  23.1711  23.1753  0.0354279
23.1639  23.1602  23.1619  0.0325767
23.1506  23.1461  23.1499  0.0326984
23.1343  23.1309  23.1326  0.030068
23.117  23.1128  23.1163  0.0301248
23.0969  23.0938  23.0954  0.0276685
23.0757  23.0719  23.0752  0.0277057
23.0522  23.0494  23.0509  0.025367
23.0275  23.024  23.027  0.025426
23.0008  22.9982  22.9997  0.0231636
22.9728  22.9696  22.9724  0.0232751
22.9433  22.9409  22.9423  0.021065
22.9122  22.9093  22.9119  0.021237
22.88  22.8778  22.8791  0.0190746
22.8462  22.8436  22.846  0.019298
22.8114  22.8094  22.8106  0.017195
22.7751  22.7727  22.775  0.0174473
22.738  22.7362  22.7373  0.0154236
22.6994  22.6972  22.6993  0.0156789
22.6602  22.6585  22.6596  0.0137546
22.6194  22.6175  22.6194  0.0139896
22.5782  22.5767  22.5777  0.0121788
22.5355  22.5338  22.5356  0.0123793
22.4925  22.4912  22.4921  0.0106867
22.448  22.4465  22.4481  0.0108488
22.4033  22.4021  22.403  0.00926908
22.3572  22.3558  22.3573  0.00939761
22.3109  22.3099  22.3107  0.00791817
22.2633  22.2621  22.2635  0.00802374
22.2157  22.2148  22.2155  0.00662903
22.1667  22.1657  22.1669  0.00672391
22.1178  22.117  22.1177  0.00539907
22.0675  22.0666  22.0678  0.00549334
22.0174  22.0168  22.0174  0.00422719
21.966  21.9653  21.9663  0.00432636
21.9149  21.9143  21.9149  0.00311271
21.8624  21.8618  21.8628  0.00321746
21.8103  21.8099  21.8104  0.00205511
21.7569  21.7564  21.7573  0.00216204
21.7039  21.7036  21.704  0.00105299
21.6497  21.6493  21.6501  0.00115645
21.5958  21.5956  21.596  0.000103922
21.5408  21.5406  21.5413  0.000198274
21.4863  21.4861  21.4865  -0.00079512
21.4306  21.4304  21.4311  -0.00071396
21.3754  21.3753  21.3756  -0.00164776
21.3191  21.319  21.3196  -0.00158139
21.2633  21.2633  21.2636  -0.00245764
21.2064  21.2065  21.207  -0.00240506
21.1501  21.1502  21.1504  -0.00322792
21.0928  21.0929  21.0933  -0.00318625
21.036  21.0362  21.0363  -0.00396114
20.9782  20.9784  20.9788  -0.00392668
20.921  20.9213  20.9214  -0.00465917
20.8629  20.8632  20.8635  -0.00462852
20.8053  20.8057  20.8058  -0.00532333
20.7469  20.7473  20.7475  -0.00529415
20.689  20.6894  20.6895  -0.00595463
20.6304  20.6307  20.6309  -0.00592594
20.5722  20.5726  20.5727  -0.00655394
20.5133  20.5137  20.5139  -0.00652608
20.4549  20.4554  20.4554  -0.00712231
20.3958  20.3963  20.3964  -0.00709642
20.3373  20.3378  20.3378  -0.00766097
20.278  20.2786  20.2787  -0.00763847
20.2193  20.2199  20.2199  -0.00817136
20.16  20.1606  20.1606  -0.00815336
20.1012  20.1018  20.1017  -0.0086551
20.0417  20.0424  20.0424  -0.00864207
19.9829  19.9835  19.9834  -0.00911378
19.9234  19.9241  19.9241  -0.00910544
19.8645  19.8652  19.865  -0.00954892
19.805  19.8057  19.8057  -0.0095444
19.746  19.7468  19.7466  -0.00996183
19.6866  19.6873  19.6873  -0.00995993
19.6276  19.6284  19.6282  -0.0103536
19.5682  19.569  19.5689  -0.0103531
19.5093  19.5101  19.5099  -0.0107251
19.4499  19.4508  19.4506  -0.0107251
19.3911  19.3919  19.3917  -0.011077
19.3318  19.3327  19.3325  -0.0110772
19.273  19.2739  19.2737  -0.0114102
19.2139  19.2148  19.2146  -0.0114103
19.1552  19.1561  19.1558  -0.0117252
19.0962  19.0971  19.0969  -0.0117255
19.0376  19.0385  19.0383  -0.0120228
18.9787  18.9797  18.9794  -0.0120237
18.9203  18.9212  18.9209  -0.0123038
18.8616  18.8625  18.8623  -0.0123056
18.8033  18.8042  18.8039  -0.0125689
18.7447  18.7457  18.7455  -0.0125718
18.6866  18.6876  18.6873  -0.0128191
18.6283  18.6293  18.629  -0.0128229
18.5703  18.5713  18.571  -0.0130551
18.5122  18.5132  18.5129  -0.0130595
18.4545  18.4555  18.4551  -0.0132775
18.3965  18.3975  18.3972  -0.0132822
18.339  18.34  18.3397  -0.0134871
18.2813  18.2823  18.282  -0.0134917
18.224  18.225  18.2247  -0.0136844
18.1665  18.1676  18.1672  -0.0136885
18.1094  18.1105  18.1101  -0.0138698
18.0522  18.0533  18.0529  -0.0138732
17.9954  17.9964  17.9961  -0.0140438
17.9384  17.9395  17.9391  -0.0140466
17.8818  17.8829  17.8825  -0.0142069
17.8251  17.8262  17.8259  -0.014209
17.7688  17.7699  17.7695  -0.0143596
17.7124  17.7135  17.7131  -0.0143611
17.6563  17.6574  17.657  -0.0145021
17.6002  17.6013  17.6009  -0.0145032
17.5444  17.5455  17.5451  -0.0146352
17.4885  17.4897  17.4893  -0.0146359
17.433  17.4341  17.4337  -0.0147591
17.3775  17.3786  17.3782  -0.0147594
17.3223  17.3234  17.323  -0.0148743
17.267  17.2681  17.2677  -0.0148741
17.2121  17.2132  17.2128  -0.0149812
17.1571  17.1582  17.1578  -0.0149804
17.1025  17.1036  17.1032  -0.0150802
17.0478  17.049  17.0485  -0.0150787
16.9935  16.9946  16.9942  -0.0151716
16.9392  16.9403  16.9399  -0.0151693
16.8852  16.8863  16.8858  -0.0152558
16.8311  16.8323  16.8318  -0.0152526
16.7774  16.7785  16.7781  -0.0153331
16.7237  16.7249  16.7244  -0.0153289
16.6703  16.6715  16.671  -0.0154036
16.6169  16.6181  16.6176  -0.0153986
16.5639  16.565  16.5645  -0.0154677
16.5108  16.512  16.5115  -0.0154619
16.4581  16.4592  16.4587  -0.0155257
16.4053  16.4065  16.406  -0.0155191
16.3529  16.354  16.3536  -0.0155779
16.3005  16.3016  16.3012  -0.0155706
16.2484  16.2495  16.2491  -0.0156244
16.1963  16.1975  16.197  -0.0156164
16.1445  16.1457  16.1452  -0.0156656
16.0928  16.0939  16.0935  -0.0156568
16.0413  16.0425  16.042  -0.0157018
15.9899  15.9911  15.9906  -0.0156922
15.9388  15.9399  15.9395  -0.015733
15.8878  15.8889  15.8884  -0.0157226
15.837  15.8381  15.8376  -0.0157596
15.7862  15.7874  15.7869  -0.0157484
15.7358  15.7369  15.7364  -0.0157817
15.6854  15.6865  15.686  -0.0157697
15.6352  15.6364  15.6359  -0.0157996
15.5852  15.5863  15.5859  -0.0157868
15.5354  15.5365  15.536  -0.0158133
15.4857  15.4868  15.4863  -0.0157997
15.4362  15.4373  15.4369  -0.0158232
15.3868  15.388  15.3875  -0.0158088
15.3377  15.3388  15.3383  -0.0158293
15.2887  15.2898  15.2893  -0.0158142
15.2399  15.241  15.2405  -0.0158318
15.1912  15.1923  15.1918  -0.015816
15.1427  15.1438  15.1433  -0.0158308
15.0943  15.0954  15.095  -0.0158144
15.0462  15.0473  15.0468  -0.0158267
14.9982  14.9993  14.9988  -0.0158096
14.9504  14.9514  14.951  -0.0158194
14.9027  14.9038  14.9033  -0.0158016
14.8552  14.8563  14.8558  -0.0158091
14.8078  14.8089  14.8085  -0.0157907
14.7607  14.7618  14.7613  -0.015796
14.7137  14.7148  14.7143  -0.0157769
14.6669  14.6679  14.6675  -0.0157802
14.6202  14.6212  14.6208  -0.0157605
14.5737  14.5748  14.5743  -0.0157617
14.5273  14.5284  14.5279  -0.0157414
14.4812  14.4822  14.4818  -0.0157408
14.4351  14.4362  14.4357  -0.0157199
14.3893  14.3904  14.3899  -0.0157176
14.3436  14.3447  14.3442  -0.0156961
14.2981  14.2992  14.2987  -0.015692
14.2527  14.2538  14.2533  -0.01567
14.2076  14.2086  14.2082  -0.0156643
14.1625  14.1636  14.1631  -0.0156417
14.1177  14.1187  14.1183  -0.0156345
14.073  14.074  14.0735  -0.0156115
14.0284  14.0295  14.029  -0.0156028
13.984  13.9851  13.9846  -0.0155793
13.9398  13.9409  13.9404  -0.0155692
13.8958  13.8968  13.8963  -0.0155452
13.8519  13.8529  13.8524  -0.0155339
13.8081  13.8091  13.8087  -0.0155094
13.7645  13.7656  13.7651  -0.0154968
13.7211  13.7221  13.7217  -0.0154719
13.6779  13.6789  13.6784  -0.0154581
13.6347  13.6358  13.6353  -0.0154328
13.5918  13.5928  13.5924  -0.0154179
13.549  13.55  13.5496  -0.0153921
13.5064  13.5074  13.5069  -0.0153763
13.4639  13.4649  13.4644  -0.01535
13.4216  13.4226  13.4221  -0.0153332
13.3794  13.3804  13.38  -0.0153066
13.3374  13.3384  13.3379  -0.0152888
13.2955  13.2965  13.2961  -0.0152619
13.2538  13.2548  13.2544  -0.0152432
13.2123  13.2133  13.2128  -0.0152159
13.1709  13.1719  13.1714  -0.0151963
13.1296  13.1306  13.1302  -0.0151687
13.0885  13.0895  13.0891  -0.0151484
13.0476  13.0486  13.0481  -0.0151205
13.0068  13.0078  13.0073  -0.0150994
12.9662  12.9671  12.9667  -0.0150711
12.9257  12.9266  12.9262  -0.0150493
12.8853  12.8863  12.8859  -0.0150208
12.8451  12.8461  12.8457  -0.0149983
12.8051  12.806  12.8056  -0.0149695
12.7652  12.7662  12.7657  -0.0149464
12.7254  12.7264  12.726  -0.0149174
12.6859  12.6868  12.6864  -0.0148937
12.6464  12.6473  12.6469  -0.0148644
12.6071  12.608  12.6076  -0.0148401
12.5679  12.5689  12.5684  -0.0148106
12.5289  12.5298  12.5294  -0.0147858
12.49  12.491  12.4905  -0.014756
12.4513  12.4522  12.4518  -0.0147307
12.4127  12.4136  12.4132  -0.0147007
12.3743  12.3752  12.3748  -0.014675
12.336  12.3369  12.3365  -0.0146448
12.2978  12.2987  12.2983  -0.0146186
12.2598  12.2607  12.2603  -0.0145883
12.2219  12.2228  12.2224  -0.0145616
12.1842  12.1851  12.1847  -0.0145312
12.1466  12.1475  12.1471  -0.0145041
12.1091  12.11  12.1096  -0.0144735
12.0718  12.0727  12.0723  -0.0144461
12.0346  12.0355  12.0351  -0.0144153
11.9976  11.9985  11.9981  -0.0143876
11.9607  11.9615  11.9611  -0.0143566
11.9239  11.9248  11.9244  -0.0143286
11.8873  11.8881  11.8877  -0.0142975
11.8508  11.8516  11.8512  -0.0142692
11.8144  11.8153  11.8149  -0.014238
11.7782  11.779  11.7786  -0.0142094
11.7421  11.7429  11.7425  -0.0141781
11.7061  11.707  11.7066  -0.0141493
11.6703  11.6711  11.6707  -0.0141179
11.6346  11.6354  11.6351  -0.0140888
11.599  11.5999  11.5995  -0.0140573
11.5636  11.5644  11.5641  -0.014028
11.5283  11.5291  11.5287  -0.0139965
11.4931  11.494  11.4936  -0.0139669
11.4581  11.4589  11.4585  -0.0139353
11.4232  11.424  11.4236  -0.0139056
11.3884  11.3892  11.3888  -0.0138739
11.3537  11.3546  11.3542  -0.0138441
11.3192  11.32  11.3196  -0.0138124
11.2848  11.2856  11.2853  -0.0137823
11.2505  11.2514  11.251  -0.0137506
11.2164  11.2172  11.2168  -0.0137204
11.1824  11.1832  11.1828  -0.0136886
11.1485  11.1493  11.1489  -0.0136583
11.1147  11.1155  11.1151  -0.0136265
11.0811  11.0819  11.0815  -0.0135961
11.0475  11.0483  11.048  -0.0135642
11.0141  11.0149  11.0146  -0.0135337
10.9809  10.9816  10.9813  -0.0135018
10.9477  10.9485  10.9481  -0.0134713
10.9147  10.9155  10.9151  -0.0134394
10.8818  10.8825  10.8822  -0.0134087
10.849  10.8497  10.8494  -0.0133769
10.8163  10.8171  10.8167  -0.0133461
10.7837  10.7845  10.7842  -0.0133142
10.7513  10.7521  10.7517  -0.0132834
10.719  10.7198  10.7194  -0.0132516
10.6868  10.6876  10.6872  -0.0132208
10.6547  10.6555  10.6551  -0.0131889
10.6228  10.6235  10.6232  -0.0131581
10.5909  10.5917  10.5913  -0.0131262
10.5592  10.5599  10.5596  -0.0130953
10.5276  10.5283  10.528  -0.0130636
10.4961  10.4968  10.4965  -0.0130326
10.4647  10.4654  10.4651  -0.0130009
10.4334  10.4342  10.4338  -0.01297
10.4023  10.403  10.4027  -0.0129383
10.3712  10.372  10.3716  -0.0129073
10.3403  10.341  10.3407  -0.0128757
10.3095  10.3102  10.3099  -0.0128447
10.2788  10.2795  10.2792  -0.0128131
10.2482  10.2489  10.2486  -0.0127822
10.2177  10.2184  10.2181  -0.0127507
10.1874  10.1881  10.1877  -0.0127198
10.1571  10.1578  10.1575  -0.0126883
10.1269  10.1276  10.1273  -0.0126574
10.0969  10.0976  10.0973  -0.012626
10.067  10.0677  10.0673  -0.0125951
10.0371  10.0378  10.0375  -0.0125638
10.0074  10.0081  10.0078  -0.012533
9.97781  9.97851  9.97818  -0.0125017
9.94831  9.949  9.94868  -0.0124709
9.91891  9.9196  9.91928  -0.0124397
9.88962  9.89031  9.88999  -0.012409
9.86044  9.86112  9.8608  -0.0123778
9.83136  9.83204  9.83172  -0.0123472
9.80238  9.80306  9.80274  -0.0123161
9.77351  9.77418  9.77387  -0.0122855
9.74474  9.74541  9.7451  -0.0122545
9.71608  9.71675  9.71643  -0.012224
9.68751  9.68818  9.68787  -0.0121931
9.65906  9.65972  9.6594  -0.0121627
9.6307  9.63136  9.63104  -0.0121319
9.60244  9.6031  9.60279  -0.0121015
9.57428  9.57494  9.57463  -0.0120708
9.54623  9.54688  9.54657  -0.0120404
9.51827  9.51892  9.51862  -0.0120098
9.49042  9.49107  9.49076  -0.0119796
9.46266  9.46331  9.463  -0.0119491
9.43501  9.43565  9.43534  -0.0119189
9.40745  9.40809  9.40778  -0.0118885
9.37999  9.38062  9.38032  -0.0118585
9.35263  9.35326  9.35296  -0.0118282
9.32536  9.32599  9.32569  -0.0117982
9.29819  9.29882  9.29852  -0.011768
9.27112  9.27174  9.27145  -0.0117381
9.24414  9.24476  9.24447  -0.0117081
9.21726  9.21788  9.21759  -0.0116783
9.19047  9.19109  9.1908  -0.0116483
9.16378  9.1644  9.16411  -0.0116186
9.13719  9.1378  9.13751  -0.0115888
9.11068  9.11129  9.111  -0.0115592
9.08427  9.08488  9.08459  -0.0115294
9.05796  9.05856  9.05827  -0.0114999
9.03173  9.03234  9.03205  -0.0114703
9.0056  9.0062  9.00592  -0.011441
8.97956  8.98016  8.97987  -0.0114115
8.95361  8.95421  8.95393  -0.0113822
8.92776  8.92835  8.92807  -0.0113528
8.90199  8.90258  8.9023  -0.0113237
8.87631  8.8769  8.87662  -0.0112944
8.85073  8.85131  8.85103  -0.0112654
8.82523  8.82582  8.82554  -0.0112362
8.79982  8.80041  8.80013  -0.0112073
8.77451  8.77508  8.77481  -0.0111783
8.74928  8.74985  8.74958  -0.0111495
8.72413  8.72471  8.72443  -0.0111206
8.69908  8.69965  8.69938  -0.0110919
8.67411  8.67468  8.67441  -0.0110632
8.64923  8.6498  8.64953  -0.0110346
8.62444  8.625  8.62473  -0.011006
8.59973  8.60029  8.60002  -0.0109775
8.57511  8.57567  8.5754  -0.010949
8.55057  8.55113  8.55086  -0.0109207
8.52612  8.52668  8.52641  -0.0108923
8.50175  8.50231  8.50204  -0.0108641
8.47747  8.47802  8.47776  -0.0108359
8.45327  8.45382  8.45356  -0.0108078
8.42916  8.42971  8.42944  -0.0107797
8.40513  8.40567  8.40541  -0.0107518
8.38118  8.38172  8.38146  -0.0107238
8.35731  8.35785  8.35759  -0.010696
8.33353  8.33407  8.33381  -0.0106682
8.30983  8.31036  8.31011  -0.0106405
8.28621  8.28674  8.28649  -0.0106128
8.26267  8.2632  8.26294  -0.0105852
8.23921  8.23974  8.23949  -0.0105577
8.21583  8.21636  8.21611  -0.0105302
8.19253  8.19306  8.19281  -0.0105028
8.16932  8.16984  8.16959  -0.0104755
8.14618  8.1467  8.14645  -0.0104482
8.12312  8.12364  8.12339  -0.0104211
8.10014  8.10065  8.10041  -0.0103939
8.07724  8.07775  8.0775  -0.0103669
8.05441  8.05492  8.05468  -0.0103399
8.03166  8.03218  8.03193  -0.010313
8.009  8.0095  8.00926  -0.0102861
7.9864  7.98691  7.98667  -0.0102593
7.96389  7.96439  7.96415  -0.0102326
7.94145  7.94195  7.94171  -0.010206
7.91909  7.91959  7.91935  -0.0101794
7.8968  7.8973  7.89706  -0.0101529
7.87459  7.87509  7.87485  -0.0101264
7.85245  7.85295  7.85271  -0.0101001
7.83039  7.83088  7.83065  -0.0100738
7.80841  7.8089  7.80866  -0.0100475
7.78649  7.78698  7.78675  -0.0100214
7.76465  7.76514  7.76491  -0.00999527
7.74289  7.74337  7.74314  -0.00996923
7.7212  7.72168  7.72145  -0.00994329
7.69958  7.70006  7.69983  -0.00991738
7.67803  7.67851  7.67828  -0.00989157
7.65656  7.65704  7.65681  -0.0098658
7.63516  7.63563  7.6354  -0.00984014
7.61383  7.6143  7.61407  -0.00981451
7.59257  7.59304  7.59281  -0.00978897
7.57138  7.57185  7.57162  -0.00976348
7.55027  7.55073  7.55051  -0.00973808
7.52922  7.52968  7.52946  -0.00971273
7.50824  7.50871  7.50848  -0.00968748
7.48734  7.4878  7.48758  -0.00966227
7.4665  7.46696  7.46674  -0.00963715
7.44574  7.44619  7.44597  -0.00961208
7.42504  7.42549  7.42527  -0.00958711
7.40441  7.40486  7.40464  -0.00956216
7.38385  7.3843  7.38408  -0.00953733
7.36336  7.36381  7.36359  -0.00951253
7.34293  7.34338  7.34316  -0.00948783
7.32258  7.32302  7.32281  -0.00946317
7.30229  7.30273  7.30252  -0.00943859
7.28207  7.28251  7.28229  -0.00941407
7.26191  7.26235  7.26214  -0.00938964
7.24182  7.24226  7.24205  -0.00936526
7.2218  7.22224  7.22203  -0.00934097
7.20184  7.20228  7.20207  -0.00931673
7.18195  7.18239  7.18218  -0.00929258
7.16213  7.16256  7.16235  -0.00926846
7.14237  7.1428  7.14259  -0.00924445
7.12267  7.1231  7.12289  -0.00922048
7.10304  7.10347  7.10326  -0.00919659
7.08348  7.0839  7.0837  -0.00917276
7.06397  7.0644  7.06419  -0.00914901
7.04454  7.04496  7.04475  -0.00912532
7.02516  7.02558  7.02538  -0.00910171
7.00585  7.00627  7.00607  -0.00907816
6.9866  6.98702  6.98682  -0.00905468
6.96742  6.96783  6.96763  -0.00903125
6.94829  6.94871  6.94851  -0.0090079
6.92923  6.92965  6.92945  -0.00898461
6.91023  6.91065  6.91045  -0.00896141
6.8913  6.89171  6.89151  -0.00893827
6.87242  6.87283  6.87263  -0.00891519
6.85361  6.85401  6.85382  -0.00889218
6.83485  6.83526  6.83506  -0.00886924
6.81616  6.81657  6.81637  -0.00884636
6.79753  6.79793  6.79774  -0.00882354
6.77896  6.77936  6.77916  -0.0088008
6.76045  6.76085  6.76065  -0.00877813
6.74199  6.74239  6.7422  -0.00875551
6.7236  6.724  6.72381  -0.00873297
6.70527  6.70566  6.70547  -0.00871049
6.687  6.68739  6.6872  -0.00868808
6.66878  6.66917  6.66898  -0.00866574
6.65062  6.65101  6.65082  -0.00864346
6.63253  6.63291  6.63272  -0.00862124
6.61448  6.61487  6.61468  -0.00859909
6.5965  6.59689  6.5967  -0.00857702
6.57858  6.57896  6.57877  -0.008555
6.56071  6.56109  6.56091  -0.00853304
6.5429  6.54328  6.54309  -0.00851116
6.52515  6.52553  6.52534  -0.00848933
6.50745  6.50783  6.50764  -0.00846759
6.48981  6.49019  6.49  -0.00844589
6.47222  6.4726  6.47242  -0.00842427
6.4547  6.45507  6.45489  -0.0084027
6.43722  6.4376  6.43741  -0.00838121
6.41981  6.42018  6.42  -0.00835978
6.40245  6.40281  6.40263  -0.00833841
6.38514  6.38551  6.38533  -0.00831709
6.36789  6.36825  6.36808  -0.00829586
6.35069  6.35106  6.35088  -0.00827468
6.33355  6.33391  6.33373  -0.00825357
6.31646  6.31682  6.31665  -0.00823252
6.29943  6.29979  6.29961  -0.00821153
6.28245  6.2828  6.28263  -0.0081906
6.26552  6.26588  6.2657  -0.00816974
6.24864  6.249  6.24883  -0.00814895
6.23182  6.23218  6.23201  -0.00812821
6.21506  6.21541  6.21524  -0.00810754
6.19834  6.19869  6.19852  -0.00808693
6.18168  6.18203  6.18186  -0.00806638
6.16507  6.16542  6.16525  -0.00804589
6.14851  6.14886  6.14869  -0.00802547
6.13201  6.13235  6.13218  -0.00800512
6.11555  6.1159  6.11573  -0.00798482
6.09915  6.09949  6.09932  -0.00796457
6.0828  6.08314  6.08297  -0.0079444
6.0665  6.06684  6.06667  -0.00792427
6.05025  6.05059  6.05042  -0.00790422
6.03405  6.03439  6.03422  -0.00788422
6.0179  6.01824  6.01807  -0.00786429
6.0018  6.00214  6.00197  -0.00784441
5.98575  5.98609  5.98592  -0.00782461
5.96975  5.97009  5.96992  -0.00780485
5.9538  5.95414  5.95397  -0.00778515
5.93791  5.93824  5.93807  -0.00776552
5.92206  5.92239  5.92222  -0.00774596
5.90625  5.90658  5.90642  -0.00772644
5.8905  5.89083  5.89067  -0.00770698
5.8748  5.87513  5.87497  -0.0076876
5.85914  5.85947  5.85931  -0.00766827
5.84354  5.84386  5.8437  -0.00764899
5.82798  5.8283  5.82814  -0.00762976
5.81247  5.81279  5.81263  -0.00761061
5.79701  5.79733  5.79717  -0.00759151
5.78159  5.78191  5.78175  -0.00757247
5.76622  5.76654  5.76638  -0.00755349
5.7509  5.75122  5.75106  -0.00753457
5.73563  5.73594  5.73579  -0.00751569
5.7204  5.72072  5.72056  -0.00749689
5.70522  5.70553  5.70538  -0.00747814
5.69009  5.6904  5.69025  -0.00745944
5.675  5.67531  5.67516  -0.00744079
5.65996  5.66027  5.66012  -0.00742222
5.64496  5.64527  5.64512  -0.0074037
5.63001  5.63032  5.63017  -0.00738523
5.61511  5.61541  5.61526  -0.00736681
5.60025  5.60055  5.6004  -0.00734846
5.58544  5.58574  5.58559  -0.00733017
5.57067  5.57097  5.57082  -0.00731193
5.55594  5.55624  5.5561  -0.00729374
5.54126  5.54156  5.54142  -0.00727561
5.52663  5.52693  5.52678  -0.00725752
5.51204  5.51234  5.51219  -0.00723951
5.49749  5.49779  5.49764  -0.00722155
5.48299  5.48329  5.48314  -0.00720365
5.46853  5.46883  5.46868  -0.00718579
5.45412  5.45441  5.45427  -0.00716799
5.43975  5.44004  5.4399  -0.00715024
5.42542  5.42571  5.42557  -0.00713255
5.41113  5.41142  5.41128  -0.00711492
5.39689  5.39718  5.39704  -0.00709733
5.38269  5.38298  5.38284  -0.00707981
5.36854  5.36883  5.36868  -0.00706235
5.35442  5.35471  5.35457  -0.00704491
5.34035  5.34064  5.3405  -0.00702755
5.32632  5.32661  5.32647  -0.00701024
5.31234  5.31262  5.31248  -0.00699297
5.29839  5.29867  5.29853  -0.00697577
5.28449  5.28477  5.28463  -0.00695862
5.27063  5.27091  5.27077  -0.00694152
5.25681  5.25708  5.25695  -0.00692446
5.24303  5.2433  5.24317  -0.00690747
5.22929  5.22956  5.22943  -0.00689053
5.21559  5.21587  5.21573  -0.00687362
5.20193  5.20221  5.20207  -0.00685679
5.18832  5.18859  5.18846  -0.00684001
5.17474  5.17502  5.17488  -0.00682326
5.16121  5.16148  5.16134  -0.00680657
5.14771  5.14798  5.14785  -0.00678995
5.13426  5.13453  5.13439  -0.00677336
5.12084  5.12111  5.12098  -0.00675682
5.10747  5.10773  5.1076  -0.00674034
5.09413  5.0944  5.09427  -0.00672391
5.08083  5.0811  5.08097  -0.00670752
5.06758  5.06784  5.06771  -0.0066912
5.05436  5.05462  5.05449  -0.00667491
5.04118  5.04144  5.04131  -0.00665869
5.02804  5.0283  5.02817  -0.00664251
5.01494  5.0152  5.01507  -0.00662638
5.00187  5.00213  5.002  -0.00661028
4.98885  4.98911  4.98898  -0.00659426
4.97586  4.97612  4.97599  -0.00657827
4.96291  4.96317  4.96304  -0.00656233
4.95  4.95026  4.95013  -0.00654645
4.93713  4.93739  4.93726  -0.00653062
4.92429  4.92455  4.92442  -0.00651482
4.9115  4.91175  4.91162  -0.00649908
4.89874  4.89899  4.89886  -0.00648339
4.88601  4.88627  4.88614  -0.00646773
4.87333  4.87358  4.87345  -0.00645215
4.86068  4.86093  4.86081  -0.0064366
4.84807  4.84832  4.84819  -0.00642108
4.83549  4.83574  4.83562  -0.00640564
4.82295  4.8232  4.82308  -0.00639023
4.81045  4.8107  4.81057  -0.00637488
4.79798  4.79823  4.79811  -0.00635956
4.78555  4.7858  4.78568  -0.00634429
4.77316  4.7734  4.77328  -0.00632907
4.7608  4.76105  4.76093  -0.00631389
4.74848  4.74872  4.7486  -0.00629876
4.73619  4.73644  4.73632  -0.00628369
4.72394  4.72418  4.72406  -0.00626865
4.71173  4.71197  4.71185  -0.00625366
4.69955  4.69979  4.69967  -0.00623873
4.6874  4.68764  4.68752  -0.00622383
4.67529  4.67553  4.67541  -0.00620897
4.66322  4.66345  4.66334  -0.00619416
4.65117  4.65141  4.65129  -0.0061794
4.63917  4.6394  4.63929  -0.00616469
4.6272  4.62743  4.62732  -0.00615001
4.61526  4.61549  4.61538  -0.00613539
4.60336  4.60359  4.60347  -0.00612081
4.59149  4.59172  4.59161  -0.00610626
4.57965  4.57988  4.57977  -0.00609177
4.56785  4.56808  4.56797  -0.00607732
4.55608  4.55631  4.5562  -0.00606292
4.54435  4.54458  4.54447  -0.00604855
4.53265  4.53288  4.53277  -0.00603423
4.52098  4.52121  4.5211  -0.00601995
4.50935  4.50958  4.50946  -0.00600571
4.49775  4.49798  4.49786  -0.00599154
4.48618  4.48641  4.4863  -0.00597738
4.47465  4.47487  4.47476  -0.00596327
4.46315  4.46337  4.46326  -0.00594922
4.45168  4.4519  4.45179  -0.0059352
4.44024  4.44046  4.44035  -0.00592123
4.42884  4.42906  4.42895  -0.00590728
4.41746  4.41769  4.41758  -0.0058934
4.40613  4.40634  4.40624  -0.00587954
4.39482  4.39504  4.39493  -0.00586573
4.38354  4.38376  4.38365  -0.00585198
4.3723  4.37252  4.37241  -0.00583826
4.36109  4.3613  4.3612  -0.00582457
4.34991  4.35012  4.35002  -0.00581092
4.33876  4.33897  4.33887  -0.00579733
4.32764  4.32785  4.32775  -0.00578376
4.31655  4.31677  4.31666  -0.00577026
4.3055  4.30571  4.30561  -0.00575676
4.29447  4.29469  4.29458  -0.00574332
4.28348  4.28369  4.28359  -0.00572994
4.27252  4.27273  4.27263  -0.00571657
4.26159  4.2618  4.26169  -0.00570325
4.25069  4.2509  4.25079  -0.00568999
4.23982  4.24003  4.23992  -0.00567675
4.22898  4.22919  4.22908  -0.00566355
4.21817  4.21838  4.21827  -0.0056504
4.20739  4.2076  4.20749  -0.00563727
4.19664  4.19685  4.19674  -0.00562421
4.18592  4.18613  4.18602  -0.00561115
4.17523  4.17544  4.17533  -0.00559815
4.16457  4.16478  4.16467  -0.00558519
4.15394  4.15414  4.15404  -0.00557228
4.14334  4.14354  4.14344  -0.00555939
4.13277  4.13297  4.13287  -0.00554655
4.12223  4.12243  4.12233  -0.00553374
4.11172  4.11192  4.11182  -0.00552097
4.10123  4.10143  4.10133  -0.00550825
4.09078  4.09098  4.09088  -0.00549555
4.08035  4.08055  4.08045  -0.00548291
4.06996  4.07016  4.07006  -0.00547028
4.05959  4.05979  4.05969  -0.0054577
4.04925  4.04945  4.04935  -0.00544516
4.03894  4.03914  4.03904  -0.00543265
4.02866  4.02885  4.02876  -0.0054202
4.01841  4.0186  4.0185  -0.00540776
4.00818  4.00837  4.00828  -0.00539536
3.99798  3.99818  3.99808  -0.00538301
3.98782  3.98801  3.98791  -0.0053707
3.97767  3.97787  3.97777  -0.0053584
3.96756  3.96775  3.96766  -0.00534616
3.95748  3.95767  3.95757  -0.00533395
3.94742  3.94761  3.94751  -0.00532178
3.93739  3.93758  3.93748  -0.00530964
3.92739  3.92757  3.92748  -0.00529754
3.91741  3.9176  3.9175  -0.00528548
3.90746  3.90765  3.90756  -0.00527344
3.89754  3.89773  3.89763  -0.00526145
3.88765  3.88783  3.88774  -0.00524949
3.87778  3.87797  3.87787  -0.00523758
3.86794  3.86813  3.86803  -0.00522569
3.85813  3.85831  3.85822  -0.00521383
3.84834  3.84853  3.84843  -0.00520201
3.83858  3.83877  3.83867  -0.00519023
3.82885  3.82903  3.82894  -0.00517848
3.81914  3.81932  3.81923  -0.00516676
3.80946  3.80964  3.80955  -0.00515508
3.79981  3.79999  3.7999  -0.00514344
3.79018  3.79036  3.79027  -0.00513183
3.78058  3.78076  3.78067  -0.00512025
3.771  3.77118  3.77109  -0.00510871
3.76145  3.76163  3.76154  -0.00509721
3.75193  3.75211  3.75202  -0.00508572
3.74243  3.74261  3.74252  -0.00507429
3.73296  3.73314  3.73305  -0.00506287
3.72351  3.72369  3.7236  -0.00505151
3.71409  3.71427  3.71418  -0.00504017
3.7047  3.70487  3.70478  -0.00502885
3.69533  3.6955  3.69541  -0.00501758
3.68598  3.68615  3.68607  -0.00500634
3.67666  3.67683  3.67675  -0.00499513
3.66737  3.66754  3.66745  -0.00498395
3.6581  3.65827  3.65818  -0.00497281
3.64885  3.64902  3.64894  -0.0049617
3.63963  3.6398  3.63972  -0.00495061
3.63044  3.63061  3.63052  -0.00493957
3.62126  3.62143  3.62135  -0.00492856
3.61212  3.61229  3.6122  -0.00491758
3.603  3.60316  3.60308  -0.00490662
3.5939  3.59407  3.59398  -0.0048957
3.58483  3.58499  3.58491  -0.00488481
3.57578  3.57594  3.57586  -0.00487396
3.56675  3.56692  3.56684  -0.00486314
3.55775  3.55792  3.55783  -0.00485234
3.54877  3.54894  3.54886  -0.00484159
3.53982  3.53999  3.5399  -0.00483086
3.53089  3.53106  3.53098  -0.00482015
3.52199  3.52215  3.52207  -0.00480949
3.51311  3.51327  3.51319  -0.00479885
3.50425  3.50441  3.50433  -0.00478824
3.49541  3.49558  3.4955  -0.00477767
3.4866  3.48676  3.48668  -0.00476712
3.47782  3.47798  3.4779  -0.00475661
3.46905  3.46921  3.46913  -0.00474611
3.46031  3.46047  3.46039  -0.00473566
3.45159  3.45175  3.45167  -0.00472523
3.4429  3.44306  3.44298  -0.00471486
3.43423  3.43438  3.43431  -0.00470448
3.42558  3.42574  3.42566  -0.00469415
3.41695  3.41711  3.41703  -0.00468384
3.40835  3.4085  3.40843  -0.00467357
3.39977  3.39992  3.39985  -0.00466332
3.39121  3.39137  3.39129  -0.0046531
3.38267  3.38283  3.38275  -0.00464291
3.37416  3.37432  3.37424  -0.00463276
3.36567  3.36582  3.36575  -0.00462263
3.3572  3.35736  3.35728  -0.00461253
3.34876  3.34891  3.34883  -0.00460246
3.34033  3.34049  3.34041  -0.00459241
3.33193  3.33208  3.33201  -0.0045824
3.32355  3.3237  3.32363  -0.00457241
3.31519  3.31534  3.31527  -0.00456246
3.30686  3.30701  3.30693  -0.00455252
3.29854  3.29869  3.29862  -0.00454263
3.29025  3.2904  3.29033  -0.00453275
3.28198  3.28213  3.28206  -0.00452291
3.27373  3.27388  3.27381  -0.0045131
3.2655  3.26565  3.26558  -0.0045033
3.2573  3.25745  3.25737  -0.00449354
3.24911  3.24926  3.24919  -0.00448381
3.24095  3.2411  3.24102  -0.0044741
3.23281  3.23296  3.23288  -0.00446443
3.22469  3.22483  3.22476  -0.00445477
3.21659  3.21673  3.21666  -0.00444515
3.20851  3.20866  3.20858  -0.00443554
3.20045  3.2006  3.20052  -0.00442598
3.19241  3.19256  3.19249  -0.00441644
3.1844  3.18454  3.18447  -0.00440693
3.1764  3.17655  3.17648  -0.00439744
3.16843  3.16857  3.1685  -0.00438798
3.16048  3.16062  3.16055  -0.00437854
3.15254  3.15269  3.15261  -0.00436912
3.14463  3.14477  3.1447  -0.00435975
3.13674  3.13688  3.13681  -0.00435039
3.12887  3.12901  3.12894  -0.00434107
3.12102  3.12116  3.12109  -0.00433176
3.11318  3.11332  3.11325  -0.00432248
3.10537  3.10551  3.10544  -0.00431322
3.09758  3.09772  3.09765  -0.00430401
3.08981  3.08995  3.08988  -0.00429481
3.08206  3.0822  3.08213  -0.00428562
3.07433  3.07447  3.0744  -0.00427648
3.06662  3.06676  3.06669  -0.00426735
3.05893  3.05907  3.059  -0.00425825
3.05126  3.05139  3.05133  -0.00424918
3.04361  3.04374  3.04367  -0.00424014
3.03597  3.03611  3.03604  -0.00423111
3.02836  3.0285  3.02843  -0.00422211
3.02077  3.0209  3.02084  -0.00421314
3.01319  3.01333  3.01326  -0.0042042
3.00564  3.00578  3.00571  -0.00419527
2.99811  2.99824  2.99817  -0.00418636
2.99059  2.99072  2.99066  -0.0041775
2.98309  2.98323  2.98316  -0.00416865
2.97562  2.97575  2.97568  -0.00415982
2.96816  2.96829  2.96823  -0.00415103
2.96072  2.96085  2.96079  -0.00414225
2.9533  2.95343  2.95337  -0.00413351
2.9459  2.94603  2.94596  -0.00412476
2.93852  2.93865  2.93858  -0.00411608
2.93115  2.93128  2.93122  -0.00410739
2.92381  2.92394  2.92387  -0.00409873
2.91648  2.91661  2.91655  -0.00409009
2.90918  2.9093  2.90924  -0.00408149
2.90189  2.90202  2.90195  -0.00407291
2.89462  2.89474  2.89468  -0.00406434
2.88736  2.88749  2.88743  -0.00405581
2.88013  2.88026  2.88019  -0.0040473
2.87291  2.87304  2.87298  -0.0040388
2.86572  2.86585  2.86578  -0.00403034
2.85854  2.85867  2.8586  -0.0040219
2.85138  2.8515  2.85144  -0.00401347
2.84424  2.84436  2.8443  -0.00400508
2.83711  2.83724  2.83717  -0.00399669
2.83001  2.83013  2.83007  -0.00398834
2.82292  2.82304  2.82298  -0.00398002
2.81585  2.81597  2.81591  -0.00397171
2.80879  2.80892  2.80886  -0.00396343
2.80176  2.80188  2.80182  -0.00395516
2.79474  2.79486  2.7948  -0.00394691
2.78774  2.78786  2.7878  -0.0039387
2.78076  2.78088  2.78082  -0.0039305
2.77379  2.77392  2.77386  -0.00392234
2.76685  2.76697  2.76691  -0.00391418
2.75992  2.76004  2.75998  -0.00390605
2.75301  2.75313  2.75307  -0.00389794
2.74611  2.74623  2.74617  -0.00388987
2.73923  2.73935  2.73929  -0.00388179
2.73237  2.73249  2.73243  -0.00387376
2.72553  2.72565  2.72559  -0.00386573
2.7187  2.71882  2.71876  -0.00385773
2.71189  2.71201  2.71195  -0.00384976
2.7051  2.70522  2.70516  -0.00384181
2.69833  2.69845  2.69839  -0.00383388
2.69157  2.69169  2.69163  -0.00382596
2.68483  2.68495  2.68489  -0.00381807
2.6781  2.67822  2.67816  -0.0038102
2.6714  2.67151  2.67146  -0.00380234
2.66471  2.66482  2.66476  -0.00379451
2.65803  2.65815  2.65809  -0.0037867
2.65137  2.65149  2.65143  -0.00377893
2.64473  2.64485  2.64479  -0.00377115
2.63811  2.63822  2.63817  -0.00376341
2.6315  2.63162  2.63156  -0.00375569
2.62491  2.62502  2.62497  -0.00374799
2.61833  2.61845  2.61839  -0.0037403
2.61178  2.61189  2.61183  -0.00373263
2.60523  2.60535  2.60529  -0.003725
2.59871  2.59882  2.59876  -0.00371736
2.5922  2.59231  2.59225  -0.00370976
2.5857  2.58582  2.58576  -0.00370218
2.57922  2.57934  2.57928  -0.00369462
2.57276  2.57288  2.57282  -0.00368707
2.56632  2.56643  2.56637  -0.00367956
2.55989  2.56  2.55994  -0.00367205
2.55347  2.55358  2.55353  -0.00366458
2.54707  2.54719  2.54713  -0.00365712
2.54069  2.5408  2.54075  -0.00364966
2.53433  2.53444  2.53438  -0.00364224
2.52797  2.52808  2.52803  -0.00363483
2.52164  2.52175  2.52169  -0.00362744
2.51532  2.51543  2.51537  -0.00362009
2.50902  2.50912  2.50907  -0.00361274
2.50273  2.50284  2.50278  -0.00360542
2.49645  2.49656  2.49651  -0.0035981
2.4902  2.4903  2.49025  -0.00359082
2.48395  2.48406  2.48401  -0.00358354
2.47773  2.47783  2.47778  -0.00357629
2.47151  2.47162  2.47157  -0.00356906
2.46532  2.46543  2.46537  -0.00356185
2.45914  2.45924  2.45919  -0.00355466
2.45297  2.45308  2.45302  -0.00354748
2.44682  2.44693  2.44687  -0.00354032
2.44068  2.44079  2.44074  -0.00353318
2.43456  2.43467  2.43462  -0.00352607
2.42846  2.42856  2.42851  -0.00351897
2.42237  2.42247  2.42242  -0.00351188
2.41629  2.41639  2.41634  -0.00350482
2.41023  2.41033  2.41028  -0.00349777
2.40418  2.40429  2.40423  -0.00349075
2.39815  2.39825  2.3982  -0.00348373
2.39213  2.39224  2.39219  -0.00347675
2.38613  2.38623  2.38618  -0.00346977
2.38014  2.38025  2.38019  -0.00346282
2.37417  2.37427  2.37422  -0.00345587
2.36821  2.36831  2.36826  -0.00344896
2.36227  2.36237  2.36232  -0.00344204
2.35634  2.35644  2.35639  -0.00343517
2.35042  2.35052  2.35047  -0.00342831
2.34452  2.34462  2.34457  -0.00342145
2.33864  2.33874  2.33869  -0.00341462
2.33276  2.33286  2.33281  -0.0034078
2.32691  2.32701  2.32696  -0.00340101
2.32106  2.32116  2.32111  -0.00339423
2.31523  2.31533  2.31528  -0.00338746
2.30942  2.30952  2.30947  -0.00338073
2.30362  2.30372  2.30367  -0.00337399
2.29783  2.29793  2.29788  -0.00336729
2.29206  2.29216  2.29211  -0.00336059
2.2863  2.2864  2.28635  -0.00335392
2.28055  2.28065  2.2806  -0.00334725
2.27482  2.27492  2.27487  -0.0033406
2.2691  2.2692  2.26915  -0.00333399
2.2634  2.2635  2.26345  -0.00332738
2.25771  2.25781  2.25776  -0.00332078
2.25203  2.25213  2.25208  -0.0033142
2.24637  2.24647  2.24642  -0.00330764
2.24072  2.24082  2.24077  -0.0033011
2.23509  2.23518  2.23514  -0.00329457
2.22947  2.22956  2.22951  -0.00328806
2.22386  2.22395  2.22391  -0.00328157
2.21826  2.21836  2.21831  -0.0032751
2.21268  2.21278  2.21273  -0.00326864
2.20711  2.20721  2.20716  -0.00326219
2.20156  2.20165  2.20161  -0.00325577
2.19602  2.19611  2.19607  -0.00324935
2.19049  2.19059  2.19054  -0.00324296
2.18498  2.18507  2.18502  -0.00323658
2.17948  2.17957  2.17952  -0.00323021
2.17399  2.17408  2.17403  -0.00322386
2.16851  2.16861  2.16856  -0.00321753
2.16305  2.16314  2.1631  -0.00321121
2.1576  2.1577  2.15765  -0.00320491
2.15217  2.15226  2.15221  -0.00319863
2.14675  2.14684  2.14679  -0.00319235
2.14134  2.14143  2.14138  -0.00318611
2.13594  2.13603  2.13599  -0.00317987
2.13056  2.13065  2.1306  -0.00317364
2.12519  2.12528  2.12523  -0.00316743
2.11983  2.11992  2.11987  -0.00316124
2.11448  2.11457  2.11453  -0.00315506
2.10915  2.10924  2.1092  -0.00314891
2.10383  2.10392  2.10388  -0.00314275
2.09852  2.09861  2.09857  -0.00313663
2.09323  2.09332  2.09327  -0.00313051
2.08795  2.08804  2.08799  -0.0031244
2.08268  2.08277  2.08272  -0.00311832
2.07742  2.07751  2.07747  -0.00311225
2.07218  2.07227  2.07222  -0.0031062
2.06695  2.06704  2.06699  -0.00310015
2.06173  2.06182  2.06177  -0.00309411
2.05652  2.05661  2.05657  -0.00308812
2.05133  2.05142  2.05137  -0.00308212
2.04615  2.04623  2.04619  -0.00307614
2.04098  2.04106  2.04102  -0.00307016
2.03582  2.03591  2.03586  -0.00306421
2.03067  2.03076  2.03072  -0.00305827
2.02554  2.02563  2.02558  -0.00305234
2.02042  2.02051  2.02046  -0.00304643
2.01531  2.0154  2.01535  -0.00304054
2.01022  2.0103  2.01026  -0.00303466
2.00513  2.00522  2.00517  -0.00302879
2.00006  2.00014  2.0001  -0.00302293
1.995  1.99508  1.99504  -0.00301709
1.98995  1.99004  1.98999  -0.00301127
1.98491  1.985  1.98496  -0.00300546
1.97989  1.97997  1.97993  -0.00299966
1.97488  1.97496  1.97492  -0.00299389
1.96988  1.96996  1.96992  -0.00298812
1.96489  1.96497  1.96493  -0.00298235
1.95991  1.95999  1.95995  -0.00297661
1.95495  1.95503  1.95499  -0.00297088
1.94999  1.95007  1.95003  -0.00296518
1.94505  1.94513  1.94509  -0.00295948
1.94012  1.9402  1.94016  -0.00295378
1.9352  1.93528  1.93524  -0.00294812
1.93029  1.93038  1.93033  -0.00294245
1.9254  1.92548  1.92544  -0.00293681
1.92051  1.9206  1.92055  -0.00293118
1.91564  1.91572  1.91568  -0.00292557
1.91078  1.91086  1.91082  -0.00291996
1.90593  1.90601  1.90597  -0.00291436
1.90109  1.90117  1.90113  -0.00290879
1.89627  1.89635  1.89631  -0.00290321
1.89145  1.89153  1.89149  -0.00289767
1.88665  1.88673  1.88669  -0.00289213
1.88185  1.88193  1.88189  -0.00288661
1.87707  1.87715  1.87711  -0.00288108
1.8723  1.87238  1.87234  -0.00287559
1.86754  1.86762  1.86758  -0.00287011
1.86279  1.86287  1.86283  -0.00286462
1.85806  1.85814  1.8581  -0.00285916
1.85333  1.85341  1.85337  -0.00285371
1.84862  1.8487  1.84866  -0.00284828
1.84391  1.84399  1.84395  -0.00284286
1.83922  1.8393  1.83926  -0.00283744
1.83454  1.83462  1.83458  -0.00283206
1.82987  1.82995  1.82991  -0.00282666
1.82521  1.82529  1.82525  -0.00282129
1.82056  1.82064  1.8206  -0.00281593
1.81592  1.816  1.81596  -0.00281058
1.81129  1.81137  1.81133  -0.00280525
1.80668  1.80675  1.80672  -0.00279992
1.80207  1.80215  1.80211  -0.00279463
1.79748  1.79755  1.79752  -0.00278931
1.79289  1.79297  1.79293  -0.00278404
1.78832  1.7884  1.78836  -0.00277876
1.78376  1.78383  1.78379  -0.0027735
1.7792  1.77928  1.77924  -0.00276826
1.77466  1.77474  1.7747  -0.00276302
1.77013  1.77021  1.77017  -0.00275779
1.76561  1.76569  1.76565  -0.00275259
1.7611  1.76118  1.76114  -0.00274738
1.7566  1.75668  1.75664  -0.00274219
1.75211  1.75219  1.75215  -0.00273702
1.74764  1.74771  1.74767  -0.00273185
1.74317  1.74324  1.7432  -0.00272671
1.73871  1.73878  1.73875  -0.00272156
1.73426  1.73434  1.7343  -0.00271644
1.72983  1.7299  1.72986  -0.00271132
1.7254  1.72547  1.72544  -0.00270622
1.72098  1.72106  1.72102  -0.00270112
1.71658  1.71665  1.71661  -0.00269604
1.71218  1.71225  1.71222  -0.00269097
1.7078  1.70787  1.70783  -0.0026859
1.70342  1.70349  1.70346  -0.00268086
1.69905  1.69913  1.69909  -0.00267582
1.6947  1.69477  1.69474  -0.00267081
1.69035  1.69043  1.69039  -0.0026658
1.68602  1.68609  1.68605  -0.00266078
1.68169  1.68177  1.68173  -0.00265581
1.67738  1.67745  1.67741  -0.00265081
1.67307  1.67315  1.67311  -0.00264585
1.66878  1.66885  1.66881  -0.00264089
1.66449  1.66457  1.66453  -0.00263595
1.66022  1.66029  1.66025  -0.00263102
1.65595  1.65602  1.65599  -0.0026261
1.6517  1.65177  1.65173  -0.00262119
1.64745  1.64752  1.64749  -0.00261628
1.64322  1.64329  1.64325  -0.00261139
1.63899  1.63906  1.63903  -0.00260652
1.63478  1.63484  1.63481  -0.00260165
1.63057  1.63064  1.6306  -0.00259679
1.62637  1.62644  1.62641  -0.00259194
1.62218  1.62225  1.62222  -0.0025871
1.61801  1.61808  1.61804  -0.00258228
1.61384  1.61391  1.61387  -0.00257748
1.60968  1.60975  1.60972  -0.00257266
1.60553  1.6056  1.60557  -0.00256787
1.60139  1.60146  1.60143  -0.00256309
1.59726  1.59733  1.5973  -0.00255832
1.59314  1.59321  1.59318  -0.00255356
1.58903  1.5891  1.58907  -0.00254881
1.58493  1.585  1.58497  -0.00254408
1.58084  1.58091  1.58087  -0.00253934
1.57676  1.57683  1.57679  -0.00253463
1.57269  1.57275  1.57272  -0.00252992
1.56862  1.56869  1.56866  -0.00252522
1.56457  1.56464  1.5646  -0.00252054
1.56052  1.56059  1.56056  -0.00251586
1.55649  1.55656  1.55652  -0.00251118
1.55246  1.55253  1.5525  -0.00250654
1.54845  1.54851  1.54848  -0.00250189
1.54444  1.5445  1.54447  -0.00249725
1.54044  1.54051  1.54047  -0.00249262
1.53645  1.53652  1.53648  -0.00248802
1.53247  1.53254  1.5325  -0.00248341
1.5285  1.52857  1.52853  -0.00247882
1.52454  1.5246  1.52457  -0.00247423
1.52059  1.52065  1.52062  -0.00246965
1.51664  1.51671  1.51667  -0.00246508
1.51271  1.51277  1.51274  -0.00246052
1.50878  1.50885  1.50881  -0.00245598
1.50486  1.50493  1.5049  -0.00245145
1.50096  1.50102  1.50099  -0.00244693
1.49706  1.49712  1.49709  -0.00244241
1.49317  1.49323  1.4932  -0.0024379
1.48929  1.48935  1.48932  -0.0024334
1.48542  1.48548  1.48545  -0.00242891
1.48155  1.48162  1.48158  -0.00242443
1.4777  1.47776  1.47773  -0.00241996
1.47385  1.47392  1.47388  -0.00241551
1.47002  1.47008  1.47005  -0.00241106
1.46619  1.46625  1.46622  -0.00240663
1.46237  1.46243  1.4624  -0.00240219
1.45856  1.45862  1.45859  -0.00239778
1.45476  1.45482  1.45479  -0.00239336
1.45096  1.45103  1.451  -0.00238897
1.44718  1.44724  1.44721  -0.00238457
1.4434  1.44347  1.44344  -0.00238019
1.43964  1.4397  1.43967  -0.00237581
1.43588  1.43594  1.43591  -0.00237145
1.43213  1.43219  1.43216  -0.0023671
1.42839  1.42845  1.42842  -0.00236276
1.42466  1.42472  1.42469  -0.00235841
1.42093  1.42099  1.42096  -0.00235409
1.41722  1.41728  1.41725  -0.00234978
1.41351  1.41357  1.41354  -0.00234547
1.40981  1.40987  1.40984  -0.00234116
1.40612  1.40618  1.40615  -0.00233687
1.40244  1.4025  1.40247  -0.00233259
1.39876  1.39882  1.39879  -0.00232832
1.3951  1.39516  1.39513  -0.00232406
1.39144  1.3915  1.39147  -0.0023198
1.38779  1.38785  1.38782  -0.00231555
1.38415  1.38421  1.38418  -0.00231132
1.38052  1.38058  1.38055  -0.00230709
1.3769  1.37696  1.37693  -0.00230286
1.37328  1.37334  1.37331  -0.00229866
1.36967  1.36973  1.3697  -0.00229446
1.36608  1.36613  1.3661  -0.00229027
1.36248  1.36254  1.36251  -0.00228608
1.3589  1.35896  1.35893  -0.00228191
1.35533  1.35539  1.35536  -0.00227775
1.35176  1.35182  1.35179  -0.00227358
1.3482  1.34826  1.34823  -0.00226943
1.34465  1.34471  1.34468  -0.00226529
1.34111  1.34117  1.34114  -0.00226116
1.33758  1.33764  1.33761  -0.00225704
1.33405  1.33411  1.33408  -0.00225293
1.33053  1.33059  1.33056  -0.00224881
1.32702  1.32708  1.32705  -0.00224471
1.32352  1.32358  1.32355  -0.00224063
1.32003  1.32009  1.32006  -0.00223655
1.31654  1.3166  1.31657  -0.00223247
1.31306  1.31312  1.31309  -0.00222841
1.30959  1.30965  1.30962  -0.00222436
1.30613  1.30619  1.30616  -0.0022203
1.30268  1.30273  1.3027  -0.00221627
1.29923  1.29929  1.29926  -0.00221224
1.29579  1.29585  1.29582  -0.00220821
1.29236  1.29242  1.29239  -0.0022042
1.28894  1.28899  1.28896  -0.00220019
1.28552  1.28558  1.28555  -0.00219618
1.28211  1.28217  1.28214  -0.00219221
1.27871  1.27877  1.27874  -0.00218821
1.27532  1.27538  1.27535  -0.00218424
1.27194  1.27199  1.27196  -0.00218028
1.26856  1.26862  1.26859  -0.00217632
1.26519  1.26525  1.26522  -0.00217236
1.26183  1.26188  1.26186  -0.00216842
1.25848  1.25853  1.2585  -0.00216448
1.25513  1.25518  1.25516  -0.00216056
1.25179  1.25184  1.25182  -0.00215664
1.24846  1.24851  1.24849  -0.00215273
1.24514  1.24519  1.24516  -0.00214883
1.24182  1.24187  1.24185  -0.00214494
1.23851  1.23856  1.23854  -0.00214105
1.23521  1.23526  1.23524  -0.00213717
1.23192  1.23197  1.23194  -0.0021333
1.22863  1.22868  1.22866  -0.00212943
1.22535  1.2254  1.22538  -0.00212557
1.22208  1.22213  1.22211  -0.00212172
1.21882  1.21887  1.21884  -0.00211789
1.21556  1.21561  1.21558  -0.00211405
1.21231  1.21236  1.21234  -0.00211022
1.20907  1.20912  1.20909  -0.0021064
1.20583  1.20589  1.20586  -0.0021026
1.20261  1.20266  1.20263  -0.00209878
1.19939  1.19944  1.19941  -0.002095
1.19617  1.19623  1.1962  -0.0020912
1.19297  1.19302  1.19299  -0.00208742
1.18977  1.18982  1.1898  -0.00208366
1.18658  1.18663  1.1866  -0.00207989
1.1834  1.18345  1.18342  -0.00207613
1.18022  1.18027  1.18024  -0.00207238
1.17705  1.1771  1.17708  -0.00206864
1.17389  1.17394  1.17391  -0.00206489
1.17073  1.17078  1.17076  -0.00206116
1.16758  1.16764  1.16761  -0.00205745
1.16444  1.1645  1.16447  -0.00205372
1.16131  1.16136  1.16134  -0.00205003
1.15818  1.15824  1.15821  -0.00204631
1.15506  1.15512  1.15509  -0.00204262
1.15195  1.152  1.15198  -0.00203894
1.14885  1.1489  1.14887  -0.00203527
1.14575  1.1458  1.14577  -0.00203159
1.14266  1.14271  1.14268  -0.00202793
1.13957  1.13962  1.1396  -0.00202427
1.1365  1.13655  1.13652  -0.00202061
1.13343  1.13348  1.13345  -0.00201697
1.13036  1.13041  1.13039  -0.00201333
1.1273  1.12736  1.12733  -0.00200971
1.12426  1.12431  1.12428  -0.00200609
1.12121  1.12126  1.12124  -0.00200246
1.11818  1.11823  1.1182  -0.00199886
1.11515  1.1152  1.11517  -0.00199525
1.11213  1.11217  1.11215  -0.00199166
1.10911  1.10916  1.10913  -0.00198807
1.1061  1.10615  1.10613  -0.00198448
1.1031  1.10315  1.10312  -0.00198091
1.1001  1.10015  1.10013  -0.00197734
1.09712  1.09717  1.09714  -0.00197379
1.09413  1.09418  1.09416  -0.00197024
1.09116  1.09121  1.09118  -0.00196668
1.08819  1.08824  1.08822  -0.00196315
1.08523  1.08528  1.08525  -0.00195961
1.08228  1.08232  1.0823  -0.00195608
1.07933  1.07938  1.07935  -0.00195256
1.07639  1.07643  1.07641  -0.00194904
1.07345  1.0735  1.07348  -0.00194554
1.07052  1.07057  1.07055  -0.00194204
1.0676  1.06765  1.06763  -0.00193854
1.06469  1.06474  1.06471  -0.00193506
1.06178  1.06183  1.0618  -0.00193157
1.05888  1.05893  1.0589  -0.00192809
1.05598  1.05603  1.05601  -0.00192463
1.05309  1.05314  1.05312  -0.00192116
1.05021  1.05026  1.05023  -0.00191771
1.04734  1.04738  1.04736  -0.00191427
1.04447  1.04451  1.04449  -0.00191082
1.0416  1.04165  1.04163  -0.00190739
1.03875  1.0388  1.03877  -0.00190396
1.0359  1.03595  1.03592  -0.00190053
1.03306  1.0331  1.03308  -0.00189712
1.03022  1.03026  1.03024  -0.0018937
1.02739  1.02743  1.02741  -0.00189029
1.02456  1.02461  1.02459  -0.0018869
1.02175  1.02179  1.02177  -0.0018835
1.01893  1.01898  1.01896  -0.00188012
1.01613  1.01618  1.01615  -0.00187675
1.01333  1.01338  1.01335  -0.00187337
1.01054  1.01058  1.01056  -0.00187001
1.00775  1.0078  1.00778  -0.00186663
1.00497  1.00502  1.005  -0.00186329
1.0022  1.00224  1.00222  -0.00185993
0.999432  0.999478  0.999454  -0.00185659
0.996671  0.996717  0.996693  -0.00185326
0.993916  0.993962  0.993939  -0.00184992
0.991168  0.991213  0.99119  -0.0018466
0.988426  0.988471  0.988448  -0.00184329
0.985689  0.985734  0.985712  -0.00183997
0.98296  0.983004  0.982982  -0.00183666
0.980236  0.98028  0.980258  -0.00183337
0.977518  0.977563  0.97754  -0.00183006
0.974807  0.974851  0.974828  -0.00182677
0.972101  0.972146  0.972123  -0.0018235
0.969402  0.969446  0.969424  -0.00182021
0.966709  0.966753  0.96673  -0.00181694
0.964022  0.964066  0.964043  -0.00181369
0.961341  0.961385  0.961362  -0.00181043
0.958666  0.95871  0.958687  -0.00180718
0.955997  0.956041  0.956018  -0.00180392
0.953334  0.953378  0.953355  -0.00180069
0.950677  0.950721  0.950698  -0.00179745
0.948026  0.94807  0.948048  -0.00179421
0.945381  0.945425  0.945403  -0.001791
0.942742  0.942786  0.942764  -0.00178778
0.940109  0.940153  0.940131  -0.00178456
0.937482  0.937526  0.937504  -0.00178136
0.934861  0.934904  0.934882  -0.00177815
0.932246  0.932289  0.932267  -0.00177495
0.929637  0.92968  0.929658  -0.00177177
0.927034  0.927076  0.927055  -0.00176859
0.924436  0.924479  0.924457  -0.0017654
0.921845  0.921887  0.921865  -0.00176222
0.919259  0.919301  0.91928  -0.00175905
0.916679  0.916721  0.9167  -0.00175589
0.914105  0.914147  0.914126  -0.00175274
0.911537  0.911579  0.911557  -0.00174959
0.908974  0.909017  0.908995  -0.00174644
0.906418  0.90646  0.906438  -0.00174329
0.903867  0.903909  0.903887  -0.00174016
0.901322  0.901364  0.901342  -0.00173703
0.898782  0.898824  0.898803  -0.00173392
0.896249  0.896291  0.896269  -0.00173078
0.893721  0.893763  0.893742  -0.00172767
0.891199  0.891241  0.891219  -0.00172458
0.888683  0.888724  0.888703  -0.00172146
0.886172  0.886213  0.886192  -0.00171837
0.883667  0.883708  0.883687  -0.00171527
0.881167  0.881209  0.881188  -0.00171219
0.878674  0.878715  0.878694  -0.00170911
0.876186  0.876227  0.876206  -0.00170604
0.873703  0.873744  0.873723  -0.00170296
0.871227  0.871267  0.871247  -0.0016999
0.868755  0.868796  0.868775  -0.00169684
0.86629  0.86633  0.86631  -0.00169379
0.86383  0.86387  0.86385  -0.00169073
0.861375  0.861416  0.861395  -0.00168769
0.858926  0.858967  0.858946  -0.00168465
0.856483  0.856523  0.856503  -0.00168162
0.854045  0.854086  0.854065  -0.0016786
0.851613  0.851653  0.851633  -0.00167557
0.849186  0.849226  0.849206  -0.00167254
0.846765  0.846805  0.846785  -0.00166954
0.844349  0.844389  0.844369  -0.00166653
0.841939  0.841979  0.841958  -0.00166352
0.839534  0.839574  0.839554  -0.00166053
0.837135  0.837175  0.837154  -0.00165752
0.834741  0.83478  0.83476  -0.00165455
0.832352  0.832392  0.832372  -0.00165156
0.829969  0.830009  0.829989  -0.00164859
0.827592  0.827631  0.827611  -0.00164561
0.825219  0.825259  0.825239  -0.00164264
0.822852  0.822892  0.822872  -0.00163967
0.820491  0.82053  0.82051  -0.00163671
0.818135  0.818174  0.818154  -0.00163376
0.815784  0.815823  0.815803  -0.00163082
0.813439  0.813477  0.813458  -0.00162787
0.811098  0.811137  0.811117  -0.00162493
0.808764  0.808802  0.808783  -0.00162201
0.806434  0.806473  0.806453  -0.00161907
0.80411  0.804148  0.804129  -0.00161615
0.801791  0.801829  0.80181  -0.00161323
0.799477  0.799516  0.799496  -0.00161031
0.797169  0.797207  0.797188  -0.00160741
0.794866  0.794904  0.794884  -0.00160451
0.792568  0.792606  0.792586  -0.0016016
0.790275  0.790313  0.790294  -0.0015987
0.787988  0.788026  0.788006  -0.00159582
0.785705  0.785743  0.785724  -0.00159293
0.783428  0.783466  0.783447  -0.00159005
0.781156  0.781194  0.781175  -0.00158718
0.77889  0.778927  0.778908  -0.0015843
0.776628  0.776666  0.776647  -0.00158143
0.774372  0.774409  0.77439  -0.00157858
0.77212  0.772158  0.772139  -0.00157571
0.769874  0.769912  0.769893  -0.00157286
0.767633  0.767671  0.767652  -0.00157001
0.765397  0.765435  0.765416  -0.00156718
0.763167  0.763204  0.763185  -0.00156433
0.760941  0.760978  0.760959  -0.0015615
0.75872  0.758757  0.758738  -0.00155867
0.756505  0.756541  0.756523  -0.00155585
0.754294  0.754331  0.754312  -0.00155302
0.752089  0.752125  0.752106  -0.00155021
0.749888  0.749925  0.749906  -0.00154739
0.747693  0.747729  0.74771  -0.00154459
0.745502  0.745539  0.74552  -0.00154178
0.743317  0.743353  0.743335  -0.00153898
0.741136  0.741173  0.741154  -0.00153619
0.738961  0.738997  0.738979  -0.00153341
0.73679  0.736827  0.736808  -0.00153063
0.734625  0.734661  0.734642  -0.00152785
0.732464  0.7325  0.732482  -0.00152507
0.730309  0.730345  0.730326  -0.00152229
0.728158  0.728194  0.728175  -0.00151953
0.726012  0.726048  0.72603  -0.00151677
0.723871  0.723907  0.723889  -0.00151401
0.721735  0.721771  0.721753  -0.00151124
0.719604  0.71964  0.719622  -0.0015085
0.717478  0.717513  0.717495  -0.00150576
0.715357  0.715392  0.715374  -0.00150301
0.71324  0.713276  0.713257  -0.00150029
0.711128  0.711164  0.711146  -0.00149754
0.709022  0.709057  0.709039  -0.00149481
0.70692  0.706955  0.706937  -0.00149209
0.704823  0.704858  0.70484  -0.00148938
0.70273  0.702765  0.702747  -0.00148665
0.700643  0.700678  0.70066  -0.00148394
0.69856  0.698595  0.698577  -0.00148124
0.696482  0.696517  0.696499  -0.00147854
0.694409  0.694443  0.694426  -0.00147584
0.69234  0.692375  0.692357  -0.00147314
0.690277  0.690311  0.690293  -0.00147045
0.688218  0.688252  0.688234  -0.00146778
0.686163  0.686198  0.68618  -0.00146509
0.684114  0.684148  0.684131  -0.00146241
0.682069  0.682103  0.682086  -0.00145974
0.680029  0.680063  0.680046  -0.00145707
0.677993  0.678028  0.67801  -0.00145441
0.675963  0.675997  0.675979  -0.00145174
0.673937  0.673971  0.673953  -0.00144908
0.671915  0.671949  0.671932  -0.00144644
0.669898  0.669932  0.669915  -0.00144379
0.667886  0.66792  0.667903  -0.00144115
0.665879  0.665913  0.665895  -0.00143851
0.663876  0.66391  0.663892  -0.00143587
0.661878  0.661911  0.661894  -0.00143323
0.659884  0.659918  0.659901  -0.00143061
0.657895  0.657929  0.657911  -0.00142797
0.655911  0.655944  0.655927  -0.00142535
0.653931  0.653964  0.653947  -0.00142275
0.651956  0.651989  0.651972  -0.00142013
0.649985  0.650018  0.650001  -0.00141752
0.648019  0.648052  0.648035  -0.00141492
0.646057  0.64609  0.646073  -0.00141232
0.6441  0.644133  0.644116  -0.00140971
0.642147  0.64218  0.642163  -0.00140713
0.640199  0.640232  0.640215  -0.00140454
0.638256  0.638288  0.638272  -0.00140196
0.636317  0.636349  0.636332  -0.00139937
0.634382  0.634415  0.634398  -0.00139679
0.632452  0.632484  0.632468  -0.00139422
0.630526  0.630559  0.630542  -0.00139165
0.628605  0.628637  0.628621  -0.00138908
0.626688  0.626721  0.626704  -0.00138651
0.624776  0.624808  0.624792  -0.00138396
0.622868  0.6229  0.622884  -0.00138141
0.620965  0.620997  0.62098  -0.00137886
0.619066  0.619098  0.619081  -0.00137631
0.617171  0.617203  0.617187  -0.00137376
0.615281  0.615313  0.615296  -0.00137123
0.613395  0.613427  0.61341  -0.00136869
0.611513  0.611545  0.611529  -0.00136616
0.609636  0.609668  0.609652  -0.00136363
0.607764  0.607795  0.607779  -0.00136111
0.605895  0.605927  0.605911  -0.00135858
0.604031  0.604063  0.604047  -0.00135607
0.602172  0.602203  0.602187  -0.00135355
0.600316  0.600348  0.600331  -0.00135105
0.598465  0.598497  0.59848  -0.00134854
0.596618  0.59665  0.596634  -0.00134604
0.594776  0.594807  0.594791  -0.00134354
0.592938  0.592969  0.592953  -0.00134104
0.591104  0.591135  0.591119  -0.00133855
0.589274  0.589305  0.589289  -0.00133607
0.587449  0.58748  0.587464  -0.00133359
0.585628  0.585659  0.585643  -0.0013311
0.583811  0.583842  0.583826  -0.00132862
0.581999  0.582029  0.582014  -0.00132614
0.58019  0.580221  0.580205  -0.00132368
0.578386  0.578417  0.578401  -0.00132122
0.576586  0.576617  0.576601  -0.00131876
0.574791  0.574821  0.574805  -0.00131629
0.572999  0.57303  0.573014  -0.00131383
0.571212  0.571242  0.571227  -0.00131139
0.569429  0.569459  0.569443  -0.00130894
0.56765  0.56768  0.567664  -0.0013065
0.565875  0.565905  0.56589  -0.00130405
0.564104  0.564135  0.564119  -0.00130161
0.562338  0.562368  0.562353  -0.00129918
0.560576  0.560606  0.56059  -0.00129675
0.558817  0.558847  0.558832  -0.00129432
0.557063  0.557093  0.557078  -0.0012919
0.555313  0.555343  0.555328  -0.00128947
0.553568  0.553597  0.553582  -0.00128706
0.551826  0.551856  0.55184  -0.00128463
0.550088  0.550118  0.550103  -0.00128222
0.548355  0.548384  0.548369  -0.00127983
0.546625  0.546655  0.546639  -0.00127742
0.5449  0.544929  0.544914  -0.00127501
0.543178  0.543208  0.543193  -0.00127262
0.541461  0.54149  0.541475  -0.00127023
0.539748  0.539777  0.539762  -0.00126783
0.538039  0.538068  0.538053  -0.00126544
0.536334  0.536363  0.536348  -0.00126307
0.534632  0.534661  0.534646  -0.00126069
0.532935  0.532964  0.532949  -0.0012583
0.531242  0.531271  0.531256  -0.00125594
0.529553  0.529582  0.529567  -0.00125357
0.527868  0.527897  0.527882  -0.00125119
0.526187  0.526215  0.526201  -0.00124884
0.524509  0.524538  0.524523  -0.00124648
0.522836  0.522865  0.52285  -0.00124412
0.521167  0.521196  0.521181  -0.00124177
0.519502  0.51953  0.519515  -0.00123941
0.51784  0.517869  0.517854  -0.00123707
0.516183  0.516211  0.516197  -0.00123471
0.514529  0.514558  0.514543  -0.00123237
0.51288  0.512908  0.512893  -0.00123003
0.511234  0.511262  0.511248  -0.00122771
0.509592  0.509621  0.509606  -0.00122537
0.507954  0.507983  0.507968  -0.00122305
0.50632  0.506349  0.506334  -0.00122073
0.50469  0.504718  0.504704  -0.00121841
0.503064  0.503092  0.503078  -0.00121608
0.501442  0.50147  0.501455  -0.00121376
0.499823  0.499851  0.499837  -0.00121146
0.498209  0.498237  0.498222  -0.00120915
0.496598  0.496626  0.496611  -0.00120683
0.494991  0.495019  0.495004  -0.00120453
0.493388  0.493416  0.493401  -0.00120224
0.491789  0.491816  0.491802  -0.00119994
0.490193  0.490221  0.490206  -0.00119765
0.488601  0.488629  0.488615  -0.00119536
0.487014  0.487041  0.487027  -0.00119308
0.48543  0.485457  0.485443  -0.00119079
0.483849  0.483877  0.483862  -0.0011885
0.482273  0.4823  0.482286  -0.00118622
0.4807  0.480727  0.480713  -0.00118395
0.479131  0.479158  0.479144  -0.00118168
0.477566  0.477593  0.477579  -0.00117941
0.476004  0.476031  0.476017  -0.00117714
0.474447  0.474474  0.47446  -0.00117489
0.472893  0.47292  0.472906  -0.00117262
0.471342  0.471369  0.471355  -0.00117037
0.469796  0.469823  0.469809  -0.00116812
0.468253  0.46828  0.468266  -0.00116586
0.466714  0.466741  0.466727  -0.00116361
0.465179  0.465205  0.465192  -0.00116136
0.463647  0.463674  0.46366  -0.00115913
0.462119  0.462145  0.462132  -0.00115688
0.460595  0.460621  0.460607  -0.00115464
0.459074  0.4591  0.459087  -0.00115241
0.457557  0.457583  0.45757  -0.00115019
0.456044  0.45607  0.456056  -0.00114796
0.454534  0.45456  0.454547  -0.00114574
0.453028  0.453054  0.45304  -0.00114351
0.451525  0.451552  0.451538  -0.00114129
0.450027  0.450053  0.450039  -0.00113907
0.448532  0.448558  0.448544  -0.00113686
0.44704  0.447066  0.447053  -0.00113466
0.445552  0.445578  0.445565  -0.00113244
0.444068  0.444094  0.44408  -0.00113024
0.442587  0.442613  0.442599  -0.00112805
0.44111  0.441136  0.441122  -0.00112585
0.439636  0.439662  0.439649  -0.00112365
0.438166  0.438192  0.438179  -0.00112147
0.4367  0.436726  0.436712  -0.00111927
0.435237  0.435263  0.435249  -0.00111709
0.433778  0.433803  0.43379  -0.00111491
0.432322  0.432348  0.432334  -0.00111273
0.43087  0.430895  0.430882  -0.00111054
0.429421  0.429447  0.429433  -0.00110836
0.427976  0.428001  0.427988  -0.0011062
0.426535  0.42656  0.426547  -0.00110402
0.425096  0.425122  0.425109  -0.00110185
0.423662  0.423687  0.423674  -0.00109969
0.422231  0.422256  0.422243  -0.00109753
0.420803  0.420828  0.420815  -0.00109536
0.419379  0.419404  0.419391  -0.00109322
0.417959  0.417983  0.41797  -0.00109105
0.416541  0.416566  0.416553  -0.00108891
0.415128  0.415153  0.41514  -0.00108676
0.413718  0.413742  0.413729  -0.00108462
0.412311  0.412335  0.412323  -0.00108247
0.410907  0.410932  0.410919  -0.00108034
0.409508  0.409532  0.409519  -0.0010782
0.408111  0.408136  0.408123  -0.00107607
0.406718  0.406743  0.40673  -0.00107394
0.405329  0.405353  0.40534  -0.00107181
0.403943  0.403967  0.403954  -0.00106968
0.40256  0.402584  0.402572  -0.00106755
0.401181  0.401205  0.401192  -0.00106543
0.399805  0.399829  0.399816  -0.00106331
0.398432  0.398456  0.398444  -0.0010612
0.397063  0.397087  0.397074  -0.00105909
0.395697  0.395721  0.395709  -0.00105698
0.394335  0.394359  0.394346  -0.00105487
0.392976  0.393  0.392987  -0.00105276
0.39162  0.391644  0.391632  -0.00105067
0.390268  0.390292  0.390279  -0.00104856
0.388919  0.388943  0.38893  -0.00104646
0.387573  0.387597  0.387585  -0.00104437
0.386231  0.386255  0.386242  -0.00104228
0.384892  0.384916  0.384903  -0.00104018
0.383556  0.38358  0.383568  -0.00103811
0.382224  0.382248  0.382235  -0.00103602
0.380895  0.380919  0.380906  -0.00103394
0.379569  0.379593  0.379581  -0.00103186
0.378247  0.37827  0.378258  -0.00102979
0.376928  0.376951  0.376939  -0.00102771
0.375612  0.375635  0.375623  -0.00102564
0.374299  0.374323  0.374311  -0.00102358
0.37299  0.373013  0.373001  -0.0010215
0.371684  0.371707  0.371695  -0.00101945
0.370381  0.370405  0.370393  -0.00101739
0.369082  0.369105  0.369093  -0.00101533
0.367786  0.367809  0.367797  -0.00101327
0.366493  0.366516  0.366504  -0.00101121
0.365203  0.365226  0.365214  -0.00100916
0.363917  0.363939  0.363928  -0.00100711
0.362633  0.362656  0.362644  -0.00100507
0.361353  0.361376  0.361364  -0.00100303
0.360076  0.360099  0.360087  -0.00100099
0.358803  0.358825  0.358814  -0.000998953
0.357532  0.357555  0.357543  -0.000996913
0.356265  0.356288  0.356276  -0.000994872
0.355001  0.355024  0.355012  -0.000992849
0.35374  0.353763  0.353751  -0.000990827
0.352482  0.352505  0.352493  -0.000988786
0.351228  0.35125  0.351239  -0.000986763
0.349977  0.349999  0.349987  -0.00098474
0.348728  0.348751  0.348739  -0.000982735
0.347483  0.347506  0.347494  -0.000980712
0.346241  0.346264  0.346252  -0.000978707
0.345003  0.345025  0.345013  -0.000976684
0.343767  0.343789  0.343778  -0.000974679
0.342535  0.342557  0.342545  -0.000972674
0.341305  0.341327  0.341316  -0.000970668
0.340079  0.340101  0.34009  -0.000968663
0.338856  0.338878  0.338866  -0.000966675
0.337636  0.337658  0.337646  -0.00096467
0.336419  0.336441  0.336429  -0.000962683
0.335205  0.335227  0.335216  -0.000960677
0.333995  0.334016  0.334005  -0.00095869
0.332787  0.332809  0.332797  -0.000956702
0.331582  0.331604  0.331593  -0.000954732
0.330381  0.330403  0.330391  -0.000952744
0.329183  0.329204  0.329193  -0.000950757
0.327987  0.328009  0.327997  -0.000948786
0.326795  0.326816  0.326805  -0.000946799
0.325606  0.325627  0.325616  -0.000944829
0.32442  0.324441  0.32443  -0.000942859
0.323236  0.323258  0.323247  -0.000940889
0.322056  0.322078  0.322066  -0.000938936
0.320879  0.3209  0.320889  -0.000936966
0.319705  0.319726  0.319715  -0.000934996
0.318534  0.318555  0.318544  -0.000933043
0.317366  0.317387  0.317376  -0.000931091
0.316201  0.316222  0.316211  -0.000929138
0.315039  0.31506  0.315049  -0.000927186
0.31388  0.313901  0.31389  -0.000925233
0.312724  0.312745  0.312734  -0.000923281
0.311571  0.311592  0.311581  -0.000921328
0.310421  0.310442  0.310431  -0.000919394
0.309274  0.309295  0.309284  -0.000917459
0.30813  0.308151  0.30814  -0.000915506
0.306989  0.30701  0.306999  -0.000913571
0.305851  0.305871  0.305861  -0.000911636
0.304715  0.304736  0.304725  -0.000909719
0.303583  0.303604  0.303593  -0.000907784
0.302454  0.302474  0.302464  -0.000905849
0.301328  0.301348  0.301337  -0.000903932
0.300204  0.300224  0.300214  -0.000902015
0.299084  0.299104  0.299093  -0.00090008
0.297966  0.297986  0.297976  -0.000898162
0.296851  0.296871  0.296861  -0.000896245
0.295739  0.29576  0.295749  -0.000894345
0.294631  0.294651  0.29464  -0.000892428
0.293525  0.293545  0.293534  -0.000890511
0.292422  0.292442  0.292431  -0.000888611
0.291321  0.291341  0.291331  -0.000886711
0.290224  0.290244  0.290234  -0.000884794
0.28913  0.28915  0.289139  -0.000882894
0.288038  0.288058  0.288048  -0.000880995
0.286949  0.286969  0.286959  -0.000879112
0.285864  0.285883  0.285873  -0.000877213
0.284781  0.2848  0.28479  -0.000875313
0.283701  0.28372  0.28371  -0.000873431
0.282623  0.282643  0.282633  -0.000871549
0.281549  0.281569  0.281558  -0.000869649
0.280477  0.280497  0.280487  -0.000867767
0.279409  0.279428  0.279418  -0.000865885
0.278343  0.278362  0.278352  -0.00086402
0.27728  0.277299  0.277289  -0.000862138
0.276219  0.276239  0.276229  -0.000860256
0.275162  0.275181  0.275171  -0.000858391
0.274107  0.274127  0.274116  -0.000856509
0.273055  0.273075  0.273065  -0.000854645
0.272006  0.272026  0.272015  -0.00085278
0.27096  0.270979  0.270969  -0.000850916
0.269917  0.269936  0.269926  -0.000849051
0.268876  0.268895  0.268885  -0.000847204
0.267838  0.267857  0.267847  -0.00084534
0.266803  0.266822  0.266812  -0.000843475
0.26577  0.265789  0.265779  -0.000841628
0.264741  0.26476  0.26475  -0.000839781
0.263714  0.263733  0.263723  -0.000837934
0.26269  0.262709  0.262699  -0.000836087
0.261669  0.261687  0.261677  -0.00083424
0.26065  0.260669  0.260659  -0.000832393
0.259634  0.259653  0.259643  -0.000830547
0.258621  0.25864  0.25863  -0.000828717
0.257611  0.257629  0.257619  -0.00082687
0.256603  0.256621  0.256612  -0.000825041
0.255598  0.255616  0.255607  -0.000823211
0.254596  0.254614  0.254604  -0.000821382
0.253596  0.253615  0.253605  -0.000819553
0.252599  0.252618  0.252608  -0.000817723
0.251605  0.251623  0.251614  -0.000815894
0.250614  0.250632  0.250622  -0.000814082
0.249625  0.249643  0.249633  -0.000812253
0.248639  0.248657  0.248647  -0.000810441
0.247655  0.247674  0.247664  -0.000808612
0.246675  0.246693  0.246683  -0.0008068
0.245697  0.245715  0.245705  -0.000804988
0.244721  0.244739  0.24473  -0.000803176
0.243748  0.243766  0.243757  -0.000801365
0.242778  0.242796  0.242787  -0.000799571
0.241811  0.241829  0.241819  -0.000797759
0.240846  0.240864  0.240855  -0.000795965
0.239884  0.239902  0.239892  -0.000794153
0.238924  0.238942  0.238933  -0.000792359
0.237968  0.237985  0.237976  -0.000790564
0.237013  0.237031  0.237022  -0.00078877
0.236062  0.236079  0.23607  -0.000786976
0.235113  0.23513  0.235121  -0.000785182
0.234166  0.234184  0.234175  -0.000783405
0.233222  0.23324  0.233231  -0.000781611
0.232281  0.232299  0.232289  -0.000779835
0.231343  0.23136  0.231351  -0.00077804
0.230407  0.230424  0.230415  -0.000776264
0.229473  0.229491  0.229481  -0.000774487
0.228542  0.22856  0.228551  -0.000772711
0.227614  0.227631  0.227622  -0.000770934
0.226688  0.226706  0.226697  -0.000769157
0.225765  0.225783  0.225773  -0.000767398
0.224845  0.224862  0.224853  -0.000765622
0.223927  0.223944  0.223935  -0.000763863
0.223011  0.223029  0.223019  -0.000762086
0.222099  0.222116  0.222107  -0.000760327
0.221188  0.221205  0.221196  -0.000758568
0.22028  0.220297  0.220288  -0.000756809
0.219375  0.219392  0.219383  -0.00075505
0.218472  0.218489  0.21848  -0.000753291
0.217572  0.217589  0.21758  -0.00075155
0.216675  0.216692  0.216683  -0.000749791
0.21578  0.215796  0.215787  -0.000748049
0.214887  0.214904  0.214895  -0.00074629
0.213997  0.214014  0.214005  -0.000744549
0.213109  0.213126  0.213117  -0.000742808
0.212224  0.212241  0.212232  -0.000741066
0.211342  0.211358  0.211349  -0.000739325
0.210461  0.210478  0.210469  -0.000737583
0.209584  0.2096  0.209592  -0.000735842
0.208709  0.208725  0.208716  -0.000734118
0.207836  0.207852  0.207844  -0.000732377
0.206966  0.206982  0.206974  -0.000730653
0.206098  0.206114  0.206106  -0.000728929
0.205233  0.205249  0.205241  -0.000727188
0.20437  0.204386  0.204378  -0.000725464
0.20351  0.203526  0.203517  -0.00072374
0.202652  0.202668  0.202659  -0.000722034
0.201796  0.201813  0.201804  -0.00072031
0.200943  0.20096  0.200951  -0.000718586
0.200093  0.200109  0.200101  -0.00071688
0.199245  0.199261  0.199252  -0.000715156
0.198399  0.198415  0.198407  -0.00071345
0.197556  0.197572  0.197563  -0.000711744
0.196715  0.196731  0.196723  -0.000710038
0.195877  0.195893  0.195884  -0.000708331
0.195041  0.195057  0.195048  -0.000706625
0.194207  0.194223  0.194215  -0.000704919
0.193376  0.193392  0.193383  -0.000703213
0.192547  0.192563  0.192555  -0.000701524
0.191721  0.191737  0.191728  -0.000699818
0.190897  0.190913  0.190904  -0.000698129
0.190075  0.190091  0.190083  -0.00069644
0.189256  0.189272  0.189263  -0.000694734
0.188439  0.188455  0.188447  -0.000693046
0.187625  0.18764  0.187632  -0.000691357
0.186813  0.186828  0.18682  -0.000689668
0.186003  0.186019  0.18601  -0.000687997
0.185196  0.185211  0.185203  -0.000686309
0.184391  0.184406  0.184398  -0.000684638
0.183588  0.183603  0.183595  -0.000682949
0.182788  0.182803  0.182795  -0.000681278
0.18199  0.182005  0.181997  -0.000679607
0.181194  0.18121  0.181201  -0.000677918
0.180401  0.180416  0.180408  -0.000676247
0.17961  0.179625  0.179617  -0.000674576
0.178822  0.178837  0.178829  -0.000672923
0.178035  0.17805  0.178042  -0.000671252
0.177251  0.177266  0.177258  -0.000669581
0.17647  0.176485  0.176477  -0.000667927
0.17569  0.175705  0.175697  -0.000666256
0.174913  0.174928  0.17492  -0.000664603
0.174139  0.174153  0.174146  -0.000662949
0.173366  0.173381  0.173373  -0.000661296
0.172596  0.172611  0.172603  -0.000659642
0.171828  0.171843  0.171835  -0.000657989
0.171063  0.171077  0.17107  -0.000656335
0.1703  0.170314  0.170306  -0.000654682
0.169539  0.169553  0.169545  -0.000653046
0.16878  0.168794  0.168787  -0.000651392
0.168023  0.168038  0.16803  -0.000649757
0.167269  0.167284  0.167276  -0.000648103
0.166517  0.166532  0.166524  -0.000646467
0.165768  0.165782  0.165774  -0.000644831
0.16502  0.165035  0.165027  -0.000643196
0.164275  0.16429  0.164282  -0.00064156
0.163532  0.163547  0.163539  -0.000639924
0.162792  0.162806  0.162798  -0.000638306
0.162053  0.162068  0.16206  -0.00063667
0.161317  0.161331  0.161324  -0.000635034
0.160583  0.160597  0.16059  -0.000633416
0.159852  0.159866  0.159858  -0.000631797
0.159122  0.159136  0.159129  -0.000630161
0.158395  0.158409  0.158401  -0.000628543
0.15767  0.157684  0.157676  -0.000626925
0.156947  0.156961  0.156953  -0.000625307
0.156226  0.15624  0.156233  -0.000623706
0.155508  0.155522  0.155514  -0.000622088
0.154792  0.154806  0.154798  -0.000620469
0.154078  0.154092  0.154084  -0.000618869
0.153366  0.15338  0.153372  -0.00061725
0.152656  0.15267  0.152663  -0.00061565
0.151949  0.151963  0.151955  -0.000614049
0.151243  0.151257  0.15125  -0.000612448
0.15054  0.150554  0.150547  -0.000610848
0.149839  0.149853  0.149846  -0.000609247
0.149141  0.149154  0.149147  -0.000607646
0.148444  0.148458  0.14845  -0.000606045
0.14775  0.147763  0.147756  -0.000604445
0.147057  0.147071  0.147064  -0.000602862
0.146367  0.146381  0.146373  -0.000601261
0.145679  0.145693  0.145685  -0.000599678
0.144993  0.145007  0.145  -0.000598095
0.14431  0.144323  0.144316  -0.000596512
0.143628  0.143642  0.143634  -0.000594929
0.142949  0.142962  0.142955  -0.000593346
0.142271  0.142285  0.142278  -0.000591762
0.141596  0.14161  0.141602  -0.000590179
0.140923  0.140936  0.140929  -0.000588596
0.140252  0.140265  0.140258  -0.000587031
0.139583  0.139597  0.13959  -0.000585448
0.138917  0.13893  0.138923  -0.000583882
0.138252  0.138265  0.138258  -0.000582299
0.13759  0.137603  0.137596  -0.000580733
0.136929  0.136942  0.136935  -0.000579168
0.136271  0.136284  0.136277  -0.000577602
0.135615  0.135628  0.135621  -0.000576037
0.134961  0.134974  0.134967  -0.000574471
0.134309  0.134321  0.134315  -0.000572924
0.133659  0.133671  0.133665  -0.000571358
0.133011  0.133024  0.133017  -0.000569793
0.132365  0.132378  0.132371  -0.000568245
0.131721  0.131734  0.131727  -0.000566697
0.13108  0.131092  0.131085  -0.000565131
0.13044  0.130453  0.130446  -0.000563583
0.129802  0.129815  0.129808  -0.000562035
0.129167  0.129179  0.129173  -0.000560487
0.128533  0.128546  0.128539  -0.000558939
0.127902  0.127915  0.127908  -0.000557409
0.127273  0.127285  0.127278  -0.000555861
0.126645  0.126658  0.126651  -0.000554313
0.12602  0.126032  0.126026  -0.000552783
0.125397  0.125409  0.125402  -0.000551235
0.124776  0.124788  0.124781  -0.000549705
0.124156  0.124169  0.124162  -0.000548174
0.123539  0.123551  0.123545  -0.000546644
0.122924  0.122936  0.12293  -0.000545114
0.122311  0.122323  0.122316  -0.000543583
0.1217  0.121712  0.121705  -0.000542053
0.121091  0.121103  0.121096  -0.000540523
0.120483  0.120496  0.120489  -0.00053901
0.119878  0.11989  0.119884  -0.00053748
0.119275  0.119287  0.119281  -0.000535967
0.118674  0.118686  0.118679  -0.000534437
0.118075  0.118087  0.11808  -0.000532924
0.117478  0.11749  0.117483  -0.000531411
0.116883  0.116894  0.116888  -0.000529898
0.116289  0.116301  0.116295  -0.000528386
0.115698  0.11571  0.115703  -0.000526873
0.115109  0.115121  0.115114  -0.00052536
0.114521  0.114533  0.114527  -0.000523847
0.113936  0.113948  0.113941  -0.000522352
0.113353  0.113364  0.113358  -0.00052084
0.112771  0.112783  0.112777  -0.000519344
0.112192  0.112203  0.112197  -0.000517832
0.111614  0.111626  0.11162  -0.000516337
0.111039  0.11105  0.111044  -0.000514841
0.110465  0.110477  0.11047  -0.000513346
0.109893  0.109905  0.109899  -0.000511851
0.109324  0.109335  0.109329  -0.000510356
0.108756  0.108767  0.108761  -0.000508861
0.10819  0.108201  0.108195  -0.000507383
0.107626  0.107637  0.107631  -0.000505888
0.107064  0.107075  0.107069  -0.000504393
0.106504  0.106515  0.106509  -0.000502915
0.105945  0.105957  0.10595  -0.000501438
0.105389  0.1054  0.105394  -0.000499943
0.104835  0.104846  0.10484  -0.000498465
0.104282  0.104293  0.104287  -0.000496988
0.103731  0.103743  0.103736  -0.00049551
0.103183  0.103194  0.103188  -0.000494032
0.102636  0.102647  0.102641  -0.000492572
0.102091  0.102102  0.102096  -0.000491095
0.101548  0.101559  0.101553  -0.000489617
0.101007  0.101018  0.101012  -0.000488157
0.100467  0.100478  0.100472  -0.00048668
0.0999299  0.0999408  0.0999349  -0.00048522
0.0993944  0.0994052  0.0993993  -0.00048376
0.0988607  0.0988715  0.0988656  -0.0004823
0.0983289  0.0983396  0.0983337  -0.00048084
0.0977989  0.0978096  0.0978038  -0.00047938
0.0972708  0.0972815  0.0972756  -0.00047792
0.0967446  0.0967552  0.0967494  -0.00047646
0.0962201  0.0962308  0.0962249  -0.000475018
0.0956976  0.0957082  0.0957024  -0.000473558
0.0951769  0.0951875  0.0951816  -0.000472115
0.094658  0.0946685  0.0946627  -0.000470655
0.094141  0.0941515  0.0941457  -0.000469213
0.0936258  0.0936362  0.0936305  -0.000467771
0.0931124  0.0931228  0.0931171  -0.000466311
0.0926008  0.0926113  0.0926055  -0.000464868
0.0920911  0.0921015  0.0920958  -0.000463443
0.0915832  0.0915936  0.0915879  -0.000462001
0.0910771  0.0910875  0.0910818  -0.000460559
0.0905729  0.0905832  0.0905775  -0.000459116
0.0900704  0.0900807  0.090075  -0.000457692
0.0895698  0.08958  0.0895743  -0.000456249
0.0890709  0.0890811  0.0890755  -0.000454824
0.0885738  0.088584  0.0885784  -0.0004534
0.0880786  0.0880887  0.0880831  -0.000451957
0.0875851  0.0875952  0.0875896  -0.000450532
0.0870934  0.0871035  0.0870979  -0.000449108
0.0866036  0.0866136  0.086608  -0.000447683
0.0861155  0.0861254  0.0861199  -0.000446258
0.0856291  0.0856391  0.0856336  -0.000444851
0.0851446  0.0851545  0.085149  -0.000443426
0.0846618  0.0846717  0.0846662  -0.000442001
0.0841808  0.0841906  0.0841852  -0.000440594
0.0837015  0.0837114  0.0837059  -0.000439187
0.0832241  0.0832339  0.0832284  -0.000437762
0.0827483  0.0827581  0.0827527  -0.000436355
0.0822744  0.0822841  0.0822787  -0.000434948
0.0818022  0.0818119  0.0818065  -0.00043354
0.0813317  0.0813414  0.081336  -0.000432133
0.080863  0.0808726  0.0808673  -0.000430726
0.080396  0.0804056  0.0804003  -0.000429319
0.0799308  0.0799404  0.0799351  -0.000427929
0.0794673  0.0794768  0.0794715  -0.000426522
0.0790055  0.079015  0.0790098  -0.000425132
0.0785455  0.078555  0.0785497  -0.000423725
0.0780872  0.0780966  0.0780914  -0.000422336
0.0776306  0.07764  0.0776348  -0.000420946
0.0771757  0.0771851  0.0771799  -0.000419556
0.0767226  0.0767319  0.0767267  -0.000418167
0.0762712  0.0762805  0.0762753  -0.000416777
0.0758214  0.0758307  0.0758256  -0.000415388
0.0753734  0.0753827  0.0753775  -0.000413998
0.0749271  0.0749363  0.0749312  -0.000412608
0.0744825  0.0744917  0.0744866  -0.000411236
0.0740396  0.0740488  0.0740436  -0.000409847
0.0735983  0.0736075  0.0736024  -0.000408475
0.0731588  0.0731679  0.0731629  -0.000407103
0.072721  0.0727301  0.072725  -0.000405731
0.0722848  0.0722939  0.0722888  -0.000404341
0.0718503  0.0718594  0.0718543  -0.000402969
0.0714175  0.0714265  0.0714215  -0.000401615
0.0709864  0.0709954  0.0709904  -0.000400243
0.0705569  0.0705659  0.0705609  -0.000398871
0.0701292  0.0701381  0.0701331  -0.000397499
0.069703  0.0697119  0.069707  -0.000396144
0.0692786  0.0692874  0.0692825  -0.000394772
0.0688558  0.0688646  0.0688597  -0.000393418
0.0684346  0.0684434  0.0684385  -0.000392063
0.0680151  0.0680239  0.068019  -0.000390691
0.0675973  0.067606  0.0676011  -0.000389337
0.0671811  0.0671898  0.0671849  -0.000387982
0.0667665  0.0667752  0.0667704  -0.000386628
0.0663536  0.0663622  0.0663574  -0.000385291
0.0659423  0.0659509  0.0659461  -0.000383937
0.0655327  0.0655413  0.0655364  -0.000382582
0.0651247  0.0651332  0.0651284  -0.000381245
0.0647183  0.0647268  0.064722  -0.000379891
0.0643135  0.064322  0.0643172  -0.000378554
0.0639104  0.0639188  0.0639141  -0.0003772
0.0635088  0.0635172  0.0635125  -0.000375863
0.0631089  0.0631173  0.0631126  -0.000374526
0.0627106  0.062719  0.0627143  -0.000373189
0.0623139  0.0623222  0.0623176  -0.000371852
0.0619188  0.0619271  0.0619224  -0.000370516
0.0615253  0.0615336  0.0615289  -0.000369196
0.0611334  0.0611417  0.061137  -0.000367859
0.0607431  0.0607513  0.0607467  -0.000366523
0.0603544  0.0603626  0.060358  -0.000365203
0.0599673  0.0599754  0.0599708  -0.000363884
0.0595817  0.0595899  0.0595853  -0.000362547
0.0591978  0.0592059  0.0592013  -0.000361228
0.0588154  0.0588235  0.0588189  -0.000359909
0.0584346  0.0584427  0.0584381  -0.00035859
0.0580554  0.0580634  0.0580589  -0.00035727
0.0576778  0.0576857  0.0576812  -0.000355951
0.0573017  0.0573096  0.0573051  -0.000354649
0.0569272  0.056935  0.0569306  -0.00035333
0.0565542  0.0565621  0.0565576  -0.000352011
0.0561828  0.0561906  0.0561862  -0.000350709
0.0558129  0.0558208  0.0558163  -0.000349408
0.0554446  0.0554524  0.055448  -0.000348088
0.0550779  0.0550856  0.0550812  -0.000346787
0.0547127  0.0547204  0.054716  -0.000345485
0.054349  0.0543567  0.0543523  -0.000344183
0.0539869  0.0539946  0.0539902  -0.000342882
0.0536263  0.0536339  0.0536296  -0.000341598
0.0532672  0.0532749  0.0532705  -0.000340296
0.0529097  0.0529173  0.052913  -0.000338994
0.0525537  0.0525613  0.052557  -0.00033771
0.0521992  0.0522068  0.0522025  -0.000336409
0.0518463  0.0518538  0.0518495  -0.000335124
0.0514948  0.0515023  0.0514981  -0.00033384
0.0511449  0.0511524  0.0511481  -0.000332556
0.0507965  0.0508039  0.0507997  -0.000331255
0.0504496  0.050457  0.0504528  -0.000329988
0.0501042  0.0501116  0.0501074  -0.000328704
0.0497603  0.0497676  0.0497635  -0.00032742
0.0494179  0.0494252  0.049421  -0.000326136
0.049077  0.0490843  0.0490801  -0.00032487
0.0487376  0.0487448  0.0487407  -0.000323585
0.0483997  0.0484069  0.0484028  -0.000322319
0.0480632  0.0480704  0.0480663  -0.000321035
0.0477283  0.0477354  0.0477314  -0.000319768
0.0473948  0.047402  0.0473979  -0.000318502
0.0470628  0.0470699  0.0470659  -0.000317235
0.0467323  0.0467394  0.0467353  -0.000315969
0.0464033  0.0464103  0.0464063  -0.000314702
0.0460757  0.0460827  0.0460787  -0.000313436
0.0457496  0.0457566  0.0457526  -0.000312187
0.0454249  0.0454319  0.0454279  -0.000310921
0.0451018  0.0451087  0.0451047  -0.000309672
0.04478  0.0447869  0.044783  -0.000308405
0.0444597  0.0444666  0.0444627  -0.000307156
0.0441409  0.0441478  0.0441438  -0.000305908
0.0438235  0.0438303  0.0438264  -0.000304659
0.0435076  0.0435144  0.0435105  -0.00030341
0.0431931  0.0431999  0.043196  -0.000302161
0.04288  0.0428868  0.0428829  -0.000300912
0.0425684  0.0425751  0.0425713  -0.000299681
0.0422582  0.0422649  0.042261  -0.000298432
0.0419495  0.0419561  0.0419523  -0.000297183
0.0416421  0.0416487  0.0416449  -0.000295952
0.0413362  0.0413428  0.041339  -0.00029472
0.0410317  0.0410383  0.0410345  -0.000293471
0.0407287  0.0407352  0.0407314  -0.00029224
0.040427  0.0404335  0.0404297  -0.000291009
0.0401268  0.0401332  0.0401295  -0.000289777
0.0398279  0.0398344  0.0398306  -0.000288546
0.0395305  0.0395369  0.0395332  -0.000287332
0.0392344  0.0392408  0.0392371  -0.000286101
0.0389398  0.0389462  0.0389425  -0.00028487
0.0386466  0.0386529  0.0386492  -0.000283656
0.0383547  0.0383611  0.0383574  -0.000282442
0.0380643  0.0380706  0.0380669  -0.000281211
0.0377752  0.0377815  0.0377778  -0.000279997
0.0374875  0.0374938  0.0374901  -0.000278784
0.0372012  0.0372074  0.0372038  -0.00027757
0.0369163  0.0369225  0.0369189  -0.000276356
0.0366328  0.0366389  0.0366353  -0.000275143
0.0363506  0.0363567  0.0363531  -0.000273946
0.0360698  0.0360759  0.0360723  -0.000272733
0.0357904  0.0357964  0.0357929  -0.000271537
0.0355123  0.0355183  0.0355148  -0.000270323
0.0352356  0.0352416  0.0352381  -0.000269127
0.0349602  0.0349662  0.0349627  -0.000267931
0.0346862  0.0346922  0.0346887  -0.000266735
0.0344136  0.0344195  0.034416  -0.000265538
0.0341423  0.0341482  0.0341447  -0.000264342
0.0338723  0.0338782  0.0338747  -0.000263146
0.0336037  0.0336095  0.0336061  -0.00026195
0.0333364  0.0333422  0.0333388  -0.000260772
0.0330705  0.0330763  0.0330729  -0.000259575
0.0328059  0.0328117  0.0328082  -0.000258397
0.0325426  0.0325484  0.032545  -0.000257201
0.0322807  0.0322864  0.032283  -0.000256022
0.03202  0.0320257  0.0320224  -0.000254844
0.0317607  0.0317664  0.0317631  -0.000253665
0.0315028  0.0315084  0.0315051  -0.000252487
0.0312461  0.0312517  0.0312484  -0.000251308
0.0309908  0.0309964  0.0309931  -0.00025013
0.0307367  0.0307423  0.030739  -0.000248969
0.030484  0.0304895  0.0304863  -0.00024779
0.0302326  0.0302381  0.0302348  -0.000246629
0.0299825  0.0299879  0.0299847  -0.000245468
0.0297336  0.0297391  0.0297359  -0.00024429
0.0294861  0.0294915  0.0294883  -0.000243129
0.0292399  0.0292453  0.0292421  -0.000241968
0.0289949  0.0290003  0.0289971  -0.000240807
0.0287513  0.0287566  0.0287534  -0.000239646
0.0285089  0.0285142  0.0285111  -0.000238503
0.0282678  0.0282731  0.0282699  -0.000237342
0.028028  0.0280333  0.0280301  -0.000236181
0.0277894  0.0277947  0.0277915  -0.000235037
0.0275522  0.0275574  0.0275543  -0.000233894
0.0273162  0.0273214  0.0273183  -0.000232733
0.0270814  0.0270866  0.0270835  -0.00023159
0.026848  0.0268531  0.02685  -0.000230446
0.0266157  0.0266209  0.0266178  -0.000229303
0.0263848  0.0263899  0.0263868  -0.000228177
0.0261551  0.0261602  0.0261571  -0.000227034
0.0259266  0.0259317  0.0259287  -0.000225891
0.0256994  0.0257045  0.0257015  -0.000224765
0.0254735  0.0254785  0.0254755  -0.000223622
0.0252488  0.0252538  0.0252508  -0.000222496
0.0250253  0.0250303  0.0250273  -0.00022137
0.0248031  0.024808  0.024805  -0.000220244
0.0245821  0.024587  0.024584  -0.000219118
0.0243623  0.0243672  0.0243642  -0.000217993
0.0241438  0.0241486  0.0241457  -0.000216867
0.0239264  0.0239313  0.0239284  -0.000215741
0.0237104  0.0237152  0.0237123  -0.000214633
0.0234955  0.0235003  0.0234974  -0.000213507
0.0232818  0.0232866  0.0232837  -0.000212399
0.0230694  0.0230741  0.0230713  -0.000211291
0.0228582  0.0228629  0.02286  -0.000210183
0.0226481  0.0226528  0.02265  -0.000209075
0.0224393  0.022444  0.0224411  -0.000207966
0.0222317  0.0222363  0.0222335  -0.000206858
0.0220253  0.0220299  0.0220271  -0.00020575
0.0218201  0.0218246  0.0218218  -0.000204642
0.021616  0.0216206  0.0216178  -0.000203551
0.0214132  0.0214177  0.0214149  -0.000202443
0.0212115  0.021216  0.0212133  -0.000201353
0.0210111  0.0210155  0.0210128  -0.000200262
0.0208118  0.0208162  0.0208135  -0.000199171
0.0206137  0.0206181  0.0206154  -0.000198081
0.0204167  0.0204211  0.0204184  -0.00019699
0.020221  0.0202254  0.0202227  -0.0001959
0.0200264  0.0200307  0.0200281  -0.000194809
0.019833  0.0198373  0.0198346  -0.000193736
0.0196407  0.019645  0.0196424  -0.000192646
0.0194496  0.0194539  0.0194513  -0.000191573
0.0192597  0.0192639  0.0192613  -0.0001905
0.0190709  0.0190751  0.0190725  -0.000189427
0.0188833  0.0188875  0.0188849  -0.000188354
0.0186968  0.018701  0.0186984  -0.000187281
0.0185114  0.0185156  0.018513  -0.000186208
0.0183273  0.0183314  0.0183288  -0.000185135
0.0181442  0.0181483  0.0181458  -0.000184079
0.0179623  0.0179664  0.0179638  -0.000183006
0.0177815  0.0177856  0.017783  -0.000181951
0.0176018  0.0176059  0.0176034  -0.000180895
0.0174233  0.0174273  0.0174249  -0.000179822
0.0172459  0.0172499  0.0172474  -0.000178767
0.0170697  0.0170736  0.0170712  -0.000177712
0.0168945  0.0168985  0.016896  -0.000176674
0.0167205  0.0167244  0.016722  -0.000175618
0.0165476  0.0165515  0.016549  -0.000174563
0.0163758  0.0163796  0.0163772  -0.000173525
0.0162051  0.0162089  0.0162065  -0.000172487
0.0160355  0.0160393  0.0160369  -0.000171432
0.015867  0.0158708  0.0158684  -0.000170394
0.0156996  0.0157034  0.015701  -0.000169356
0.0155333  0.015537  0.0155347  -0.000168319
0.0153681  0.0153718  0.0153695  -0.000167281
0.015204  0.0152077  0.0152053  -0.000166261
0.015041  0.0150446  0.0150423  -0.000165223
0.014879  0.0148827  0.0148804  -0.000164203
0.0147182  0.0147218  0.0147195  -0.000163165
0.0145584  0.014562  0.0145597  -0.000162145
0.0143997  0.0144033  0.014401  -0.000161124
0.0142421  0.0142456  0.0142434  -0.000160104
0.0140855  0.0140891  0.0140868  -0.000159084
0.01393  0.0139335  0.0139313  -0.000158064
0.0137756  0.0137791  0.0137769  -0.000157061
0.0136222  0.0136257  0.0136235  -0.000156041
0.0134699  0.0134734  0.0134712  -0.000155038
0.0133187  0.0133221  0.0133199  -0.000154018
0.0131685  0.0131719  0.0131697  -0.000153015
0.0130193  0.0130227  0.0130205  -0.000152013
0.0128712  0.0128746  0.0128724  -0.00015101
0.0127242  0.0127275  0.0127254  -0.000150007
0.0125782  0.0125815  0.0125794  -0.000149022
0.0124332  0.0124365  0.0124344  -0.00014802
0.0122893  0.0122925  0.0122904  -0.000147035
0.0121463  0.0121496  0.0121475  -0.000146032
0.0120045  0.0120077  0.0120056  -0.000145047
0.0118636  0.0118668  0.0118647  -0.000144062
0.0117238  0.0117269  0.0117249  -0.000143077
0.011585  0.0115881  0.0115861  -0.000142092
0.0114472  0.0114503  0.0114483  -0.000141107
0.0113104  0.0113135  0.0113115  -0.000140139
0.0111746  0.0111777  0.0111757  -0.000139154
0.0110399  0.0110429  0.0110409  -0.000138187
0.0109061  0.0109092  0.0109072  -0.00013722
0.0107734  0.0107764  0.0107744  -0.000136234
0.0106416  0.0106446  0.0106426  -0.000135267
0.0105108  0.0105138  0.0105119  -0.0001343
0.0103811  0.010384  0.0103821  -0.00013335
0.0102523  0.0102552  0.0102533  -0.000132382
0.0101245  0.0101274  0.0101255  -0.000131432
0.00999773  0.0100006  0.00999871  -0.000130465
0.00987191  0.00987477  0.00987289  -0.000129515
0.00974707  0.00974992  0.00974804  -0.000128565
0.0096232  0.00962603  0.00962415  -0.000127615
0.00950032  0.00950311  0.00950125  -0.000126666
0.00937838  0.00938116  0.00937932  -0.000125716
0.00925744  0.0092602  0.00925835  -0.000124766
0.00913744  0.00914018  0.00913835  -0.000123834
0.00901841  0.00902113  0.00901932  -0.000122884
0.00890034  0.00890303  0.00890122  -0.000121951
0.00878321  0.00878588  0.00878409  -0.000121019
0.00866705  0.0086697  0.00866792  -0.000120087
0.00855183  0.00855445  0.00855269  -0.000119155
0.00843755  0.00844015  0.00843841  -0.000118222
0.00832422  0.0083268  0.00832506  -0.000117308
0.00821183  0.00821438  0.00821266  -0.000116375
0.00810037  0.00810292  0.00810119  -0.000115461
0.00798985  0.00799236  0.00799066  -0.000114546
0.00788026  0.00788276  0.00788105  -0.000113631
0.00777159  0.00777407  0.00777238  -0.000112717
0.00766385  0.00766632  0.00766463  -0.000111802
0.00755703  0.00755947  0.0075578  -0.000110887
0.00745112  0.00745355  0.00745189  -0.000109973
0.00734614  0.00734853  0.0073469  -0.000109076
0.00724206  0.00724445  0.00724282  -0.000108178
0.0071389  0.00714125  0.00713964  -0.000107281
0.00703665  0.00703899  0.00703737  -0.000106384
0.00693529  0.0069376  0.006936  -0.000105487
0.00683484  0.00683712  0.00683554  -0.00010459
0.00673528  0.00673755  0.00673596  -0.000103693
0.0066366  0.00663887  0.0066373  -0.000102813
0.00653883  0.00654107  0.00653952  -0.000101916
0.00644195  0.00644416  0.00644261  -0.000101037
0.00634594  0.00634814  0.00634661  -0.000100157
0.00625081  0.00625299  0.00625146  -9.92779e-05
0.00615657  0.00615873  0.00615722  -9.83984e-05
0.0060632  0.00606534  0.00606383  -9.75365e-05
0.00597071  0.00597282  0.00597133  -9.6657e-05
0.00587908  0.00588118  0.0058797  -9.57951e-05
0.00578832  0.0057904  0.00578892  -9.49332e-05
0.00569842  0.00570048  0.00569902  -9.40537e-05
0.00560938  0.00561142  0.00560998  -9.31918e-05
0.0055212  0.00552322  0.00552178  -9.23474e-05
0.00543386  0.00543587  0.00543444  -9.14855e-05
0.00534739  0.00534936  0.00534795  -9.06236e-05
0.00526176  0.00526372  0.00526231  -8.97793e-05
0.00517696  0.00517891  0.00517751  -8.8935e-05
0.00509302  0.00509494  0.00509355  -8.80907e-05
0.00500991  0.00501181  0.00501044  -8.72463e-05
0.00492764  0.00492952  0.00492815  -8.6402e-05
0.0048462  0.00484806  0.00484671  -8.55577e-05
0.00476559  0.00476741  0.00476608  -8.4731e-05
0.00468578  0.00468761  0.00468629  -8.38867e-05
0.00460682  0.00460863  0.00460731  -8.30599e-05
0.00452867  0.00453046  0.00452914  -8.22332e-05
0.00445134  0.0044531  0.0044518  -8.14065e-05
0.00437481  0.00437657  0.00437526  -8.05797e-05
0.0042991  0.00430082  0.00429956  -7.97706e-05
0.00422418  0.00422591  0.00422464  -7.89439e-05
0.00415008  0.00415178  0.00415052  -7.81347e-05
0.00407678  0.00407845  0.0040772  -7.73256e-05
0.00400427  0.00400593  0.0040047  -7.65165e-05
0.00393256  0.00393419  0.00393296  -7.57073e-05
0.00386162  0.00386325  0.00386202  -7.48982e-05
0.00379149  0.00379309  0.00379187  -7.41066e-05
0.00372213  0.00372371  0.00372252  -7.32975e-05
0.00365355  0.00365511  0.00365393  -7.25059e-05
0.00358575  0.0035873  0.00358612  -7.17144e-05
0.00351872  0.00352025  0.00351909  -7.09228e-05
0.00345246  0.00345397  0.00345283  -7.01313e-05
0.00338697  0.00338847  0.00338732  -6.93573e-05
0.00332224  0.00332372  0.00332259  -6.85658e-05
0.00325828  0.00325974  0.00325862  -6.77918e-05
0.00319506  0.00319651  0.0031954  -6.70179e-05
0.00313262  0.00313404  0.00313294  -6.62439e-05
0.00307091  0.00307232  0.00307121  -6.54699e-05
0.00300995  0.00301134  0.00301025  -6.47136e-05
0.00294974  0.00295111  0.00295002  -6.39396e-05
0.00289025  0.00289162  0.00289055  -6.31832e-05
0.00283151  0.00283285  0.00283179  -6.24269e-05
0.00277352  0.00277484  0.00277378  -6.16705e-05
0.00271623  0.00271755  0.00271649  -6.09141e-05
0.00265969  0.00266098  0.00265994  -6.01578e-05
0.00260386  0.00260513  0.00260411  -5.9419e-05
0.00254875  0.00255  0.002549  -5.86802e-05
0.00249437  0.0024956  0.00249461  -5.79238e-05
0.0024407  0.00244191  0.00244093  -5.71851e-05
0.00238772  0.00238893  0.00238795  -5.64639e-05
0.00233546  0.00233665  0.00233569  -5.57251e-05
0.0022839  0.00228508  0.00228411  -5.50039e-05
0.00223305  0.00223421  0.00223326  -5.42651e-05
0.00218288  0.00218403  0.00218308  -5.35439e-05
0.00213342  0.00213455  0.00213361  -5.28227e-05
0.00208464  0.00208575  0.00208482  -5.21191e-05
0.00203655  0.00203762  0.00203671  -5.13979e-05
0.00198913  0.0019902  0.0019893  -5.06943e-05
0.00194239  0.00194345  0.00194255  -4.99907e-05
0.00189632  0.00189738  0.00189648  -4.92696e-05
0.00185094  0.00185196  0.00185108  -4.85836e-05
0.00180623  0.00180723  0.00180637  -4.788e-05
0.00176217  0.00176315  0.00176231  -4.71939e-05
0.00171877  0.00171974  0.00171889  -4.64903e-05
0.00167603  0.00167699  0.00167615  -4.58043e-05
0.00163393  0.00163488  0.00163406  -4.51183e-05
0.00159249  0.00159342  0.00159262  -4.44499e-05
0.0015517  0.00155263  0.00155181  -4.37639e-05
0.00151156  0.00151246  0.00151165  -4.30955e-05
0.00147205  0.00147293  0.00147214  -4.24271e-05
0.00143318  0.00143404  0.00143325  -4.17586e-05
0.00139492  0.00139578  0.00139501  -4.10902e-05
0.00135731  0.00135816  0.00135738  -4.04218e-05
0.00132032  0.00132115  0.00132039  -3.9771e-05
0.00128395  0.00128476  0.00128402  -3.91201e-05
0.00124819  0.00124899  0.00124824  -3.84693e-05
0.00121304  0.00121383  0.00121309  -3.78185e-05
0.00117851  0.00117929  0.00117856  -3.71852e-05
0.00114458  0.00114534  0.00114462  -3.65344e-05
0.00111125  0.00111199  0.00111128  -3.59012e-05
0.00107853  0.00107925  0.00107855  -3.52679e-05
0.00104639  0.0010471  0.00104641  -3.46347e-05
0.00101484  0.00101554  0.00101485  -3.4019e-05
0.000983878  0.000984564  0.000983878  -3.33858e-05
0.000953501  0.000954169  0.000953501  -3.27701e-05
0.000923686  0.000924354  0.000923686  -3.21545e-05
0.000894469  0.000895102  0.000894451  -3.15564e-05
0.000865797  0.00086643  0.000865797  -3.09408e-05
0.000837706  0.000838321  0.000837706  -3.03427e-05
0.000810177  0.000810775  0.00081016  -2.97447e-05
0.000783212  0.000783792  0.000783194  -2.91466e-05
0.000756792  0.000757372  0.000756757  -2.85661e-05
0.000730917  0.00073148  0.000730882  -2.79681e-05
0.000705605  0.00070615  0.00070557  -2.73876e-05
0.000680821  0.000681348  0.000680768  -2.68071e-05
0.000656582  0.000657092  0.000656529  -2.62443e-05
0.00063287  0.00063338  0.000632817  -2.56638e-05
0.000609687  0.000610179  0.000609634  -2.51009e-05
0.000587031  0.000587506  0.00058696  -2.4538e-05
0.000564885  0.00056536  0.000564832  -2.39752e-05
0.000543267  0.000543724  0.000543196  -2.34299e-05
0.000522159  0.000522616  0.000522088  -2.2867e-05
0.000501561  0.000502001  0.000501491  -2.23217e-05
0.000481473  0.000481895  0.000481385  -2.1794e-05
0.000461878  0.000462283  0.00046179  -2.12487e-05
0.000442775  0.000443162  0.000442687  -2.0721e-05
0.000424147  0.000424552  0.000424059  -2.01933e-05
0.00040603  0.000406399  0.000405942  -1.96656e-05
0.000388387  0.000388756  0.000388281  -1.91555e-05
0.000371219  0.000371571  0.000371114  -1.86278e-05
0.000354526  0.00035486  0.000354421  -1.81177e-05
0.000338291  0.000338625  0.000338185  -1.76252e-05
0.00032253  0.000322847  0.000322407  -1.71151e-05
0.000307209  0.000307526  0.000307104  -1.66225e-05
0.000292363  0.000292662  0.00029224  -1.613e-05
0.000277957  0.000278238  0.000277834  -1.56551e-05
0.000263991  0.000264272  0.000263867  -1.51626e-05
0.000250464  0.000250728  0.000250341  -1.46876e-05
0.000237377  0.000237623  0.000237254  -1.42127e-05
0.000224712  0.000224958  0.000224589  -1.37554e-05
0.000212469  0.000212716  0.000212346  -1.3298e-05
0.000200649  0.000200878  0.000200526  -1.28407e-05
0.000189251  0.000189462  0.00018911  -1.23834e-05
0.000178257  0.000178468  0.000178116  -1.19436e-05
0.000167668  0.000167861  0.000167527  -1.15039e-05
0.000157466  0.000157659  0.000157325  -1.10641e-05
0.000147668  0.000147844  0.000147527  -1.06419e-05
0.00013824  0.000138416  0.000138099  -1.02198e-05
0.000129216  0.000129374  0.000129058  -9.79762e-06
0.000120562  0.000120703  0.000120403  -9.39305e-06
0.000112259  0.000112418  0.000112119  -8.98848e-06
0.000104344  0.000104485  0.000104186  -8.58391e-06
9.67801e-05  9.69033e-05  9.66218e-05  -8.19693e-06
8.95682e-05  8.96914e-05  8.94275e-05  -7.80996e-06
8.27081e-05  8.28137e-05  8.25498e-05  -7.44057e-06
7.61822e-05  7.62878e-05  7.60415e-05  -7.05359e-06
7.00082e-05  7.00961e-05  6.98498e-05  -6.70179e-06
6.41331e-05  6.42211e-05  6.39924e-05  -6.3324e-06
5.86098e-05  5.86802e-05  5.84515e-05  -5.9806e-06
5.33856e-05  5.3456e-05  5.32273e-05  -5.64639e-06
4.84604e-05  4.85308e-05  4.83197e-05  -5.29459e-06
4.38518e-05  4.39046e-05  4.36935e-05  -4.97797e-06
3.95247e-05  3.95775e-05  3.9384e-05  -4.64376e-06
3.54966e-05  3.55494e-05  3.53559e-05  -4.32714e-06
3.17499e-05  3.18027e-05  3.16092e-05  -4.01052e-06
2.82847e-05  2.83199e-05  2.81264e-05  -3.71149e-06
2.50833e-05  2.51185e-05  2.4925e-05  -3.41246e-06
2.21282e-05  2.21634e-05  2.19875e-05  -3.13102e-06
1.94545e-05  1.94721e-05  1.93138e-05  -2.86717e-06
1.69919e-05  1.70095e-05  1.68688e-05  -2.58573e-06
1.47756e-05  1.47932e-05  1.46525e-05  -2.33947e-06
1.27879e-05  1.28055e-05  1.26648e-05  -2.09321e-06
1.10113e-05  1.10113e-05  1.08882e-05  -1.86454e-06
9.41064e-06  9.41064e-06  9.3051e-06  -1.65346e-06
8.00345e-06  8.02104e-06  7.89791e-06  -1.45997e-06
6.77215e-06  6.77215e-06  6.6842e-06  -1.28407e-06
5.69916e-06  5.69916e-06  5.61121e-06  -1.10817e-06
4.76689e-06  4.76689e-06  4.67894e-06  -9.67449e-07
3.95775e-06  3.95775e-06  3.88739e-06  -8.26729e-07
3.27174e-06  3.27174e-06  3.21897e-06  -7.036e-07
2.69127e-06  2.69127e-06  2.6385e-06  -5.9806e-07
2.19875e-06  2.19875e-06  2.14598e-06  -4.9252e-07
1.77659e-06  1.77659e-06  1.74141e-06  -4.2216e-07
