5e-07  0.475 0.5
1.33  0.008  1.8e-06
0.001588 0.78609  61.6014  78.3642  100
9.09349e-07  3.43709e-11  1.13983e-16
561  1132
1.00395  0.99605  0.957509  -0.00277422
2.59025  2.53669  2.58167  0.0824043
3.7852  3.78413  3.75613  0.0779764
4.51305  4.51094  4.51783  0.117827
5.13697  5.14921  5.13954  0.139302
5.61967  5.65389  5.62801  0.110681
6.09565  6.07699  6.08657  0.145097
6.4885  6.51865  6.50287  0.113285
6.89993  6.87236  6.87716  0.126109
7.2266  7.23117  7.23968  0.11514
7.56831  7.55434  7.54724  0.11018
7.85004  7.83277  7.85473  0.10459
8.1147  8.10942  8.10161  0.103675
8.35896  8.33659  8.3573  0.0883054
8.55809  8.55212  8.54988  0.0977324
8.76209  8.74336  8.75986  0.0758894
8.91345  8.90581  8.90613  0.087426
9.07639  9.06035  9.07627  0.0685124
9.19194  9.18613  9.18485  0.0752384
9.31872  9.30287  9.32015  0.062571
9.4049  9.40222  9.39878  0.0644902
9.50168  9.48637  9.50388  0.0561276
9.56382  9.56265  9.55855  0.0556778
9.63477  9.62178  9.63789  0.0497059
9.67838  9.67692  9.67317  0.0477941
9.7263  9.71642  9.73066  0.0441486
9.75582  9.75365  9.75018  0.0403478
9.7837  9.7764  9.78905  0.0394181
9.80177  9.79927  9.79579  0.0336255
9.81304  9.80755  9.81882  0.0350353
9.82112  9.81856  9.81508  0.0279544
9.81899  9.81491  9.82472  0.030767
9.81819  9.81551  9.81225  0.0232862
9.80526  9.80237  9.81068  0.0266943
9.79661  9.79374  9.79087  0.0193779
9.77496  9.77304  9.77995  0.0229349
9.75936  9.75643  9.75394  0.0160393
9.73074  9.72953  9.73521  0.0194944
9.70892  9.70613  9.70397  0.0131822
9.67482  9.67409  9.67874  0.0163359
9.64744  9.64494  9.64308  0.0107413
9.60904  9.60869  9.61243  0.0134337
9.57674  9.57462  9.57306  0.00862422
9.53497  9.53496  9.5379  0.0107916
9.49841  9.4967  9.49539  0.00675004
9.45393  9.45421  9.45649  0.00843208
9.41375  9.41245  9.41134  0.00507216
9.36711  9.36759  9.36936  0.00634031
9.32389  9.32295  9.32204  0.00355213
9.2755  9.27612  9.2775  0.00447373
9.22977  9.22916  9.2284  0.00216495
9.17996  9.18069  9.18177  0.00281481
9.13219  9.13187  9.13122  0.000899915
9.08121  9.08207  9.0829  0.00134685
9.03185  9.03179  9.03122  -0.000265903
8.97992  8.9809  8.98153  3.36356e-05
8.92934  8.92951  8.92899  -0.001354
8.87665  8.87775  8.87821  -0.0011477
8.82517  8.82552  8.82503  -0.00236443
8.77187  8.7731  8.77341  -0.00220209
8.71978  8.72027  8.71979  -0.00328947
8.66601  8.66734  8.66753  -0.00313779
8.61352  8.61413  8.61364  -0.00412867
8.55943  8.56086  8.56094  -0.00396952
8.50672  8.50743  8.50693  -0.00488957
8.45244  8.45396  8.45395  -0.00471275
8.39966  8.40045  8.39993  -0.00557936
8.34531  8.34691  8.34681  -0.00537897
8.29258  8.29344  8.2929  -0.00620252
8.23826  8.23993  8.23976  -0.00597649
8.1857  8.18661  8.18604  -0.0067616
8.13151  8.13324  8.133  -0.00651193
8.07918  8.08013  8.07955  -0.00725964
8.02523  8.02699  8.02669  -0.0069914
7.97319  7.97417  7.97358  -0.00770119
7.91954  7.92133  7.92098  -0.00742068
7.86785  7.86887  7.86826  -0.00809073
7.81459  7.8164  7.816  -0.0078045
7.76329  7.76434  7.76372  -0.00843273
7.71048  7.71229  7.71185  -0.00814703
7.6596  7.66067  7.66005  -0.00873117
7.60729  7.6091  7.60863  -0.00845163
7.55687  7.55797  7.55733  -0.00899019
7.50511  7.5069  7.50641  -0.00872143
7.45516  7.45629  7.45565  -0.00921395
7.40399  7.40577  7.40525  -0.00895954
7.35455  7.3557  7.35506  -0.00940641
7.304  7.30575  7.30522  -0.0091685
7.25508  7.25625  7.25561  -0.00957089
7.20516  7.2069  7.20635  -0.00935051
7.15679  7.15798  7.15734  -0.0097105
7.10753  7.10924  7.10868  -0.00950784
7.05972  7.06092  7.06029  -0.00982809
7.01113  7.01281  7.01224  -0.00964245
6.96389  6.96511  6.96448  -0.00992601
6.91597  6.91764  6.91705  -0.00975608
6.86933  6.87056  6.86994  -0.0100063
6.82209  6.82373  6.82314  -0.00985069
6.77606  6.77729  6.77667  -0.010071
6.72949  6.73111  6.73052  -0.00992789
6.68407  6.68531  6.68469  -0.0101215
6.63818  6.63978  6.63918  -0.00998913
6.59338  6.59462  6.59401  -0.0101591
6.54817  6.54974  6.54915  -0.0100357
6.504  6.50524  6.50463  -0.0101851
6.45946  6.46101  6.46041  -0.0100691
6.41591  6.41715  6.41655  -0.0102002
6.37205  6.37357  6.37298  -0.0100903
6.32913  6.33036  6.32976  -0.0102055
6.28593  6.28743  6.28684  -0.0101004
6.24364  6.24486  6.24427  -0.0102016
6.2011  6.20258  6.20199  -0.0101006
6.15943  6.16065  6.16006  -0.0101893
6.11755  6.119  6.11842  -0.0100917
6.07651  6.07771  6.07713  -0.0101693
6.03528  6.0367  6.03612  -0.0100745
5.99485  5.99604  5.99547  -0.0101422
5.95426  5.95566  5.95509  -0.0100499
5.91445  5.91563  5.91506  -0.0101087
5.8745  5.87587  5.8753  -0.0100187
5.83529  5.83646  5.8359  -0.0100691
5.79597  5.79732  5.79675  -0.00998127
5.75736  5.75852  5.75796  -0.0100242
5.71866  5.71999  5.71942  -0.00993848
5.68064  5.68179  5.68124  -0.00997432
5.64256  5.64386  5.64331  -0.00989069
5.60513  5.60626  5.60572  -0.00992004
5.56765  5.56893  5.56838  -0.00983848
5.5308  5.53192  5.53138  -0.00986166
5.49392  5.49517  5.49463  -0.00978218
5.45763  5.45874  5.45821  -0.00979972
5.42134  5.42257  5.42204  -0.00972232
5.38562  5.38672  5.38619  -0.00973452
5.34991  5.35112  5.35059  -0.0096592
5.31475  5.31583  5.31531  -0.00966647
5.2796  5.28079  5.28027  -0.00959316
5.24499  5.24605  5.24554  -0.00959589
5.21041  5.21157  5.21106  -0.00952453
5.17633  5.17738  5.17688  -0.00952303
5.1423  5.14344  5.14294  -0.00945355
5.10876  5.10979  5.1093  -0.00944817
5.07527  5.07639  5.07589  -0.0093805
5.04225  5.04327  5.04278  -0.00937161
5.00929  5.01039  5.0099  -0.00930564
4.97678  4.97779  4.97731  -0.00929362
4.94436  4.94543  4.94495  -0.00922914
4.91235  4.91335  4.91287  -0.00921427
4.88044  4.8815  4.88102  -0.00915129
4.84894  4.84992  4.84945  -0.00913382
4.81753  4.81857  4.8181  -0.00907226
4.78652  4.78748  4.78702  -0.00905252
4.75561  4.75663  4.75616  -0.00899214
4.72508  4.72602  4.72557  -0.00897038
4.69465  4.69565  4.6952  -0.00891123
4.6646  4.66553  4.66508  -0.00888766
4.63465  4.63563  4.63518  -0.00882954
4.60506  4.60598  4.60554  -0.00880435
4.57559  4.57655  4.57611  -0.00874734
4.54646  4.54736  4.54693  -0.00872071
4.51745  4.51839  4.51796  -0.00866468
4.48877  4.48966  4.48923  -0.00863682
4.46021  4.46114  4.46071  -0.00858169
4.43197  4.43285  4.43243  -0.00855273
4.40386  4.40477  4.40435  -0.00849851
4.37605  4.37691  4.3765  -0.00846851
4.34838  4.34927  4.34886  -0.00841514
4.321  4.32185  4.32144  -0.00838436
4.29375  4.29463  4.29422  -0.00833183
4.2668  4.26763  4.26723  -0.00830027
4.23997  4.24083  4.24043  -0.00824852
4.21343  4.21425  4.21385  -0.00821631
4.18701  4.18786  4.18746  -0.0081654
4.16087  4.16168  4.16129  -0.00813255
4.13486  4.13569  4.13531  -0.00808242
4.10912  4.10992  4.10953  -0.00804911
4.08351  4.08433  4.08395  -0.00799976
4.05816  4.05894  4.05857  -0.00796593
4.03294  4.03374  4.03337  -0.00791736
4.00797  4.00874  4.00837  -0.0078832
3.98314  3.98392  3.98355  -0.00783534
3.95855  3.9593  3.95894  -0.00780086
3.93409  3.93486  3.93449  -0.00775372
3.90986  3.91061  3.91025  -0.00771905
3.88578  3.88653  3.88617  -0.00767262
3.86192  3.86264  3.86229  -0.00763769
3.83819  3.83893  3.83858  -0.00759197
3.81469  3.8154  3.81506  -0.00755691
3.79132  3.79205  3.7917  -0.00751185
3.76816  3.76887  3.76853  -0.00747672
3.74514  3.74586  3.74552  -0.0074323
3.72233  3.72302  3.72269  -0.00739711
3.69965  3.70036  3.70002  -0.00735334
3.67718  3.67786  3.67753  -0.00731815
3.65484  3.65553  3.6552  -0.00727503
3.6327  3.63337  3.63304  -0.00723977
3.61069  3.61137  3.61104  -0.00719731
3.58887  3.58953  3.58921  -0.00716218
3.56718  3.56785  3.56753  -0.0071203
3.54569  3.54634  3.54602  -0.00708523
3.52432  3.52497  3.52466  -0.00704393
3.50314  3.50377  3.50346  -0.00700893
3.48208  3.48273  3.48242  -0.00696822
3.46121  3.46183  3.46153  -0.00693342
3.44046  3.44109  3.44079  -0.00689329
3.41989  3.4205  3.4202  -0.00685861
3.39944  3.40006  3.39976  -0.00681907
3.37916  3.37977  3.37947  -0.00678459
3.35901  3.35962  3.35933  -0.0067455
3.33903  3.33962  3.33933  -0.00671128
3.31917  3.31977  3.31948  -0.00667277
3.29947  3.30006  3.29977  -0.00663868
3.27989  3.28048  3.2802  -0.0066007
3.26048  3.26106  3.26078  -0.00656693
3.24118  3.24176  3.24148  -0.00652946
3.22204  3.22261  3.22234  -0.00649589
3.20302  3.20359  3.20332  -0.00645895
3.18416  3.18471  3.18444  -0.00642564
3.16541  3.16597  3.1657  -0.00638914
3.1468  3.14735  3.14709  -0.00635609
3.12832  3.12887  3.1286  -0.00632018
3.10998  3.11052  3.11026  -0.00628739
3.09176  3.0923  3.09204  -0.00625194
3.07367  3.0742  3.07395  -0.00621947
3.05571  3.05624  3.05598  -0.00618447
3.03788  3.0384  3.03814  -0.00615227
3.02016  3.02068  3.02043  -0.00611779
3.00258  3.00309  3.00284  -0.0060859
2.98511  2.98562  2.98537  -0.00605188
2.96777  2.96828  2.96803  -0.00602026
2.95054  2.95105  2.95081  -0.00598668
2.93345  2.93394  2.9337  -0.00595539
2.91646  2.91696  2.91671  -0.00592227
2.8996  2.90009  2.89985  -0.0058913
2.88284  2.88333  2.88309  -0.00585864
2.86621  2.86669  2.86646  -0.00582792
2.84969  2.85017  2.84993  -0.00579571
2.83328  2.83376  2.83353  -0.00576539
2.81699  2.81746  2.81723  -0.00573357
2.80081  2.80127  2.80104  -0.00570357
2.78473  2.78519  2.78497  -0.00567221
2.76877  2.76923  2.769  -0.00564247
2.75291  2.75337  2.75315  -0.00561156
2.73717  2.73762  2.7374  -0.00558215
2.72152  2.72197  2.72175  -0.00555163
2.70599  2.70644  2.70622  -0.00552254
2.69056  2.691  2.69079  -0.00549241
2.67524  2.67567  2.67546  -0.00546371
2.66001  2.66045  2.66023  -0.00543397
2.64489  2.64532  2.64511  -0.00540553
2.62987  2.6303  2.63009  -0.00537624
2.61495  2.61538  2.61517  -0.00534813
2.60013  2.60055  2.60035  -0.00531923
2.58541  2.58583  2.58563  -0.00529144
2.57079  2.5712  2.571  -0.00526293
2.55626  2.55667  2.55647  -0.0052354
2.54183  2.54224  2.54204  -0.00520729
2.5275  2.5279  2.52771  -0.00518014
2.51326  2.51366  2.51346  -0.00515235
2.49912  2.49951  2.49932  -0.00512553
2.48506  2.48546  2.48526  -0.00509813
2.4711  2.47149  2.4713  -0.00507164
2.45723  2.45762  2.45743  -0.00504456
2.44346  2.44384  2.44365  -0.00501839
2.42977  2.43015  2.42996  -0.00499171
2.41617  2.41655  2.41636  -0.0049658
2.40266  2.40303  2.40285  -0.0049395
2.38924  2.38961  2.38943  -0.00491392
2.3759  2.37627  2.37609  -0.00488794
2.36265  2.36302  2.36284  -0.00486268
2.34949  2.34985  2.34967  -0.00483703
2.33641  2.33677  2.33659  -0.0048121
2.32341  2.32377  2.3236  -0.00478678
2.3105  2.31086  2.31069  -0.0047621
2.29768  2.29803  2.29786  -0.00473717
2.28493  2.28528  2.28511  -0.00471282
2.27226  2.27261  2.27244  -0.00468821
2.25968  2.26003  2.25986  -0.00466412
2.24718  2.24752  2.24735  -0.00463983
2.23476  2.23509  2.23493  -0.00461607
2.22241  2.22275  2.22258  -0.00459204
2.21014  2.21048  2.21031  -0.0045686
2.19795  2.19829  2.19812  -0.0045449
2.18584  2.18617  2.18601  -0.00452172
2.1738  2.17413  2.17397  -0.00449841
2.16185  2.16217  2.16201  -0.00447548
2.14996  2.15028  2.15012  -0.00445243
2.13815  2.13847  2.13831  -0.00442977
2.12641  2.12673  2.12657  -0.00440704
2.11475  2.11506  2.11491  -0.00438471
2.10316  2.10347  2.10332  -0.00436224
2.09164  2.09195  2.0918  -0.00434023
2.08019  2.0805  2.08035  -0.00431802
2.06882  2.06912  2.06897  -0.00429627
2.05751  2.05782  2.05767  -0.00427438
2.04628  2.04658  2.04643  -0.00425283
2.03511  2.03541  2.03526  -0.00423127
2.02402  2.02431  2.02417  -0.00421004
2.01299  2.01328  2.01314  -0.00418874
2.00203  2.00232  2.00217  -0.0041677
1.99113  1.99142  1.99128  -0.00414666
1.98031  1.98059  1.98045  -0.00412595
1.96954  1.96983  1.96969  -0.00410517
1.95885  1.95913  1.95899  -0.00408471
1.94822  1.9485  1.94836  -0.00406426
1.93765  1.93793  1.9378  -0.004044
1.92715  1.92743  1.92729  -0.00402381
1.91672  1.91699  1.91686  -0.00400381
1.90634  1.90662  1.90648  -0.00398387
1.89603  1.8963  1.89617  -0.00396413
1.88578  1.88605  1.88592  -0.00394446
1.87559  1.87586  1.87573  -0.00392498
1.86547  1.86573  1.8656  -0.0039055
1.8554  1.85567  1.85554  -0.00388628
1.8454  1.84566  1.84553  -0.00386706
1.83545  1.83571  1.83558  -0.0038481
1.82557  1.82582  1.8257  -0.00382907
1.81574  1.816  1.81587  -0.00381037
1.80597  1.80623  1.8061  -0.0037916
1.79626  1.79651  1.79639  -0.0037731
1.78661  1.78686  1.78673  -0.00375459
1.77701  1.77726  1.77714  -0.00373635
1.76747  1.76772  1.7676  -0.00371803
1.75799  1.75824  1.75812  -0.00369998
1.74857  1.74881  1.74869  -0.003682
1.7392  1.73944  1.73932  -0.00366414
1.72988  1.73012  1.73  -0.00364635
1.72062  1.72086  1.72074  -0.00362869
1.71141  1.71165  1.71153  -0.00361115
1.70226  1.7025  1.70238  -0.00359375
1.69316  1.69339  1.69328  -0.00357635
1.68411  1.68435  1.68423  -0.00355921
1.67512  1.67535  1.67524  -0.00354206
1.66618  1.66641  1.6663  -0.00352505
1.65729  1.65752  1.65741  -0.00350817
1.64845  1.64868  1.64857  -0.00349135
1.63967  1.63989  1.63978  -0.00347466
1.63093  1.63116  1.63104  -0.0034581
1.62225  1.62247  1.62236  -0.00344161
1.61361  1.61383  1.61372  -0.00342525
1.60503  1.60525  1.60514  -0.00340895
1.59649  1.59671  1.5966  -0.00339278
1.588  1.58822  1.58811  -0.00337668
1.57957  1.57978  1.57967  -0.0033607
1.57118  1.57139  1.57128  -0.0033448
1.56284  1.56305  1.56294  -0.00332902
1.55454  1.55475  1.55465  -0.0033133
1.54629  1.5465  1.5464  -0.00329772
1.53809  1.5383  1.5382  -0.0032822
1.52994  1.53015  1.53004  -0.00326688
1.52183  1.52204  1.52194  -0.00325155
1.51377  1.51397  1.51387  -0.00323629
1.50576  1.50596  1.50586  -0.00322116
1.49779  1.49799  1.49789  -0.00320616
1.48986  1.49006  1.48996  -0.00319123
1.48198  1.48218  1.48208  -0.00317636
1.47414  1.47434  1.47424  -0.00316162
1.46635  1.46654  1.46645  -0.00314694
1.4586  1.45879  1.4587  -0.00313233
1.4509  1.45109  1.45099  -0.00311785
1.44323  1.44342  1.44333  -0.00310344
1.43562  1.4358  1.43571  -0.00308915
1.42804  1.42823  1.42813  -0.00307487
1.4205  1.42069  1.4206  -0.00306078
1.41301  1.4132  1.4131  -0.00304669
1.40556  1.40574  1.40565  -0.00303272
1.39815  1.39833  1.39824  -0.00301883
1.39078  1.39096  1.39087  -0.003005
1.38345  1.38363  1.38354  -0.0029913
1.37617  1.37635  1.37626  -0.0029776
1.36892  1.3691  1.36901  -0.00296402
1.36171  1.36189  1.3618  -0.00295058
1.35454  1.35472  1.35463  -0.00293714
1.34742  1.34759  1.3475  -0.00292383
1.34033  1.3405  1.34041  -0.00291058
1.33328  1.33345  1.33336  -0.0028974
1.32626  1.32644  1.32635  -0.00288435
1.31929  1.31946  1.31938  -0.0028713
1.31236  1.31253  1.31244  -0.00285838
1.30546  1.30563  1.30554  -0.00284552
1.2986  1.29877  1.29868  -0.00283273
1.29178  1.29194  1.29186  -0.00282
1.28499  1.28516  1.28507  -0.00280734
1.27824  1.27841  1.27832  -0.00279481
1.27153  1.27169  1.27161  -0.00278234
1.26485  1.26502  1.26494  -0.00276987
1.25822  1.25838  1.2583  -0.00275754
1.25161  1.25177  1.25169  -0.00274526
1.24504  1.2452  1.24512  -0.00273306
1.23851  1.23867  1.23859  -0.00272098
1.23201  1.23217  1.23209  -0.0027089
1.22555  1.22571  1.22563  -0.00269689
1.21912  1.21928  1.2192  -0.00268494
1.21273  1.21288  1.21281  -0.00267312
1.20637  1.20652  1.20645  -0.0026613
1.20004  1.2002  1.20012  -0.00264962
1.19375  1.1939  1.19383  -0.00263799
1.18749  1.18764  1.18757  -0.00262637
1.18127  1.18142  1.18134  -0.00261488
1.17508  1.17523  1.17515  -0.00260338
1.16892  1.16907  1.16899  -0.00259202
1.16279  1.16294  1.16287  -0.00258072
1.1567  1.15684  1.15677  -0.00256942
1.15064  1.15078  1.15071  -0.00255825
1.14461  1.14475  1.14468  -0.00254709
1.13861  1.13875  1.13868  -0.00253605
1.13264  1.13279  1.13272  -0.00252507
1.12671  1.12685  1.12678  -0.0025141
1.12081  1.12095  1.12088  -0.00250319
1.11493  1.11507  1.115  -0.00249241
1.10909  1.10923  1.10916  -0.00248163
1.10328  1.10342  1.10335  -0.00247092
1.0975  1.09764  1.09757  -0.00246027
1.09175  1.09189  1.09182  -0.00244969
1.08603  1.08617  1.0861  -0.00243917
1.08034  1.08048  1.08041  -0.00242871
1.07468  1.07482  1.07475  -0.00241832
1.06905  1.06919  1.06912  -0.002408
1.06345  1.06358  1.06352  -0.00239767
1.05788  1.05801  1.05794  -0.00238748
1.05234  1.05247  1.0524  -0.00237728
1.04682  1.04695  1.04689  -0.00236715
1.04133  1.04146  1.0414  -0.00235709
1.03588  1.03601  1.03594  -0.00234709
1.03045  1.03058  1.03051  -0.00233716
1.02505  1.02517  1.02511  -0.00232722
1.01967  1.0198  1.01974  -0.00231735
1.01433  1.01445  1.01439  -0.00230761
1.00901  1.00913  1.00907  -0.00229787
1.00372  1.00384  1.00378  -0.00228813
0.998455  0.998578  0.998516  -0.00227852
0.993218  0.993341  0.993279  -0.00226891
0.988008  0.98813  0.988069  -0.00225943
0.982826  0.982947  0.982886  -0.00224995
0.977669  0.97779  0.977729  -0.00224053
0.972539  0.972659  0.972599  -0.00223112
0.967435  0.967554  0.967494  -0.00222177
0.962357  0.962476  0.962416  -0.00221255
0.957305  0.957423  0.957364  -0.00220326
0.952279  0.952396  0.952338  -0.00219411
0.947279  0.947395  0.947337  -0.00218502
0.942304  0.942419  0.942361  -0.00217593
0.937354  0.937469  0.937411  -0.0021669
0.932429  0.932543  0.932486  -0.00215787
0.927529  0.927643  0.927586  -0.00214898
0.922654  0.922767  0.922711  -0.00214008
0.917804  0.917916  0.91786  -0.00213119
0.912978  0.91309  0.913034  -0.00212242
0.908177  0.908288  0.908232  -0.00211365
0.9034  0.90351  0.903455  -0.00210495
0.898647  0.898757  0.898702  -0.00209632
0.893918  0.894027  0.893972  -0.00208768
0.889213  0.889321  0.889267  -0.00207911
0.884531  0.884639  0.884585  -0.0020706
0.879873  0.87998  0.879926  -0.0020621
0.875238  0.875345  0.875291  -0.00205366
0.870627  0.870733  0.87068  -0.00204528
0.866038  0.866144  0.866091  -0.00203697
0.861473  0.861578  0.861525  -0.00202866
0.856931  0.857035  0.856983  -0.00202034
0.852411  0.852515  0.852463  -0.00201216
0.847914  0.848017  0.847965  -0.00200398
0.843439  0.843542  0.84349  -0.00199586
0.838987  0.839089  0.839037  -0.00198775
0.834556  0.834658  0.834607  -0.0019797
0.830148  0.830249  0.830198  -0.00197164
0.825762  0.825862  0.825812  -0.00196372
0.821397  0.821497  0.821447  -0.0019558
0.817055  0.817154  0.817104  -0.00194788
0.812733  0.812832  0.812782  -0.00194002
0.808433  0.808532  0.808482  -0.00193223
0.804155  0.804253  0.804204  -0.00192444
0.799898  0.799995  0.799946  -0.00191671
0.795661  0.795758  0.79571  -0.00190898
0.791446  0.791543  0.791494  -0.00190132
0.787252  0.787347  0.787299  -0.00189372
0.783078  0.783173  0.783125  -0.00188613
0.778925  0.779019  0.778972  -0.00187859
0.774792  0.774886  0.774839  -0.00187113
0.77068  0.770773  0.770726  -0.00186366
0.766588  0.766681  0.766634  -0.00185619
0.762516  0.762608  0.762562  -0.00184879
0.758464  0.758556  0.758509  -0.00184145
0.754431  0.754523  0.754477  -0.00183411
0.750419  0.75051  0.750464  -0.00182684
0.746427  0.746517  0.746472  -0.00181957
0.742453  0.742544  0.742498  -0.00181236
0.7385  0.73859  0.738544  -0.00180522
0.734566  0.734655  0.73461  -0.00179808
0.730651  0.73074  0.730695  -0.00179093
0.726755  0.726843  0.726799  -0.00178386
0.722878  0.722966  0.722922  -0.00177684
0.71902  0.719108  0.719063  -0.00176983
0.715181  0.715268  0.715224  -0.00176282
0.711361  0.711447  0.711404  -0.00175587
0.707559  0.707645  0.707602  -0.00174899
0.703776  0.703861  0.703818  -0.0017421
0.700011  0.700096  0.700053  -0.00173529
0.696264  0.696349  0.696306  -0.00172847
0.692536  0.69262  0.692578  -0.00172165
0.688826  0.68891  0.688867  -0.00171496
0.685133  0.685217  0.685175  -0.00170821
0.681459  0.681542  0.6815  -0.00170152
0.677803  0.677885  0.677844  -0.0016949
0.674164  0.674246  0.674205  -0.00168827
0.670543  0.670624  0.670583  -0.00168165
0.666939  0.66702  0.666979  -0.00167509
0.663353  0.663434  0.663393  -0.0016686
0.659784  0.659865  0.659824  -0.00166211
0.656232  0.656313  0.656272  -0.00165561
0.652698  0.652778  0.652737  -0.00164918
0.64918  0.64926  0.64922  -0.00164282
0.64568  0.645759  0.645719  -0.00163639
0.642196  0.642275  0.642235  -0.00163009
0.63873  0.638808  0.638768  -0.00162373
0.63528  0.635357  0.635318  -0.0016175
0.631846  0.631924  0.631885  -0.0016112
0.628429  0.628506  0.628467  -0.00160496
0.625029  0.625105  0.625067  -0.0015988
0.621645  0.621721  0.621682  -0.00159263
0.618277  0.618352  0.618314  -0.00158646
0.614925  0.615  0.614962  -0.00158035
0.611589  0.611664  0.611626  -0.00157425
0.60827  0.608344  0.608307  -0.00156815
0.604966  0.60504  0.605003  -0.00156217
0.601678  0.601752  0.601715  -0.00155613
0.598406  0.598479  0.598442  -0.00155016
0.595149  0.595223  0.595186  -0.00154419
0.591909  0.591981  0.591945  -0.00153828
0.588683  0.588756  0.588719  -0.00153237
0.585473  0.585545  0.585509  -0.00152646
0.582279  0.58235  0.582314  -0.00152062
0.579099  0.579171  0.579135  -0.00151484
0.575935  0.576006  0.57597  -0.00150899
0.572786  0.572857  0.572821  -0.00150321
0.569652  0.569723  0.569687  -0.0014975
0.566533  0.566603  0.566568  -0.00149178
0.563429  0.563499  0.563464  -0.00148607
0.56034  0.560409  0.560374  -0.00148042
0.557265  0.557334  0.557299  -0.00147477
0.554205  0.554274  0.554239  -0.00146912
0.55116  0.551228  0.551194  -0.00146354
0.548129  0.548197  0.548162  -0.00145795
0.545112  0.54518  0.545146  -0.00145244
0.54211  0.542178  0.542144  -0.00144685
0.539122  0.53919  0.539156  -0.0014414
0.536149  0.536216  0.536182  -0.00143588
0.533189  0.533256  0.533222  -0.00143042
0.530244  0.53031  0.530277  -0.00142503
0.527312  0.527378  0.527345  -0.00141958
0.524395  0.52446  0.524427  -0.00141419
0.521491  0.521557  0.521524  -0.00140886
0.518602  0.518666  0.518634  -0.00140348
0.515725  0.51579  0.515757  -0.00139822
0.512863  0.512927  0.512895  -0.00139289
0.510014  0.510078  0.510046  -0.00138763
0.507179  0.507242  0.50721  -0.00138237
0.504357  0.50442  0.504388  -0.00137711
0.501548  0.501611  0.501579  -0.00137192
0.498753  0.498816  0.498784  -0.00136672
0.495971  0.496033  0.496002  -0.00136159
0.493202  0.493264  0.493233  -0.00135646
0.490446  0.490508  0.490477  -0.00135133
0.487704  0.487765  0.487734  -0.0013462
0.484974  0.485035  0.485004  -0.00134114
0.482257  0.482318  0.482287  -0.00133607
0.479553  0.479614  0.479583  -0.00133101
0.476862  0.476923  0.476892  -0.00132601
0.474184  0.474244  0.474213  -0.00132101
0.471518  0.471578  0.471548  -0.00131601
0.468865  0.468925  0.468894  -0.00131107
0.466224  0.466284  0.466254  -0.00130614
0.463596  0.463655  0.463625  -0.0013012
0.460981  0.461039  0.46101  -0.00129633
0.458377  0.458436  0.458406  -0.00129146
0.455786  0.455845  0.455815  -0.00128659
0.453208  0.453266  0.453236  -0.00128172
0.450641  0.450699  0.45067  -0.00127692
0.448087  0.448144  0.448115  -0.00127211
0.445544  0.445602  0.445573  -0.00126731
0.443014  0.443071  0.443042  -0.00126257
0.440496  0.440552  0.440524  -0.00125783
0.437989  0.438046  0.438017  -0.00125309
0.435495  0.435551  0.435522  -0.00124841
0.433012  0.433068  0.433039  -0.00124374
0.430541  0.430596  0.430568  -0.00123906
0.428081  0.428137  0.428108  -0.00123439
0.425633  0.425688  0.42566  -0.00122978
0.423197  0.423252  0.423224  -0.00122517
0.420772  0.420827  0.420799  -0.00122056
0.418359  0.418413  0.418386  -0.00121595
0.415957  0.416011  0.415984  -0.0012114
0.413567  0.41362  0.413593  -0.00120686
0.411187  0.411241  0.411214  -0.00120231
0.408819  0.408873  0.408845  -0.00119783
0.406462  0.406515  0.406489  -0.00119329
0.404117  0.404169  0.404143  -0.0011888
0.401782  0.401835  0.401808  -0.00118439
0.399458  0.399511  0.399484  -0.00117991
0.397146  0.397198  0.397171  -0.00117549
0.394844  0.394896  0.39487  -0.00117108
0.392553  0.392605  0.392579  -0.00116673
0.390273  0.390325  0.390298  -0.00116231
0.388004  0.388055  0.388029  -0.00115796
0.385745  0.385796  0.38577  -0.00115361
0.383498  0.383548  0.383523  -0.00114932
0.38126  0.381311  0.381285  -0.00114497
0.379034  0.379084  0.379058  -0.00114069
0.376818  0.376868  0.376842  -0.0011364
0.374612  0.374662  0.374636  -0.00113212
0.372417  0.372466  0.372441  -0.0011279
0.370232  0.370281  0.370256  -0.00112368
0.368057  0.368107  0.368082  -0.00111946
0.365893  0.365942  0.365917  -0.00111523
0.363739  0.363788  0.363763  -0.00111108
0.361596  0.361644  0.361619  -0.00110686
0.359462  0.35951  0.359486  -0.0011027
0.357338  0.357386  0.357362  -0.00109855
0.355225  0.355273  0.355248  -0.00109446
0.353122  0.353169  0.353145  -0.00109037
0.351028  0.351075  0.351051  -0.00108621
0.348945  0.348992  0.348968  -0.00108218
0.346871  0.346918  0.346894  -0.00107809
0.344807  0.344854  0.34483  -0.001074
0.342753  0.342799  0.342776  -0.00106998
0.340709  0.340755  0.340731  -0.00106595
0.338674  0.33872  0.338697  -0.00106192
0.336649  0.336695  0.336672  -0.00105796
0.334634  0.334679  0.334656  -0.001054
0.332628  0.332673  0.33265  -0.00104998
0.330632  0.330677  0.330654  -0.00104602
0.328645  0.32869  0.328667  -0.00104212
0.326668  0.326712  0.32669  -0.00103816
0.3247  0.324744  0.324722  -0.00103426
0.322741  0.322786  0.322763  -0.00103037
0.320792  0.320836  0.320813  -0.00102647
0.318852  0.318896  0.318873  -0.00102257
0.316921  0.316965  0.316943  -0.00101874
0.314999  0.315043  0.315021  -0.00101491
0.313087  0.313131  0.313108  -0.00101108
0.311184  0.311227  0.311205  -0.00100725
0.30929  0.309333  0.309311  -0.00100342
0.307404  0.307447  0.307425  -0.000999653
0.305528  0.305571  0.305549  -0.000995822
0.303661  0.303704  0.303682  -0.000992056
0.301803  0.301845  0.301823  -0.00098829
0.299953  0.299995  0.299974  -0.000984588
0.298113  0.298155  0.298133  -0.000980822
0.296281  0.296323  0.296301  -0.000977121
0.294458  0.294499  0.294478  -0.00097342
0.292643  0.292685  0.292664  -0.000969719
0.290838  0.290879  0.290858  -0.000966017
0.289041  0.289082  0.289061  -0.000962316
0.287252  0.287293  0.287272  -0.00095868
0.285473  0.285513  0.285492  -0.000955044
0.283701  0.283742  0.283721  -0.000951407
0.281938  0.281979  0.281958  -0.000947771
0.280184  0.280224  0.280204  -0.000944135
0.278438  0.278478  0.278458  -0.000940563
0.276701  0.276741  0.27672  -0.000936992
0.274972  0.275011  0.274991  -0.000933421
0.273251  0.27329  0.27327  -0.000929849
0.271538  0.271578  0.271557  -0.000926278
0.269834  0.269873  0.269853  -0.000922707
0.268138  0.268177  0.268157  -0.0009192
0.26645  0.266489  0.266469  -0.000915694
0.26477  0.264809  0.264789  -0.000912187
0.263098  0.263137  0.263117  -0.000908681
0.261435  0.261473  0.261454  -0.000905175
0.259779  0.259818  0.259798  -0.000901668
0.258132  0.25817  0.25815  -0.000898227
0.256492  0.25653  0.256511  -0.000894785
0.254861  0.254898  0.254879  -0.000891344
0.253237  0.253274  0.253255  -0.000887902
0.251621  0.251658  0.251639  -0.000884461
0.250013  0.25005  0.250031  -0.000881084
0.248413  0.24845  0.248431  -0.000877643
0.24682  0.246857  0.246838  -0.000874266
0.245236  0.245272  0.245253  -0.00087089
0.243659  0.243695  0.243676  -0.000867513
0.242089  0.242126  0.242107  -0.000864137
0.240527  0.240564  0.240545  -0.000860825
0.238973  0.23901  0.238991  -0.000857448
0.237427  0.237463  0.237444  -0.000854137
0.235888  0.235924  0.235905  -0.000850825
0.234357  0.234392  0.234374  -0.000847514
0.232833  0.232868  0.23285  -0.000844202
0.231316  0.231351  0.231333  -0.00084089
0.229807  0.229842  0.229824  -0.000837644
0.228305  0.22834  0.228322  -0.000834332
0.226811  0.226846  0.226828  -0.000831085
0.225324  0.225359  0.225341  -0.000827839
0.223844  0.223879  0.223861  -0.000824592
0.222372  0.222406  0.222389  -0.000821345
0.220907  0.220941  0.220923  -0.000818164
0.219449  0.219483  0.219465  -0.000814917
0.217998  0.218032  0.218015  -0.000811735
0.216554  0.216588  0.216571  -0.000808553
0.215118  0.215152  0.215134  -0.000805372
0.213688  0.213722  0.213705  -0.00080219
0.212266  0.212299  0.212282  -0.000799008
0.210851  0.210884  0.210867  -0.000795826
0.209443  0.209476  0.209459  -0.00079271
0.208041  0.208074  0.208057  -0.000789593
0.206647  0.20668  0.206663  -0.000786411
0.205259  0.205292  0.205275  -0.000783294
0.203879  0.203911  0.203895  -0.000780177
0.202505  0.202537  0.202521  -0.000777125
0.201138  0.201171  0.201154  -0.000774009
0.199778  0.19981  0.199794  -0.000770892
0.198425  0.198457  0.19844  -0.00076784
0.197079  0.19711  0.197094  -0.000764788
0.195739  0.19577  0.195754  -0.000761736
0.194406  0.194437  0.194421  -0.000758684
0.193079  0.193111  0.193095  -0.000755632
0.19176  0.191791  0.191775  -0.000752581
0.190446  0.190478  0.190462  -0.000749529
0.18914  0.189171  0.189155  -0.000746542
0.18784  0.187871  0.187855  -0.000743555
0.186547  0.186577  0.186561  -0.000740503
0.18526  0.18529  0.185274  -0.000737516
0.183979  0.18401  0.183994  -0.000734529
0.182705  0.182736  0.18272  -0.000731542
0.181438  0.181468  0.181452  -0.00072862
0.180177  0.180207  0.180191  -0.000725633
0.178922  0.178952  0.178936  -0.000722711
0.177674  0.177703  0.177688  -0.000719724
0.176432  0.176461  0.176446  -0.000716802
0.175196  0.175225  0.17521  -0.00071388
0.173967  0.173996  0.173981  -0.000710958
0.172743  0.172773  0.172758  -0.000708036
0.171527  0.171556  0.171541  -0.000705179
0.170316  0.170345  0.17033  -0.000702257
0.169111  0.16914  0.169125  -0.000699335
0.167913  0.167942  0.167927  -0.000696478
0.166721  0.166749  0.166735  -0.000693621
0.165535  0.165563  0.165548  -0.000690764
0.164355  0.164383  0.164368  -0.000687907
0.163181  0.163209  0.163194  -0.00068505
0.162013  0.162041  0.162026  -0.000682193
0.160851  0.160879  0.160865  -0.000679335
0.159695  0.159723  0.159709  -0.000676543
0.158545  0.158573  0.158559  -0.000673686
0.157401  0.157429  0.157415  -0.000670894
0.156263  0.156291  0.156277  -0.000668102
0.155131  0.155159  0.155144  -0.00066531
0.154005  0.154032  0.154018  -0.000662518
0.152885  0.152912  0.152898  -0.000659726
0.15177  0.151797  0.151783  -0.000656933
0.150661  0.150688  0.150674  -0.000654141
0.149558  0.149585  0.149571  -0.000651414
0.148461  0.148488  0.148474  -0.000648622
0.14737  0.147396  0.147382  -0.000645895
0.146284  0.14631  0.146297  -0.000643167
0.145204  0.14523  0.145217  -0.00064044
0.14413  0.144156  0.144142  -0.000637713
0.143061  0.143087  0.143073  -0.000634986
0.141998  0.142024  0.14201  -0.000632259
0.14094  0.140966  0.140953  -0.000629531
0.139889  0.139914  0.139901  -0.000626869
0.138842  0.138868  0.138855  -0.000624142
0.137802  0.137827  0.137814  -0.00062148
0.136766  0.136792  0.136779  -0.000618752
0.135737  0.135762  0.135749  -0.00061609
0.134713  0.134738  0.134725  -0.000613428
0.133694  0.133719  0.133706  -0.000610766
0.13268  0.132705  0.132692  -0.000608103
0.131673  0.131697  0.131684  -0.000605441
0.13067  0.130695  0.130682  -0.000602844
0.129673  0.129697  0.129685  -0.000600181
0.128681  0.128706  0.128693  -0.000597584
0.127695  0.127719  0.127706  -0.000594922
0.126714  0.126738  0.126725  -0.000592324
0.125738  0.125762  0.125749  -0.000589727
0.124767  0.124791  0.124779  -0.00058713
0.123802  0.123826  0.123814  -0.000584532
0.122842  0.122866  0.122853  -0.000581935
0.121887  0.121911  0.121899  -0.000579338
0.120938  0.120961  0.120949  -0.000576805
0.119993  0.120017  0.120004  -0.000574208
0.119054  0.119077  0.119065  -0.000571611
0.11812  0.118143  0.118131  -0.000569078
0.117191  0.117214  0.117202  -0.000566546
0.116267  0.11629  0.116278  -0.000564013
0.115348  0.115371  0.115359  -0.000561416
0.114434  0.114457  0.114445  -0.000558884
0.113526  0.113548  0.113536  -0.000556351
0.112622  0.112644  0.112633  -0.000553884
0.111723  0.111745  0.111734  -0.000551351
0.110829  0.110852  0.11084  -0.000548819
0.109941  0.109963  0.109951  -0.000546351
0.109057  0.109079  0.109067  -0.000543819
0.108178  0.1082  0.108188  -0.000541352
0.107304  0.107326  0.107314  -0.000538884
0.106435  0.106457  0.106445  -0.000536352
0.105571  0.105592  0.105581  -0.000533884
0.104711  0.104733  0.104721  -0.000531417
0.103857  0.103878  0.103867  -0.000528949
0.103007  0.103028  0.103017  -0.000526547
0.102162  0.102183  0.102172  -0.000524079
0.101322  0.101343  0.101332  -0.000521612
0.100487  0.100508  0.100497  -0.000519209
0.099656  0.0996769  0.0996659  -0.000516742
0.0988301  0.0988508  0.0988399  -0.000514339
0.0980088  0.0980296  0.0980187  -0.000511872
0.0971924  0.097213  0.0972022  -0.000509469
0.0963805  0.096401  0.0963903  -0.000507067
0.0955734  0.0955938  0.0955831  -0.000504664
0.0947708  0.0947911  0.0947805  -0.000502261
0.0939729  0.0939932  0.0939825  -0.000499859
0.0931796  0.0931997  0.0931892  -0.000497456
0.0923909  0.0924109  0.0924004  -0.000495119
0.0916068  0.0916267  0.0916162  -0.000492716
0.0908272  0.090847  0.0908365  -0.000490314
0.0900521  0.0900718  0.0900614  -0.000487976
0.0892816  0.0893012  0.0892909  -0.000485638
0.0885156  0.088535  0.0885248  -0.000483236
0.0877539  0.0877734  0.0877632  -0.000480898
0.0869969  0.0870162  0.087006  -0.000478561
0.0862442  0.0862635  0.0862533  -0.000476223
0.085496  0.0855152  0.0855051  -0.000473886
0.0847523  0.0847713  0.0847613  -0.000471548
0.0840129  0.0840318  0.0840218  -0.00046921
0.0832779  0.0832967  0.0832868  -0.000466938
0.0825472  0.082566  0.0825561  -0.0004646
0.081821  0.0818396  0.0818298  -0.000462262
0.081099  0.0811175  0.0811078  -0.00045999
0.0803814  0.0803998  0.0803901  -0.000457652
0.0796681  0.0796864  0.0796767  -0.000455379
0.078959  0.0789773  0.0789677  -0.000453107
0.0782543  0.0782725  0.0782629  -0.000450834
0.0775538  0.0775718  0.0775623  -0.000448561
0.0768575  0.0768755  0.0768659  -0.000446289
0.0761654  0.0761834  0.0761739  -0.000444016
0.0754776  0.0754954  0.075486  -0.000441743
0.074794  0.0748117  0.0748023  -0.000439471
0.0741145  0.0741321  0.0741228  -0.000437263
0.0734392  0.0734567  0.0734474  -0.00043499
0.072768  0.0727855  0.0727762  -0.000432718
0.072101  0.0721183  0.0721092  -0.00043051
0.0714381  0.0714553  0.0714462  -0.000428302
0.0707793  0.0707964  0.0707873  -0.000426029
0.0701245  0.0701415  0.0701325  -0.000423822
0.0694738  0.0694908  0.0694818  -0.000421614
0.0688272  0.0688441  0.0688351  -0.000419406
0.0681846  0.0682014  0.0681925  -0.000417198
0.0675461  0.0675628  0.0675539  -0.000414991
0.0669116  0.0669281  0.0669193  -0.000412783
0.066281  0.0662975  0.0662887  -0.000410575
0.0656544  0.0656708  0.065662  -0.000408432
0.0650317  0.0650481  0.0650394  -0.000406225
0.0644131  0.0644293  0.0644207  -0.000404082
0.0637983  0.0638145  0.0638059  -0.000401874
0.0631875  0.0632036  0.063195  -0.000399731
0.0625806  0.0625966  0.0625881  -0.000397524
0.0619776  0.0619934  0.061985  -0.000395381
0.0613784  0.0613942  0.0613858  -0.000393238
0.0607831  0.0607988  0.0607905  -0.000391095
0.0601916  0.0602073  0.0601989  -0.000388952
0.0596041  0.0596196  0.0596113  -0.00038681
0.0590202  0.0590356  0.0590274  -0.000384667
0.0584402  0.0584556  0.0584474  -0.000382524
0.057864  0.0578793  0.0578711  -0.000380446
0.0572916  0.0573067  0.0572986  -0.000378303
0.0567229  0.056738  0.0567299  -0.00037616
0.0561579  0.0561729  0.0561649  -0.000374083
0.0555967  0.0556116  0.0556036  -0.000372005
0.0550392  0.055054  0.0550461  -0.000369862
0.0544854  0.0545001  0.0544923  -0.000367784
0.0539353  0.05395  0.0539421  -0.000365706
0.0533889  0.0534035  0.0533956  -0.000363628
0.0528461  0.0528606  0.0528528  -0.00036155
0.052307  0.0523214  0.0523136  -0.000359472
0.0517715  0.0517858  0.0517781  -0.000357395
0.0512396  0.0512539  0.0512462  -0.000355317
0.0507113  0.0507255  0.0507179  -0.000353239
0.0501867  0.0502008  0.0501932  -0.000351161
0.0496656  0.0496796  0.0496721  -0.000349148
0.0491481  0.049162  0.0491545  -0.00034707
0.0486341  0.0486479  0.0486405  -0.000345057
0.0481237  0.0481374  0.04813  -0.000342979
0.0476167  0.0476304  0.047623  -0.000340966
0.0471133  0.0471269  0.0471196  -0.000338953
0.0466134  0.0466269  0.0466196  -0.000336876
0.046117  0.0461304  0.0461231  -0.000334863
0.045624  0.0456374  0.0456301  -0.00033285
0.0451345  0.0451478  0.0451406  -0.000330837
0.0446485  0.0446616  0.0446545  -0.000328824
0.0441658  0.0441789  0.0441719  -0.000326876
0.0436866  0.0436996  0.0436926  -0.000324863
0.0432109  0.0432237  0.0432168  -0.00032285
0.0427384  0.0427513  0.0427443  -0.000320837
0.0422694  0.0422821  0.0422752  -0.000318889
0.0418037  0.0418164  0.0418095  -0.000316876
0.0413414  0.041354  0.0413472  -0.000314928
0.0408824  0.0408949  0.0408882  -0.00031298
0.0404268  0.0404392  0.0404325  -0.000310967
0.0399744  0.0399868  0.0399801  -0.000309019
0.0395254  0.0395377  0.039531  -0.000307071
0.0390796  0.0390919  0.0390852  -0.000305123
0.0386372  0.0386493  0.0386427  -0.000303175
0.038198  0.03821  0.0382035  -0.000301227
0.037762  0.037774  0.0377675  -0.000299279
0.0373293  0.0373412  0.0373347  -0.000297331
0.0368998  0.0369116  0.0369052  -0.000295383
0.0364735  0.0364852  0.0364789  -0.0002935
0.0360505  0.0360621  0.0360558  -0.000291552
0.0356306  0.0356421  0.0356358  -0.000289669
0.0352138  0.0352253  0.0352191  -0.000287721
0.0348003  0.0348117  0.0348055  -0.000285838
0.0343899  0.0344012  0.034395  -0.000283955
0.0339826  0.0339939  0.0339877  -0.000282007
0.0335785  0.0335896  0.0335835  -0.000280124
0.0331774  0.0331885  0.0331824  -0.000278241
0.0327795  0.0327905  0.0327845  -0.000276357
0.0323847  0.0323956  0.0323896  -0.000274474
0.0319929  0.0320038  0.0319978  -0.000272591
0.0316042  0.031615  0.031609  -0.000270708
0.0312186  0.0312292  0.0312234  -0.00026889
0.0308359  0.0308466  0.0308407  -0.000267007
0.0304563  0.0304669  0.0304611  -0.000265124
0.0300798  0.0300903  0.0300845  -0.000263306
0.0297062  0.0297166  0.0297109  -0.000261423
0.0293356  0.029346  0.0293403  -0.000259605
0.0289681  0.0289783  0.0289727  -0.000257722
0.0286035  0.0286136  0.028608  -0.000255903
0.0282418  0.0282519  0.0282463  -0.000254085
0.027883  0.0278931  0.0278875  -0.000252267
0.0275272  0.0275372  0.0275317  -0.000250449
0.0271744  0.0271843  0.0271788  -0.000248631
0.0268244  0.0268342  0.0268288  -0.000246813
0.0264773  0.0264871  0.0264817  -0.000244995
0.0261332  0.0261428  0.0261375  -0.000243176
0.0257918  0.0258014  0.0257961  -0.000241423
0.0254534  0.0254629  0.0254576  -0.000239605
0.0251178  0.0251272  0.025122  -0.000237787
0.024785  0.0247944  0.0247892  -0.000236034
0.024455  0.0244644  0.0244592  -0.000234216
0.024128  0.0241372  0.0241321  -0.000232462
0.0238036  0.0238128  0.0238076  -0.000230709
0.0234821  0.0234912  0.0234861  -0.000228891
0.0231633  0.0231723  0.0231673  -0.000227138
0.0228473  0.0228563  0.0228513  -0.000225385
0.0225341  0.022543  0.022538  -0.000223631
0.0222237  0.0222324  0.0222275  -0.000221878
0.0219159  0.0219246  0.0219197  -0.000220125
0.0216109  0.0216195  0.0216146  -0.000218437
0.0213085  0.0213171  0.0213123  -0.000216683
0.0210089  0.0210175  0.0210126  -0.00021493
0.020712  0.0207204  0.0207157  -0.000213242
0.0204177  0.0204261  0.0204214  -0.000211489
0.0201261  0.0201344  0.0201297  -0.000209801
0.0198372  0.0198455  0.0198408  -0.000208047
0.0195509  0.019559  0.0195544  -0.000206359
0.0192672  0.0192753  0.0192707  -0.000204671
0.0189862  0.0189943  0.0189897  -0.000202918
0.0187078  0.0187158  0.0187112  -0.000201229
0.0184319  0.0184398  0.0184354  -0.000199541
0.0181587  0.0181665  0.0181621  -0.000197853
0.017888  0.0178958  0.0178914  -0.000196229
0.0176199  0.0176276  0.0176232  -0.000194541
0.0173543  0.0173619  0.0173576  -0.000192853
0.0170913  0.0170988  0.0170946  -0.000191165
0.0168308  0.0168383  0.016834  -0.000189541
0.0165728  0.0165802  0.016576  -0.000187853
0.0163174  0.0163247  0.0163205  -0.00018623
0.0160644  0.0160717  0.0160675  -0.000184541
0.0158139  0.0158211  0.015817  -0.000182918
0.0155659  0.015573  0.0155689  -0.000181295
0.0153203  0.0153274  0.0153234  -0.000179671
0.0150773  0.0150843  0.0150802  -0.000178048
0.0148366  0.0148436  0.0148395  -0.000176425
0.0145984  0.0146053  0.0146013  -0.000174801
0.0143625  0.0143694  0.0143655  -0.000173178
0.0141292  0.0141359  0.014132  -0.000171555
0.0138981  0.0139048  0.013901  -0.000169931
0.0136695  0.0136762  0.0136723  -0.000168373
0.0134433  0.0134498  0.0134461  -0.00016675
0.0132194  0.0132259  0.0132222  -0.000165191
0.0129979  0.0130043  0.0130006  -0.000163568
0.0127787  0.0127851  0.0127814  -0.000162009
0.0125619  0.0125682  0.0125645  -0.000160451
0.0123473  0.0123536  0.0123499  -0.000158828
0.0121351  0.0121413  0.0121377  -0.000157269
0.0119252  0.0119313  0.0119277  -0.000155711
0.0117175  0.0117236  0.0117201  -0.000154152
0.0115122  0.0115182  0.0115147  -0.000152594
0.0113091  0.011315  0.0113116  -0.000151101
0.0111083  0.0111141  0.0111107  -0.000149542
0.0109097  0.0109155  0.010912  -0.000147984
0.0107133  0.010719  0.0107157  -0.00014649
0.0105192  0.0105248  0.0105215  -0.000144932
0.0103272  0.0103329  0.0103296  -0.000143438
0.0101375  0.0101431  0.0101398  -0.00014188
0.00994997  0.00995549  0.00995225  -0.000140386
0.00976465  0.00977004  0.00976686  -0.000138893
0.00958141  0.0095868  0.00958362  -0.0001374
0.00940037  0.0094057  0.00940258  -0.000135906
0.00922148  0.00922674  0.00922362  -0.000134413
0.00904473  0.00904993  0.00904688  -0.000132919
0.00887013  0.00887526  0.0088722  -0.000131426
0.0086976  0.00870273  0.00869968  -0.000129997
0.00852721  0.00853221  0.00852922  -0.000128504
0.0083589  0.00836384  0.00836085  -0.00012701
0.00819267  0.00819754  0.00819462  -0.000125582
0.00802852  0.00803333  0.0080304  -0.000124088
0.00786638  0.00787119  0.00786827  -0.00012266
0.00770632  0.00771106  0.0077082  -0.000121231
0.00754834  0.00755301  0.00755016  -0.000119803
0.0073923  0.00739691  0.00739412  -0.000118374
0.00723834  0.00724289  0.00724016  -0.000116945
0.0070864  0.00709088  0.00708815  -0.000115517
0.0069364  0.00694082  0.00693816  -0.000114088
0.00678842  0.00679284  0.00679011  -0.00011266
0.00664238  0.00664673  0.00664407  -0.000111296
0.00649836  0.00650265  0.00649998  -0.000109868
0.00635622  0.00636044  0.00635784  -0.000108504
0.00621609  0.00622025  0.00621765  -0.00010714
0.00607785  0.00608194  0.00607941  -0.000105712
0.00594156  0.00594558  0.00594305  -0.000104348
0.00580714  0.0058111  0.00580864  -0.000102985
0.00567461  0.00567857  0.00567611  -0.000101621
0.00554403  0.00554786  0.00554546  -0.000100257
0.00541527  0.0054191  0.0054167  -9.88939e-05
0.00528839  0.00529215  0.00528975  -9.75303e-05
0.00516333  0.00516709  0.00516475  -9.62316e-05
0.00504015  0.00504385  0.00504151  -9.4868e-05
0.00491879  0.00492242  0.00492015  -9.35693e-05
0.00479924  0.00480281  0.00480054  -9.22057e-05
0.00468152  0.00468503  0.00468282  -9.09071e-05
0.00456561  0.00456905  0.00456685  -8.96084e-05
0.00445146  0.0044549  0.00445269  -8.83097e-05
0.00433912  0.00434244  0.00434029  -8.7011e-05
0.00422854  0.00423179  0.00422971  -8.57124e-05
0.00411965  0.00412289  0.00412082  -8.44137e-05
0.00401257  0.00401575  0.00401368  -8.3115e-05
0.00390719  0.00391037  0.00390829  -8.18164e-05
0.00380355  0.00380667  0.00380466  -8.05826e-05
0.00370161  0.00370466  0.00370271  -7.92839e-05
0.00360141  0.0036044  0.00360245  -7.80502e-05
0.00350284  0.00350577  0.00350388  -7.68165e-05
0.00340596  0.00340888  0.00340694  -7.55827e-05
0.00331077  0.00331363  0.00331174  -7.4349e-05
0.0032172  0.00321999  0.00321817  -7.31152e-05
0.00312532  0.00312805  0.00312623  -7.18815e-05
0.00303506  0.00303772  0.00303591  -7.06478e-05
0.00294636  0.00294902  0.00294727  -6.9414e-05
0.00285935  0.00286195  0.0028602  -6.82452e-05
0.0027739  0.00277643  0.00277474  -6.70115e-05
0.00269007  0.00269254  0.00269085  -6.58427e-05
0.00260773  0.0026102  0.00260851  -6.46739e-05
0.00252702  0.00252942  0.0025278  -6.35051e-05
0.00244787  0.0024502  0.00244858  -6.22713e-05
0.00237021  0.00237254  0.00237092  -6.11675e-05
0.00229417  0.00229638  0.00229482  -5.99987e-05
0.00221956  0.00222177  0.00222021  -5.88299e-05
0.00214651  0.00214865  0.00214716  -5.7661e-05
0.00207489  0.00207703  0.00207554  -5.65572e-05
0.00200483  0.0020069  0.00200541  -5.54533e-05
0.00193619  0.0019382  0.00193677  -5.42845e-05
0.00186898  0.001871  0.00186957  -5.31806e-05
0.00180327  0.00180522  0.00180386  -5.20768e-05
0.00173899  0.00174087  0.00173951  -5.09729e-05
0.00167613  0.00167801  0.00167665  -4.9869e-05
0.0016147  0.00161652  0.00161516  -4.88301e-05
0.00155464  0.00155639  0.0015551  -4.77262e-05
0.00149601  0.00149769  0.00149646  -4.66873e-05
0.00143873  0.00144036  0.00143912  -4.55834e-05
0.00138276  0.00138445  0.00138322  -4.45445e-05
0.00132822  0.00132978  0.00132861  -4.35055e-05
0.00127497  0.00127653  0.00127536  -4.24666e-05
0.00122309  0.00122458  0.00122341  -4.14276e-05
0.00117251  0.00117393  0.00117283  -4.03887e-05
0.00112322  0.00112465  0.00112355  -3.94147e-05
0.00107524  0.0010766  0.0010755  -3.83758e-05
0.00102848  0.00102985  0.00102874  -3.74018e-05
0.00098303  0.000984329  0.00098329  -3.64278e-05
0.00093881  0.000940109  0.00093907  -3.54538e-05
0.000895889  0.000897058  0.000896084  -3.44797e-05
0.000854137  0.000855306  0.000854332  -3.35057e-05
0.000813618  0.000814722  0.000813813  -3.25317e-05
0.000774268  0.000775372  0.000774463  -3.15577e-05
0.000736152  0.000737191  0.000736282  -3.06487e-05
0.00069914  0.000700179  0.000699335  -2.97396e-05
0.000663362  0.000664336  0.000663492  -2.88305e-05
0.000628687  0.000629661  0.000628817  -2.79215e-05
0.000595182  0.000596091  0.000595246  -2.70124e-05
0.00056278  0.000563624  0.000562845  -2.61033e-05
0.000531417  0.000532326  0.000531547  -2.52592e-05
0.000501223  0.000502067  0.000501287  -2.43501e-05
0.000472132  0.000472912  0.000472132  -2.3506e-05
0.000444016  0.000444795  0.000444081  -2.26618e-05
0.000417004  0.000417718  0.000417069  -2.18177e-05
0.00039103  0.000391744  0.00039103  -2.09736e-05
0.000366031  0.000366745  0.000366096  -2.01944e-05
0.00034207  0.00034272  0.00034207  -1.93502e-05
0.000319149  0.000319733  0.000319084  -1.8571e-05
0.000297136  0.000297721  0.000297136  -1.77918e-05
0.000276098  0.000276617  0.000276098  -1.70126e-05
0.000256033  0.000256553  0.000255968  -1.62334e-05
0.000236878  0.000237332  0.000236813  -1.55191e-05
0.000218631  0.000219086  0.000218567  -1.47399e-05
0.000201294  0.000201684  0.000201164  -1.40257e-05
0.000184801  0.000185191  0.000184736  -1.33114e-05
0.000169217  0.000169607  0.000169087  -1.25971e-05
0.000154477  0.000154802  0.000154347  -1.19478e-05
0.000140516  0.000140841  0.000140451  -1.12335e-05
0.000127465  0.000127724  0.000127335  -1.05842e-05
0.000115127  0.000115387  0.000114997  -9.93484e-06
0.000103634  0.000103829  0.000103439  -9.28551e-06
9.28551e-05  9.30499e-05  9.27252e-05  -8.7011e-06
8.27904e-05  8.29852e-05  8.26605e-05  -8.05177e-06
7.35049e-05  7.36997e-05  7.331e-05  -7.46737e-06
6.48687e-05  6.50635e-05  6.47388e-05  -6.88296e-06
5.69468e-05  5.70766e-05  5.68169e-05  -6.36349e-06
4.96742e-05  4.98041e-05  4.95443e-05  -5.77909e-06
4.3051e-05  4.31809e-05  4.29211e-05  -5.25962e-06
3.70771e-05  3.7142e-05  3.68823e-05  -4.74015e-06
3.16876e-05  3.17525e-05  3.14928e-05  -4.28562e-06
2.68176e-05  2.68825e-05  2.66877e-05  -3.83108e-06
2.25969e-05  2.25969e-05  2.24021e-05  -3.37655e-06
1.88307e-05  1.88307e-05  1.87009e-05  -2.92201e-06
1.55841e-05  1.55841e-05  1.53893e-05  -2.53241e-06
1.2727e-05  1.27919e-05  1.25971e-05  -2.14281e-06
1.03244e-05  1.03244e-05  1.01946e-05  -1.81814e-06
8.3115e-06  8.3115e-06  8.18164e-06  -1.55841e-06
6.62323e-06  6.62323e-06  6.55829e-06  -1.29867e-06
5.25962e-06  5.25962e-06  5.12976e-06  -1.03894e-06
4.09082e-06  4.09082e-06  4.02588e-06  -8.44137e-07
3.18175e-06  3.18175e-06  3.11681e-06  -6.49336e-07
2.40254e-06  2.40254e-06  2.33761e-06  -5.19469e-07
1.81814e-06  1.81814e-06  1.81814e-06  -4.54535e-07
1.36361e-06  1.36361e-06  1.36361e-06  -3.24668e-07
