5e-07  0.475 0.5
1.68  0.22  2e-05
0.042201 0.510577  13.2578  25.9662  100
6.45568e-06  1.32372e-09  1.35067e-14
93  196
0.933446  1.06655  0.866711  0.107393
2.43892  2.66313  2.52363  0.266336
3.65271  3.79371  3.70032  0.33112
4.5103  4.60019  4.54712  0.333585
5.09808  5.1614  5.1284  0.311417
5.49698  5.53035  5.52202  0.270709
5.72866  5.74923  5.74905  0.227202
5.84248  5.84813  5.861  0.183079
5.86069  5.85761  5.87299  0.140059
5.8036  5.79484  5.81624  0.103294
5.6965  5.68128  5.70292  0.0682235
5.54395  5.52715  5.55097  0.0402653
5.36721  5.3463  5.36947  0.0144214
5.16646  5.14532  5.16875  -0.0057165
4.95579  4.93255  4.95499  -0.0235068
4.73548  4.7124  4.73421  -0.0372575
4.51347  4.48967  4.51037  -0.0487822
4.2907  4.26723  4.28696  -0.0575523
4.07117  4.04776  4.06637  -0.0644639
3.85591  3.833  3.85057  -0.0695007
3.64684  3.62438  3.64089  -0.0731166
3.44467  3.42285  3.43835  -0.0754534
3.25026  3.22909  3.24362  -0.0767688
3.06397  3.04351  3.05713  -0.0772184
2.88609  2.86636  2.87911  -0.0769683
2.71668  2.69772  2.70964  -0.0761455
2.55574  2.53754  2.54869  -0.0748654
2.40315  2.38571  2.39614  -0.0732225
2.25872  2.24204  2.25179  -0.0712991
2.12222  2.10628  2.1154  -0.0691627
1.99337  1.97816  1.98669  -0.066871
1.87188  1.85738  1.86536  -0.0644712
1.75744  1.74363  1.75109  -0.0620041
1.64972  1.63658  1.64357  -0.0595014
1.5484  1.53591  1.54245  -0.0569912
1.45316  1.44129  1.44741  -0.0544945
1.36368  1.35241  1.35814  -0.0520292
1.27965  1.26895  1.27432  -0.0496098
1.20076  1.19062  1.19564  -0.0472474
1.12673  1.11711  1.12182  -0.0449499
1.05728  1.04815  1.05257  -0.0427242
0.992128  0.983484  0.987627  -0.0405745
0.931029  0.92284  0.926727  -0.0385045
0.873738  0.865982  0.86963  -0.0365153
0.820022  0.81268  0.816103  -0.0346082
0.769665  0.762714  0.765928  -0.0327832
0.722457  0.715879  0.718897  -0.0310393
0.678205  0.67198  0.674815  -0.029376
0.636723  0.630834  0.633497  -0.0277908
0.597839  0.592268  0.594771  -0.0262825
0.561389  0.556119  0.558472  -0.0248485
0.527219  0.522235  0.524448  -0.0234863
0.495186  0.490473  0.492553  -0.0221938
0.465154  0.460697  0.462654  -0.0209676
0.436996  0.432782  0.434623  -0.019806
0.410593  0.406609  0.408342  -0.0187054
0.385834  0.382067  0.383699  -0.0176639
0.362614  0.359053  0.360588  -0.0166782
0.340836  0.337468  0.338915  -0.0157459
0.320406  0.317223  0.318585  -0.0148646
0.301241  0.298231  0.299515  -0.0140319
0.283259  0.280413  0.281623  -0.0132451
0.266385  0.263695  0.264835  -0.0125016
0.250549  0.248005  0.24908  -0.0117999
0.235685  0.23328  0.234293  -0.011137
0.221732  0.219458  0.220413  -0.0105116
0.208631  0.206482  0.207383  -0.00992142
0.19633  0.194297  0.195147  -0.00936417
0.184778  0.182855  0.183657  -0.00883859
0.173926  0.172109  0.172865  -0.00834258
0.163733  0.162014  0.162728  -0.00787493
0.154155  0.152529  0.153204  -0.00743383
0.145156  0.143618  0.144254  -0.00701747
0.136697  0.135243  0.135844  -0.00662494
0.128746  0.12737  0.127938  -0.00625475
0.121272  0.11997  0.120507  -0.00590567
0.114244  0.113013  0.113519  -0.0055762
0.107635  0.10647  0.106948  -0.00526574
0.101419  0.100316  0.100768  -0.00497278
0.0955711  0.0945278  0.0949553  -0.00469641
0.0900694  0.0890822  0.0894865  -0.00443604
0.0848927  0.0839583  0.0843406  -0.00419015
0.0800207  0.0791364  0.0794978  -0.00395843
0.075435  0.0745977  0.0749396  -0.00373969
0.0711178  0.0703255  0.0706487  -0.00353362
0.0670532  0.0663031  0.0666088  -0.00333902
0.0632257  0.0625155  0.0628045  -0.00315528
0.0596209  0.0589481  0.059222  -0.0029821
0.0562251  0.0555882  0.0558474  -0.00281887
0.0530261  0.052423  0.0526683  -0.0026647
0.050012  0.0494409  0.0496729  -0.00251897
0.0471717  0.0466305  0.0468501  -0.0023817
0.0444946  0.043982  0.0441899  -0.00225226
0.0419711  0.0414857  0.0416827  -0.00212977
0.0395925  0.0391324  0.0393188  -0.00201421
0.0373493  0.0369136  0.0370901  -0.0019053
0.0352343  0.0348212  0.0349884  -0.00180241
0.0332397  0.032848  0.0330064  -0.00170496
0.0313579  0.0309871  0.0311371  -0.00161324
0.0295829  0.0292315  0.0293736  -0.00152665
0.0279085  0.0275751  0.0277099  -0.00144459
0.0263284  0.0260125  0.0261401  -0.00136735
0.0248374  0.0245378  0.0246587  -0.00129403
0.0234302  0.023146  0.0232609  -0.00122494
0.0221017  0.0218323  0.0219412  -0.00115977
0.0208478  0.0205923  0.0206955  -0.00109792
0.0196639  0.019422  0.0195197  -0.00103969
0.0185464  0.0183165  0.0184094  -0.000984479
0.017491  0.0172732  0.017361  -0.000932283
0.0164942  0.0162875  0.0163711  -0.000883105
0.0155531  0.015357  0.0154361  -0.000836339
0.014664  0.0144778  0.014553  -0.00079229
0.013824  0.0136478  0.0137187  -0.000750654
0.0130308  0.0128634  0.012931  -0.00071113
0.0122814  0.0121227  0.0121867  -0.000673718
0.0115736  0.0114227  0.0114834  -0.000638418
0.0109044  0.0107617  0.010819  -0.000604928
0.0102726  0.0101368  0.0101915  -0.000573249
0.00967523  0.0095464  0.00959829  -0.000543078
0.00911103  0.00898884  0.00903802  -0.000514717
0.00857761  0.00846175  0.00850852  -0.000487865
0.00807375  0.00796393  0.00800798  -0.000462219
0.00759766  0.00749326  0.0075352  -0.000438083
0.0071475  0.00704854  0.00708837  -0.000415454
0.0067224  0.00662826  0.00666628  -0.000393731
0.00632052  0.00623151  0.00626712  -0.000373215
0.00594097  0.00585619  0.00589028  -0.000353604
0.00558223  0.00550198  0.00553396  -0.0003352
0.00524311  0.00516708  0.00519755  -0.0003177
0.004923  0.00485059  0.00487955  -0.000301106
0.00462038  0.00455159  0.00457905  -0.000285417
0.00433436  0.0042695  0.00429544  -0.000270332
0.00406463  0.00400278  0.00402752  -0.000256152
0.00380939  0.00375116  0.00377439  -0.000242575
0.00356862  0.00351311  0.00353544  -0.000229903
0.00334144  0.00328864  0.00330976  -0.000217834
0.00312662  0.00307684  0.00309675  -0.000206369
0.00292417  0.0028768  0.00289551  -0.000195206
0.00273289  0.00268823  0.00270603  -0.000184948
0.00255246  0.00251023  0.00252682  -0.000174992
0.0023823  0.00234217  0.00235816  -0.000165639
0.00222209  0.00218378  0.00219886  -0.000156889
0.00207063  0.00203473  0.00204891  -0.000148139
0.00192823  0.00189413  0.00190741  -0.000140295
0.00179366  0.00176138  0.00177405  -0.000132451
0.00166725  0.00163678  0.00164854  -0.00012521
0.00154807  0.00151941  0.00153057  -0.00011827
0.00143614  0.00140868  0.00141924  -0.000111633
0.00133084  0.00130489  0.00131485  -0.000105598
0.00123158  0.00120714  0.00121649  -9.95642e-05
0.00113835  0.00111542  0.00112417  -9.38317e-05
0.00105086  0.00102943  0.00103758  -8.8401e-05
0.00096879  0.000948576  0.000956118  -8.32719e-05
0.000891854  0.000872545  0.000880087  -7.84445e-05
0.000819745  0.000801643  0.000808582  -7.36172e-05
0.000752162  0.000735267  0.000741603  -6.93932e-05
0.000689105  0.000673115  0.000678847  -6.48676e-05
0.00062997  0.000614885  0.000620617  -6.09454e-05
0.000574757  0.000560577  0.000566008  -5.70231e-05
0.000523466  0.000510191  0.000515019  -5.34026e-05
0.000475495  0.000463125  0.00046765  -5.00838e-05
0.000430842  0.000419377  0.000423299  -4.6765e-05
0.000389507  0.000378646  0.000382266  -4.34462e-05
0.000350888  0.000340932  0.000344251  -4.04291e-05
0.000315287  0.000305934  0.000309253  -3.77137e-05
0.0002824  0.000273651  0.000276668  -3.49983e-05
0.000251928  0.000243781  0.000246497  -3.22829e-05
0.00022417  0.000216326  0.000219041  -2.98693e-05
0.000198223  0.000191284  0.000193698  -2.74556e-05
0.00017469  0.000168354  0.000170466  -2.53436e-05
0.000153269  0.000147234  0.000149045  -2.32317e-05
0.000133657  0.000128227  0.000129735  -2.11197e-05
0.000115857  0.000110727  0.000112236  -1.93094e-05
9.98659e-05  9.50386e-05  9.65471e-05  -1.74992e-05
8.50822e-05  8.11599e-05  8.23668e-05  -1.56889e-05
7.21086e-05  6.84881e-05  6.93932e-05  -1.38786e-05
6.06437e-05  5.73249e-05  5.823e-05  -1.23701e-05
5.03855e-05  4.73684e-05  4.82736e-05  -1.11633e-05
4.13342e-05  3.89206e-05  3.92223e-05  -9.65471e-06
3.34898e-05  3.13778e-05  3.16795e-05  -8.44787e-06
2.68522e-05  2.47402e-05  2.50419e-05  -7.24103e-06
2.11197e-05  1.93094e-05  1.96111e-05  -6.0342e-06
1.62923e-05  1.47838e-05  1.47838e-05  -5.12907e-06
1.23701e-05  1.08616e-05  1.11633e-05  -4.22394e-06
9.05129e-06  7.84445e-06  8.14616e-06  -3.31881e-06
6.33591e-06  5.73249e-06  5.73249e-06  -2.41368e-06
4.52565e-06  3.92223e-06  3.92223e-06  -1.81026e-06
3.0171e-06  2.71539e-06  2.41368e-06  -1.20684e-06
2.11197e-06  1.50855e-06  1.50855e-06  -9.05129e-07
1.20684e-06  9.05129e-07  9.05129e-07  -6.0342e-07
9.05129e-07  6.0342e-07  6.0342e-07  -3.0171e-07
6.0342e-07  3.0171e-07  3.0171e-07  -3.0171e-07
3.0171e-07  3.0171e-07  3.0171e-07  0
3.0171e-07  0  0  0
0  0  0  0
0  0  0  0
