1  
2000  
0.000000 0.000000 
0.000000 0.000001 
0.000000 0.000002 
0.000003 0.000002 
0.000006 0.000004 
0.000010 0.000008 
0.000016 0.000012 
0.000024 0.000018 
0.000034 0.000026 
0.000047 0.000035 
0.000062 0.000047 
0.000081 0.000061 
0.000102 0.000078 
0.000128 0.000097 
0.000157 0.000119 
0.000191 0.000144 
0.000229 0.000173 
0.000272 0.000205 
0.000320 0.000242 
0.000374 0.000282 
0.000433 0.000326 
0.000498 0.000374 
0.000569 0.000427 
0.000647 0.000485 
0.000732 0.000548 
0.000824 0.000616 
0.000923 0.000689 
0.001030 0.000768 
0.001145 0.000853 
0.001269 0.000943 
0.001401 0.001040 
0.001542 0.001142 
0.001692 0.001252 
0.001852 0.001367 
0.002022 0.001490 
0.002201 0.001619 
0.002392 0.001756 
0.002593 0.001899 
0.002805 0.002051 
0.003029 0.002209 
0.003265 0.002376 
0.003512 0.002550 
0.003772 0.002732 
0.004045 0.002923 
0.004330 0.003121 
0.004630 0.003328 
0.004942 0.003544 
0.005269 0.003768 
0.005610 0.004001 
0.005966 0.004243 
0.006337 0.004493 
0.006723 0.004753 
0.007125 0.005022 
0.007543 0.005300 
0.007977 0.005587 
0.008428 0.005883 
0.008895 0.006189 
0.009381 0.006505 
0.009883 0.006830 
0.010404 0.007164 
0.010943 0.007508 
0.011501 0.007862 
0.012078 0.008225 
0.012674 0.008598 
0.013289 0.008981 
0.013925 0.009373 
0.014581 0.009775 
0.015258 0.010187 
0.015955 0.010608 
0.016674 0.011039 
0.017414 0.011479 
0.018176 0.011929 
0.018961 0.012388 
0.019768 0.012856 
0.020598 0.013334 
0.021451 0.013820 
0.022327 0.014316 
0.023227 0.014821 
0.024152 0.015335 
0.025100 0.015857 
0.026073 0.016388 
0.027071 0.016927 
0.028094 0.017475 
0.029143 0.018030 
0.030217 0.018594 
0.031317 0.019165 
0.032443 0.019744 
0.033596 0.020330 
0.034775 0.020924 
0.035981 0.021524 
0.037214 0.022131 
0.038475 0.022745 
0.039762 0.023364 
0.041078 0.023990 
0.042421 0.024621 
0.043793 0.025258 
0.045192 0.025900 
0.046620 0.026547 
0.048076 0.027198 
0.049561 0.027854 
0.051075 0.028513 
0.052617 0.029176 
0.054188 0.029842 
0.055788 0.030512 
0.057417 0.031184 
0.059075 0.031858 
0.060763 0.032534 
0.062479 0.033212 
0.064224 0.033891 
0.065999 0.034571 
0.067803 0.035251 
0.069636 0.035932 
0.071497 0.036612 
0.073388 0.037292 
0.075308 0.037970 
0.077256 0.038647 
0.079233 0.039323 
0.081239 0.039996 
0.083273 0.040667 
0.085336 0.041335 
0.087426 0.041999 
0.089545 0.042660 
0.091691 0.043317 
0.093864 0.043969 
0.096065 0.044617 
0.098293 0.045259 
0.100548 0.045896 
0.102829 0.046527 
0.105137 0.047151 
0.107470 0.047769 
0.109829 0.048380 
0.112214 0.048983 
0.114623 0.049579 
0.117057 0.050167 
0.119514 0.050746 
0.121996 0.051317 
0.124501 0.051879 
0.127029 0.052431 
0.129580 0.052974 
0.132152 0.053507 
0.134747 0.054030 
0.137362 0.054542 
0.139998 0.055044 
0.142655 0.055535 
0.145331 0.056015 
0.148026 0.056483 
0.150741 0.056940 
0.153473 0.057386 
0.156223 0.057819 
0.158990 0.058240 
0.161774 0.058649 
0.164574 0.059045 
0.167389 0.059429 
0.170219 0.059801 
0.173064 0.060159 
0.175923 0.060505 
0.178794 0.060837 
0.181678 0.061157 
0.184575 0.061464 
0.187483 0.061757 
0.190401 0.062038 
0.193330 0.062305 
0.196269 0.062559 
0.199217 0.062800 
0.202173 0.063027 
0.205138 0.063242 
0.208109 0.063444 
0.211088 0.063632 
0.214072 0.063808 
0.217062 0.063971 
0.220058 0.064121 
0.223057 0.064258 
0.226061 0.064383 
0.229068 0.064496 
0.232078 0.064597 
0.235089 0.064685 
0.238103 0.064761 
0.241117 0.064826 
0.244133 0.064879 
0.247148 0.064921 
0.250162 0.064952 
0.253176 0.064972 
0.256188 0.064981 
0.259198 0.064980 
0.262205 0.064968 
0.265210 0.064946 
0.268210 0.064915 
0.271207 0.064874 
0.274200 0.064824 
0.277187 0.064765 
0.280169 0.064697 
0.283145 0.064621 
0.286115 0.064536 
0.289078 0.064444 
0.292035 0.064344 
0.294983 0.064237 
0.297924 0.064123 
0.300856 0.064003 
0.303780 0.063876 
0.306695 0.063743 
0.309600 0.063604 
0.312496 0.063460 
0.315381 0.063311 
0.318256 0.063157 
0.321120 0.062998 
0.323974 0.062835 
0.326815 0.062669 
0.329646 0.062499 
0.332464 0.062326 
0.335270 0.062149 
0.338063 0.061970 
0.340844 0.061789 
0.343612 0.061606 
0.346366 0.061422 
0.349107 0.061236 
0.351834 0.061048 
0.354547 0.060861 
0.357246 0.060672 
0.359931 0.060484 
0.362601 0.060295 
0.365256 0.060107 
0.367897 0.059920 
0.370522 0.059734 
0.373132 0.059549 
0.375726 0.059366 
0.378305 0.059184 
0.380868 0.059004 
0.383415 0.058827 
0.385946 0.058653 
0.388461 0.058481 
0.390960 0.058313 
0.393442 0.058147 
0.395907 0.057986 
0.398356 0.057828 
0.400788 0.057674 
0.403203 0.057525 
0.405602 0.057380 
0.407983 0.057240 
0.410347 0.057105 
0.412694 0.056975 
0.415024 0.056850 
0.417336 0.056731 
0.419630 0.056618 
0.421908 0.056511 
0.424167 0.056409 
0.426409 0.056314 
0.428634 0.056226 
0.430840 0.056144 
0.433029 0.056069 
0.435200 0.056001 
0.437353 0.055940 
0.439489 0.055886 
0.441606 0.055840 
0.443705 0.055801 
0.445786 0.055770 
0.447850 0.055746 
0.449895 0.055731 
0.451922 0.055723 
0.453931 0.055724 
0.455922 0.055732 
0.457894 0.055750 
0.459849 0.055775 
0.461785 0.055809 
0.463703 0.055852 
0.465603 0.055903 
0.467484 0.055964 
0.469348 0.056033 
0.471193 0.056110 
0.473020 0.056197 
0.474829 0.056293 
0.476619 0.056398 
0.478391 0.056512 
0.480145 0.056635 
0.481880 0.056768 
0.483598 0.056910 
0.485297 0.057061 
0.486977 0.057221 
0.488640 0.057391 
0.490284 0.057570 
0.491910 0.057758 
0.493518 0.057956 
0.495107 0.058163 
0.496679 0.058380 
0.498232 0.058606 
0.499766 0.058841 
0.501283 0.059086 
0.502781 0.059340 
0.504262 0.059604 
0.505723 0.059877 
0.507167 0.060159 
0.508593 0.060451 
0.510000 0.060752 
0.511390 0.061062 
0.512761 0.061382 
0.514114 0.061711 
0.515449 0.062049 
0.516765 0.062396 
0.518064 0.062752 
0.519345 0.063117 
0.520607 0.063491 
0.521852 0.063874 
0.523078 0.064266 
0.524287 0.064667 
0.525477 0.065077 
0.526650 0.065495 
0.527804 0.065922 
0.528940 0.066358 
0.530059 0.066802 
0.531160 0.067255 
0.532242 0.067716 
0.533307 0.068185 
0.534354 0.068663 
0.535383 0.069148 
0.536394 0.069642 
0.537387 0.070144 
0.538363 0.070653 
0.539320 0.071171 
0.540260 0.071696 
0.541182 0.072229 
0.542087 0.072769 
0.542973 0.073317 
0.543842 0.073872 
0.544693 0.074434 
0.545527 0.075003 
0.546343 0.075580 
0.547141 0.076163 
0.547922 0.076754 
0.548685 0.077351 
0.549430 0.077954 
0.550158 0.078564 
0.550868 0.079181 
0.551561 0.079803 
0.552237 0.080432 
0.552895 0.081067 
0.553535 0.081708 
0.554159 0.082355 
0.554764 0.083007 
0.555353 0.083665 
0.555924 0.084329 
0.556478 0.084998 
0.557014 0.085672 
0.557533 0.086351 
0.558035 0.087035 
0.558520 0.087724 
0.558988 0.088417 
0.559439 0.089116 
0.559872 0.089818 
0.560288 0.090525 
0.560688 0.091237 
0.561070 0.091952 
0.561435 0.092671 
0.561784 0.093394 
0.562115 0.094121 
0.562430 0.094851 
0.562728 0.095585 
0.563009 0.096322 
0.563273 0.097062 
0.563521 0.097805 
0.563752 0.098551 
0.563966 0.099299 
0.564164 0.100051 
0.564345 0.100804 
0.564509 0.101560 
0.564657 0.102318 
0.564789 0.103078 
0.564904 0.103840 
0.565003 0.104604 
0.565085 0.105370 
0.565152 0.106137 
0.565202 0.106905 
0.565236 0.107674 
0.565253 0.108445 
0.565255 0.109216 
0.565241 0.109988 
0.565210 0.110761 
0.565164 0.111534 
0.565102 0.112308 
0.565024 0.113081 
0.564930 0.113855 
0.564821 0.114629 
0.564696 0.115402 
0.564555 0.116175 
0.564399 0.116948 
0.564228 0.117720 
0.564041 0.118491 
0.563838 0.119261 
0.563620 0.120030 
0.563387 0.120798 
0.563139 0.121564 
0.562876 0.122329 
0.562598 0.123092 
0.562304 0.123854 
0.561996 0.124613 
0.561673 0.125371 
0.561335 0.126126 
0.560983 0.126879 
0.560616 0.127629 
0.560234 0.128377 
0.559838 0.129121 
0.559427 0.129863 
0.559002 0.130602 
0.558563 0.131338 
0.558109 0.132070 
0.557642 0.132799 
0.557160 0.133524 
0.556665 0.134246 
0.556155 0.134964 
0.555632 0.135677 
0.555095 0.136386 
0.554544 0.137092 
0.553980 0.137792 
0.553402 0.138488 
0.552811 0.139180 
0.552207 0.139866 
0.551590 0.140548 
0.550959 0.141224 
0.550315 0.141896 
0.549659 0.142562 
0.548989 0.143222 
0.548307 0.143877 
0.547612 0.144526 
0.546905 0.145169 
0.546185 0.145806 
0.545452 0.146437 
0.544708 0.147062 
0.543951 0.147680 
0.543182 0.148292 
0.542401 0.148897 
0.541609 0.149495 
0.540804 0.150087 
0.539988 0.150671 
0.539160 0.151249 
0.538321 0.151819 
0.537470 0.152382 
0.536608 0.152937 
0.535735 0.153485 
0.534851 0.154025 
0.533956 0.154557 
0.533051 0.155081 
0.532134 0.155597 
0.531207 0.156105 
0.530269 0.156605 
0.529322 0.157096 
0.528363 0.157579 
0.527395 0.158053 
0.526416 0.158519 
0.525428 0.158976 
0.524430 0.159423 
0.523422 0.159862 
0.522405 0.160291 
0.521378 0.160712 
0.520342 0.161123 
0.519297 0.161524 
0.518242 0.161916 
0.517179 0.162298 
0.516107 0.162671 
0.515026 0.163033 
0.513937 0.163386 
0.512839 0.163729 
0.511732 0.164061 
0.510618 0.164384 
0.509496 0.164696 
0.508365 0.164997 
0.507227 0.165289 
0.506081 0.165569 
0.504928 0.165839 
0.503767 0.166098 
0.502599 0.166347 
0.501424 0.166584 
0.500241 0.166811 
0.499052 0.167026 
0.497856 0.167230 
0.496654 0.167423 
0.495445 0.167605 
0.494229 0.167775 
0.493008 0.167934 
0.491780 0.168082 
0.490547 0.168217 
0.489308 0.168341 
0.488063 0.168454 
0.486812 0.168554 
0.485556 0.168643 
0.484296 0.168720 
0.483029 0.168785 
0.481758 0.168837 
0.480483 0.168878 
0.479202 0.168907 
0.477917 0.168923 
0.476628 0.168927 
0.475335 0.168918 
0.474037 0.168898 
0.472735 0.168864 
0.471430 0.168819 
0.470121 0.168760 
0.468809 0.168689 
0.467493 0.168606 
0.466174 0.168510 
0.464852 0.168401 
0.463527 0.168279 
0.462200 0.168145 
0.460870 0.167998 
0.459537 0.167837 
0.458202 0.167664 
0.456865 0.167478 
0.455526 0.167279 
0.454185 0.167067 
0.452842 0.166842 
0.451498 0.166604 
0.450152 0.166353 
0.448806 0.166088 
0.447458 0.165811 
0.446109 0.165520 
0.444759 0.165216 
0.443409 0.164899 
0.442058 0.164568 
0.440707 0.164225 
0.439355 0.163868 
0.438004 0.163497 
0.436653 0.163114 
0.435302 0.162717 
0.433951 0.162307 
0.432601 0.161884 
0.431252 0.161447 
0.429903 0.160997 
0.428556 0.160533 
0.427209 0.160057 
0.425865 0.159567 
0.424521 0.159063 
0.423179 0.158546 
0.421839 0.158016 
0.420501 0.157473 
0.419165 0.156916 
0.417831 0.156346 
0.416500 0.155763 
0.415171 0.155166 
0.413845 0.154556 
0.412522 0.153933 
0.411201 0.153297 
0.409884 0.152647 
0.408570 0.151984 
0.407260 0.151309 
0.405953 0.150619 
0.404650 0.149917 
0.403350 0.149202 
0.402055 0.148473 
0.400764 0.147732 
0.399477 0.146977 
0.398195 0.146210 
0.396918 0.145430 
0.395645 0.144636 
0.394377 0.143830 
0.393114 0.143011 
0.391856 0.142179 
0.390604 0.141334 
0.389357 0.140477 
0.388116 0.139607 
0.386880 0.138724 
0.385651 0.137829 
0.384428 0.136921 
0.383210 0.136001 
0.381999 0.135068 
0.380795 0.134123 
0.379597 0.133165 
0.378406 0.132196 
0.377222 0.131214 
0.376045 0.130219 
0.374876 0.129213 
0.373713 0.128195 
0.372558 0.127165 
0.371411 0.126123 
0.370271 0.125068 
0.369139 0.124003 
0.368015 0.122925 
0.366900 0.121836 
0.365792 0.120735 
0.364693 0.119623 
0.363603 0.118499 
0.362521 0.117364 
0.361448 0.116218 
0.360384 0.115060 
0.359329 0.113892 
0.358283 0.112712 
0.357246 0.111521 
0.356219 0.110320 
0.355201 0.109107 
0.354193 0.107884 
0.353195 0.106651 
0.352207 0.105406 
0.351229 0.104152 
0.350261 0.102887 
0.349303 0.101611 
0.348356 0.100326 
0.347419 0.099030 
0.346493 0.097725 
0.345577 0.096410 
0.344673 0.095084 
0.343779 0.093749 
0.342896 0.092405 
0.342025 0.091051 
0.341165 0.089688 
0.340316 0.088315 
0.339479 0.086933 
0.338654 0.085543 
0.337840 0.084143 
0.337038 0.082734 
0.336248 0.081317 
0.335470 0.079891 
0.334705 0.078456 
0.333951 0.077013 
0.333210 0.075562 
0.332481 0.074103 
0.331765 0.072635 
0.331062 0.071160 
0.330371 0.069676 
0.329693 0.068185 
0.329028 0.066687 
0.328376 0.065181 
0.327737 0.063668 
0.327111 0.062147 
0.326499 0.060619 
0.325900 0.059085 
0.325314 0.057543 
0.324742 0.055995 
0.324184 0.054440 
0.323639 0.052879 
0.323108 0.051311 
0.322591 0.049737 
0.322088 0.048158 
0.321598 0.046572 
0.321123 0.044980 
0.320662 0.043383 
0.320216 0.041780 
0.319783 0.040172 
0.319365 0.038558 
0.318961 0.036940 
0.318572 0.035316 
0.318198 0.033687 
0.317838 0.032054 
0.317492 0.030416 
0.317162 0.028774 
0.316846 0.027128 
0.316545 0.025477 
0.316259 0.023822 
0.315988 0.022164 
0.315732 0.020501 
0.315491 0.018836 
0.315265 0.017166 
0.315055 0.015494 
0.314860 0.013818 
0.314679 0.012139 
0.314515 0.010458 
0.314365 0.008773 
0.314231 0.007086 
0.314113 0.005397 
0.314009 0.003706 
0.313922 0.002012 
0.313850 0.000316 
0.313793 -0.001381 
0.313753 -0.003080 
0.313727 -0.004781 
0.313718 -0.006482 
0.313724 -0.008186 
0.313746 -0.009890 
0.313784 -0.011595 
0.313837 -0.013301 
0.313906 -0.015007 
0.313991 -0.016714 
0.314092 -0.018421 
0.314209 -0.020128 
0.314342 -0.021835 
0.314490 -0.023542 
0.314654 -0.025249 
0.314835 -0.026955 
0.315031 -0.028661 
0.315243 -0.030366 
0.315471 -0.032069 
0.315715 -0.033772 
0.315975 -0.035474 
0.316251 -0.037174 
0.316543 -0.038872 
0.316850 -0.040569 
0.317174 -0.042264 
0.317514 -0.043956 
0.317869 -0.045647 
0.318241 -0.047335 
0.318628 -0.049021 
0.319031 -0.050704 
0.319450 -0.052384 
0.319885 -0.054061 
0.320336 -0.055735 
0.320802 -0.057406 
0.321285 -0.059073 
0.321783 -0.060737 
0.322297 -0.062397 
0.322827 -0.064053 
0.323372 -0.065705 
0.323933 -0.067352 
0.324510 -0.068995 
0.325102 -0.070634 
0.325710 -0.072268 
0.326333 -0.073898 
0.326972 -0.075522 
0.327627 -0.077141 
0.328297 -0.078754 
0.328982 -0.080363 
0.329683 -0.081965 
0.330399 -0.083562 
0.331130 -0.085153 
0.331877 -0.086738 
0.332638 -0.088317 
0.333415 -0.089889 
0.334207 -0.091455 
0.335014 -0.093014 
0.335836 -0.094566 
0.336673 -0.096111 
0.337524 -0.097650 
0.338391 -0.099181 
0.339272 -0.100704 
0.340168 -0.102220 
0.341079 -0.103728 
0.342004 -0.105228 
0.342943 -0.106721 
0.343897 -0.108205 
0.344865 -0.109681 
0.345848 -0.111148 
0.346845 -0.112607 
0.347856 -0.114057 
0.348881 -0.115498 
0.349920 -0.116931 
0.350973 -0.118354 
0.352039 -0.119768 
0.353120 -0.121172 
0.354214 -0.122567 
0.355321 -0.123952 
0.356443 -0.125327 
0.357577 -0.126692 
0.358725 -0.128048 
0.359886 -0.129393 
0.361060 -0.130727 
0.362248 -0.132051 
0.363448 -0.133365 
0.364661 -0.134667 
0.365887 -0.135959 
0.367125 -0.137240 
0.368376 -0.138509 
0.369640 -0.139768 
0.370916 -0.141014 
0.372204 -0.142250 
0.373504 -0.143473 
0.374816 -0.144685 
0.376140 -0.145885 
0.377476 -0.147073 
0.378824 -0.148249 
0.380184 -0.149412 
0.381555 -0.150563 
0.382937 -0.151702 
0.384330 -0.152828 
0.385735 -0.153941 
0.387151 -0.155041 
0.388577 -0.156129 
0.390015 -0.157203 
0.391463 -0.158264 
0.392922 -0.159312 
0.394391 -0.160346 
0.395870 -0.161367 
0.397360 -0.162374 
0.398860 -0.163368 
0.400369 -0.164348 
0.401889 -0.165313 
0.403418 -0.166265 
0.404956 -0.167203 
0.406504 -0.168126 
0.408062 -0.169035 
0.409628 -0.169930 
0.411204 -0.170810 
0.412788 -0.171675 
0.414381 -0.172526 
0.415983 -0.173362 
0.417593 -0.174183 
0.419212 -0.174989 
0.420838 -0.175780 
0.422473 -0.176556 
0.424116 -0.177316 
0.425766 -0.178061 
0.427424 -0.178791 
0.429090 -0.179506 
0.430763 -0.180204 
0.432443 -0.180888 
0.434130 -0.181555 
0.435823 -0.182207 
0.437524 -0.182842 
0.439231 -0.183462 
0.440945 -0.184066 
0.442665 -0.184654 
0.444391 -0.185225 
0.446123 -0.185781 
0.447861 -0.186320 
0.449604 -0.186843 
0.451353 -0.187349 
0.453108 -0.187839 
0.454867 -0.188312 
0.456632 -0.188769 
0.458401 -0.189209 
0.460176 -0.189633 
0.461955 -0.190039 
0.463738 -0.190429 
0.465525 -0.190803 
0.467317 -0.191159 
0.469112 -0.191498 
0.470911 -0.191820 
0.472714 -0.192126 
0.474521 -0.192414 
0.476330 -0.192685 
0.478143 -0.192939 
0.479958 -0.193176 
0.481777 -0.193395 
0.483598 -0.193598 
0.485421 -0.193783 
0.487247 -0.193950 
0.489075 -0.194101 
0.490905 -0.194234 
0.492736 -0.194349 
0.494569 -0.194448 
0.496404 -0.194528 
0.498240 -0.194592 
0.500077 -0.194637 
0.501915 -0.194666 
0.503754 -0.194677 
0.505593 -0.194670 
0.507433 -0.194646 
0.509274 -0.194604 
0.511114 -0.194544 
0.512954 -0.194467 
0.514794 -0.194373 
0.516633 -0.194261 
0.518472 -0.194131 
0.520311 -0.193984 
0.522148 -0.193819 
0.523984 -0.193637 
0.525819 -0.193437 
0.527653 -0.193219 
0.529485 -0.192984 
0.531315 -0.192731 
0.533143 -0.192461 
0.534969 -0.192174 
0.536793 -0.191868 
0.538614 -0.191546 
0.540433 -0.191205 
0.542249 -0.190848 
0.544062 -0.190473 
0.545872 -0.190080 
0.547679 -0.189670 
0.549482 -0.189243 
0.551282 -0.188798 
0.553077 -0.188336 
0.554869 -0.187857 
0.556657 -0.187361 
0.558440 -0.186847 
0.560219 -0.186316 
0.561993 -0.185768 
0.563763 -0.185203 
0.565527 -0.184621 
0.567286 -0.184022 
0.569040 -0.183406 
0.570789 -0.182773 
0.572532 -0.182123 
0.574269 -0.181456 
0.576000 -0.180773 
0.577725 -0.180072 
0.579443 -0.179355 
0.581156 -0.178622 
0.582861 -0.177872 
0.584560 -0.177105 
0.586252 -0.176322 
0.587937 -0.175523 
0.589614 -0.174707 
0.591284 -0.173875 
0.592947 -0.173027 
0.594601 -0.172163 
0.596248 -0.171282 
0.597887 -0.170386 
0.599517 -0.169474 
0.601140 -0.168546 
0.602753 -0.167602 
0.604358 -0.166643 
0.605954 -0.165668 
0.607541 -0.164677 
0.609119 -0.163671 
0.610688 -0.162650 
0.612247 -0.161614 
0.613797 -0.160562 
0.615337 -0.159495 
0.616867 -0.158413 
0.618387 -0.157317 
0.619896 -0.156205 
0.621396 -0.155079 
0.622885 -0.153938 
0.624363 -0.152783 
0.625830 -0.151613 
0.627287 -0.150429 
0.628732 -0.149231 
0.630167 -0.148019 
0.631590 -0.146792 
0.633001 -0.145552 
0.634401 -0.144298 
0.635789 -0.143030 
0.637165 -0.141749 
0.638530 -0.140454 
0.639882 -0.139146 
0.641222 -0.137824 
0.642549 -0.136490 
0.643864 -0.135142 
0.645166 -0.133782 
0.646455 -0.132409 
0.647732 -0.131023 
0.648995 -0.129624 
0.650245 -0.128214 
0.651482 -0.126791 
0.652705 -0.125355 
0.653915 -0.123908 
0.655111 -0.122449 
0.656294 -0.120978 
0.657462 -0.119496 
0.658617 -0.118002 
0.659757 -0.116496 
0.660883 -0.114980 
0.661995 -0.113452 
0.663092 -0.111913 
0.664174 -0.110364 
0.665242 -0.108803 
0.666296 -0.107233 
0.667334 -0.105651 
0.668357 -0.104060 
0.669365 -0.102458 
0.670358 -0.100847 
0.671335 -0.099225 
0.672297 -0.097594 
0.673244 -0.095954 
0.674175 -0.094304 
0.675090 -0.092644 
0.675990 -0.090976 
0.676873 -0.089299 
0.677741 -0.087613 
0.678592 -0.085918 
0.679428 -0.084215 
0.680247 -0.082503 
0.681050 -0.080784 
0.681836 -0.079056 
0.682606 -0.077320 
0.683359 -0.075577 
0.684096 -0.073826 
0.684816 -0.072068 
0.685519 -0.070303 
0.686205 -0.068530 
0.686874 -0.066751 
0.687526 -0.064965 
0.688161 -0.063172 
0.688779 -0.061373 
0.689380 -0.059567 
0.689964 -0.057756 
0.690530 -0.055939 
0.691078 -0.054116 
0.691610 -0.052287 
0.692123 -0.050453 
0.692619 -0.048614 
0.693098 -0.046769 
0.693558 -0.044920 
0.694001 -0.043066 
0.694427 -0.041208 
0.694834 -0.039345 
0.695223 -0.037478 
0.695595 -0.035607 
0.695948 -0.033732 
0.696284 -0.031853 
0.696601 -0.029971 
0.696901 -0.028085 
0.697182 -0.026196 
0.697445 -0.024305 
0.697690 -0.022410 
0.697916 -0.020513 
0.698124 -0.018613 
0.698314 -0.016711 
0.698486 -0.014807 
0.698640 -0.012901 
0.698775 -0.010994 
0.698891 -0.009084 
0.698989 -0.007174 
0.699069 -0.005262 
0.699130 -0.003349 
0.699173 -0.001435 
0.699198 0.000479 
0.699204 0.002394 
0.699191 0.004310 
0.699160 0.006225 
0.699111 0.008140 
0.699043 0.010056 
0.698956 0.011970 
0.698851 0.013885 
0.698728 0.015798 
0.698586 0.017711 
0.698425 0.019622 
0.698246 0.021532 
0.698049 0.023441 
0.697833 0.025348 
0.697598 0.027253 
0.697346 0.029156 
0.697074 0.031057 
0.696785 0.032955 
0.696477 0.034851 
0.696151 0.036745 
0.695806 0.038635 
0.695443 0.040522 
0.695062 0.042406 
0.694662 0.044287 
0.694244 0.046164 
0.693808 0.048037 
0.693354 0.049906 
0.692882 0.051771 
0.692392 0.053631 
0.691883 0.055487 
0.691357 0.057339 
0.690813 0.059185 
0.690250 0.061027 
0.689670 0.062863 
0.689072 0.064694 
0.688457 0.066519 
0.687823 0.068339 
0.687172 0.070153 
0.686503 0.071960 
0.685817 0.073762 
0.685113 0.075557 
0.684392 0.077345 
0.683653 0.079126 
0.682897 0.080901 
0.682124 0.082669 
0.681334 0.084429 
0.680526 0.086181 
0.679701 0.087927 
0.678860 0.089664 
0.678001 0.091393 
0.677126 0.093115 
0.676234 0.094828 
0.675325 0.096532 
0.674400 0.098228 
0.673458 0.099915 
0.672500 0.101593 
0.671525 0.103263 
0.670534 0.104922 
0.669527 0.106573 
0.668504 0.108214 
0.667464 0.109845 
0.666409 0.111466 
0.665338 0.113077 
0.664252 0.114678 
0.663149 0.116269 
0.662032 0.117849 
0.660898 0.119418 
0.659750 0.120977 
0.658586 0.122525 
0.657407 0.124061 
0.656213 0.125586 
0.655004 0.127100 
0.653781 0.128602 
0.652543 0.130093 
0.651290 0.131572 
0.650023 0.133038 
0.648741 0.134493 
0.647445 0.135935 
0.646135 0.137365 
0.644811 0.138783 
0.643473 0.140187 
0.642122 0.141579 
0.640757 0.142958 
0.639378 0.144323 
0.637986 0.145676 
0.636580 0.147015 
0.635162 0.148340 
0.633731 0.149652 
0.632286 0.150951 
0.630829 0.152235 
0.629360 0.153505 
0.627878 0.154761 
0.626383 0.156003 
0.624877 0.157231 
0.623358 0.158443 
0.621828 0.159642 
0.620285 0.160825 
0.618731 0.161994 
0.617166 0.163148 
0.615589 0.164287 
0.614001 0.165410 
0.612403 0.166518 
0.610793 0.167611 
0.609172 0.168688 
0.607541 0.169750 
0.605899 0.170795 
0.604247 0.171825 
0.602585 0.172839 
0.600913 0.173837 
0.599231 0.174819 
0.597540 0.175785 
0.595839 0.176734 
0.594128 0.177667 
0.592409 0.178583 
0.590680 0.179482 
0.588943 0.180365 
0.587196 0.181231 
0.585441 0.182081 
0.583678 0.182913 
0.581907 0.183728 
0.580127 0.184526 
0.578340 0.185307 
0.576545 0.186070 
0.574742 0.186816 
0.572932 0.187545 
0.571115 0.188256 
0.569291 0.188949 
0.567459 0.189625 
0.565621 0.190283 
0.563777 0.190924 
0.561926 0.191546 
0.560069 0.192150 
0.558206 0.192737 
0.556337 0.193305 
0.554463 0.193855 
0.552583 0.194387 
0.550697 0.194901 
0.548807 0.195397 
0.546911 0.195874 
0.545011 0.196332 
0.543106 0.196773 
0.541197 0.197195 
0.539284 0.197598 
0.537366 0.197983 
0.535445 0.198349 
0.533520 0.198696 
0.531591 0.199025 
0.529659 0.199335 
0.527724 0.199626 
0.525786 0.199898 
0.523845 0.200152 
0.521902 0.200387 
0.519956 0.200602 
0.518008 0.200799 
0.516058 0.200977 
0.514106 0.201136 
0.512152 0.201276 
0.510197 0.201397 
0.508241 0.201499 
0.506283 0.201582 
0.504325 0.201646 
0.502365 0.201691 
0.500405 0.201716 
0.498445 0.201723 
0.496485 0.201711 
0.494524 0.201679 
0.492564 0.201628 
0.490604 0.201559 
0.488645 0.201470 
0.486687 0.201362 
0.484729 0.201235 
0.482772 0.201089 
0.480817 0.200924 
0.478863 0.200740 
0.476911 0.200537 
0.474961 0.200315 
0.473013 0.200073 
0.471067 0.199813 
0.469124 0.199534 
0.467183 0.199236 
0.465245 0.198919 
0.463310 0.198583 
0.461378 0.198228 
0.459449 0.197854 
0.457524 0.197462 
0.455603 0.197051 
0.453685 0.196621 
0.451772 0.196172 
0.449862 0.195705 
0.447958 0.195219 
0.446058 0.194714 
0.444162 0.194191 
0.442272 0.193649 
0.440387 0.193089 
0.438507 0.192511 
0.436633 0.191914 
0.434765 0.191298 
0.432902 0.190665 
0.431046 0.190013 
0.429195 0.189344 
0.427352 0.188656 
0.425514 0.187950 
0.423684 0.187226 
0.421861 0.186484 
0.420044 0.185725 
0.418235 0.184948 
0.416434 0.184153 
0.414640 0.183340 
0.412854 0.182510 
0.411076 0.181663 
0.409306 0.180798 
0.407544 0.179915 
0.405791 0.179016 
0.404047 0.178099 
0.402312 0.177166 
0.400585 0.176215 
0.398868 0.175247 
0.397160 0.174263 
0.395462 0.173262 
0.393773 0.172244 
0.392094 0.171210 
0.390426 0.170159 
0.388767 0.169092 
0.387119 0.168009 
0.385481 0.166910 
0.383854 0.165794 
0.382237 0.164663 
0.380632 0.163516 
0.379038 0.162353 
0.377455 0.161174 
0.375883 0.159980 
0.374323 0.158771 
0.372775 0.157546 
0.371239 0.156306 
0.369714 0.155052 
0.368202 0.153782 
0.366703 0.152497 
0.365215 0.151198 
0.363741 0.149884 
0.362279 0.148555 
0.360830 0.147213 
0.359394 0.145856 
0.357971 0.144485 
0.356562 0.143100 
0.355166 0.141701 
0.353783 0.140288 
0.352415 0.138862 
0.351060 0.137423 
0.349719 0.135970 
0.348392 0.134504 
0.347080 0.133025 
0.345782 0.131533 
0.344499 0.130029 
0.343230 0.128511 
0.341976 0.126982 
0.340737 0.125440 
0.339513 0.123886 
0.338304 0.122320 
0.337110 0.120742 
0.335932 0.119152 
0.334769 0.117550 
0.333622 0.115938 
0.332490 0.114314 
0.331375 0.112678 
0.330275 0.111032 
0.329191 0.109375 
0.328124 0.107708 
0.327072 0.106030 
0.326037 0.104341 
0.325019 0.102643 
0.324017 0.100934 
0.323032 0.099216 
0.322063 0.097488 
0.321112 0.095750 
0.320177 0.094003 
0.319260 0.092247 
0.318359 0.090481 
0.317476 0.088707 
0.316610 0.086924 
0.315762 0.085133 
0.314931 0.083333 
0.314117 0.081525 
0.313321 0.079709 
0.312543 0.077885 
0.311783 0.076054 
0.311041 0.074215 
0.310316 0.072369 
0.309610 0.070515 
0.308922 0.068655 
0.308252 0.066788 
0.307600 0.064914 
0.306966 0.063034 
0.306351 0.061147 
0.305754 0.059254 
0.305176 0.057356 
0.304617 0.055452 
0.304076 0.053542 
0.303553 0.051627 
0.303050 0.049707 
0.302565 0.047781 
0.302099 0.045851 
0.301652 0.043917 
0.301223 0.041978 
0.300814 0.040034 
0.300424 0.038087 
0.300052 0.036136 
0.299700 0.034181 
0.299367 0.032222 
0.299053 0.030260 
0.298759 0.028295 
0.298483 0.026327 
0.298227 0.024357 
0.297990 0.022384 
0.297773 0.020408 
0.297574 0.018430 
0.297395 0.016451 
0.297236 0.014469 
0.297096 0.012486 
0.296975 0.010501 
0.296874 0.008515 
0.296792 0.006529 
0.296730 0.004541 
0.296687 0.002552 
0.296663 0.000564 
0.296659 -0.001426 
0.296675 -0.003415 
0.296710 -0.005404 
0.296764 -0.007393 
0.296838 -0.009381 
0.296932 -0.011369 
0.297044 -0.013356 
0.297177 -0.015341 
0.297329 -0.017326 
0.297500 -0.019309 
0.297691 -0.021290 
0.297901 -0.023270 
0.298130 -0.025248 
0.298379 -0.027223 
0.298647 -0.029196 
0.298935 -0.031167 
0.299242 -0.033134 
0.299568 -0.035099 
0.299913 -0.037061 
0.300278 -0.039019 
0.300662 -0.040973 
0.301065 -0.042924 
0.301487 -0.044871 
0.301928 -0.046814 
0.302388 -0.048753 
0.302868 -0.050687 
0.303366 -0.052617 
0.303883 -0.054542 
0.304419 -0.056461 
0.304974 -0.058376 
0.305548 -0.060285 
0.306140 -0.062188 
0.306751 -0.064086 
0.307381 -0.065978 
0.308029 -0.067864 
0.308696 -0.069743 
0.309381 -0.071616 
0.310084 -0.073482 
0.310806 -0.075341 
0.311546 -0.077194 
0.312305 -0.079039 
0.313081 -0.080876 
0.313875 -0.082706 
0.314688 -0.084529 
0.315518 -0.086343 
0.316366 -0.088149 
0.317232 -0.089947 
0.318115 -0.091737 
0.319016 -0.093518 
0.319935 -0.095290 
0.320870 -0.097053 
0.321824 -0.098807 
0.322794 -0.100552 
0.323781 -0.102287 
0.324786 -0.104012 
0.325807 -0.105728 
0.326846 -0.107434 
0.327901 -0.109129 
0.328973 -0.110814 
0.330061 -0.112489 
0.331166 -0.114153 
0.332287 -0.115807 
0.333424 -0.117449 
0.334577 -0.119080 
0.335747 -0.120700 
0.336932 -0.122308 
0.338133 -0.123905 
0.339350 -0.125490 
0.340583 -0.127063 
0.341830 -0.128625 
0.343094 -0.130173 
0.344372 -0.131710 
0.345666 -0.133234 
0.346974 -0.134745 
0.348297 -0.136244 
0.349636 -0.137729 
0.350988 -0.139202 
0.352355 -0.140661 
0.353737 -0.142107 
0.355132 -0.143539 
0.356542 -0.144957 
0.357966 -0.146362 
0.359403 -0.147753 
0.360855 -0.149129 
0.362319 -0.150492 
0.363797 -0.151840 
0.365289 -0.153174 
0.366793 -0.154493 
0.368311 -0.155797 
0.369841 -0.157086 
0.371384 -0.158361 
0.372939 -0.159620 
0.374507 -0.160864 
0.376087 -0.162092 
0.377679 -0.163305 
0.379283 -0.164503 
0.380899 -0.165685 
0.382527 -0.166850 
0.384166 -0.168000 
0.385816 -0.169134 
0.387477 -0.170252 
0.389150 -0.171353 
0.390833 -0.172438 
0.392527 -0.173506 
0.394231 -0.174558 
0.395946 -0.175593 
0.397671 -0.176611 
0.399406 -0.177613 
0.401150 -0.178597 
0.402905 -0.179564 
0.404669 -0.180514 
0.406442 -0.181446 
0.408225 -0.182362 
0.410016 -0.183259 
0.411817 -0.184139 
0.413626 -0.185002 
0.415443 -0.185846 
0.417269 -0.186673 
0.419103 -0.187482 
0.420945 -0.188273 
0.422795 -0.189046 
0.424652 -0.189800 
0.426517 -0.190537 
0.428389 -0.191255 
0.430268 -0.191954 
0.432154 -0.192636 
0.434046 -0.193298 
0.435945 -0.193942 
0.437851 -0.194568 
0.439763 -0.195175 
0.441680 -0.195762 
0.443604 -0.196332 
0.445533 -0.196882 
0.447467 -0.197413 
0.449407 -0.197925 
0.451352 -0.198418 
0.453301 -0.198892 
0.455255 -0.199347 
0.457214 -0.199783 
0.459177 -0.200199 
0.461144 -0.200597 
0.463115 -0.200974 
0.465090 -0.201333 
0.467069 -0.201672 
0.469050 -0.201991 
0.471035 -0.202292 
0.473023 -0.202572 
0.475013 -0.202833 
0.477007 -0.203075 
0.479002 -0.203297 
0.481000 -0.203499 
0.482999 -0.203682 
0.485001 -0.203845 
0.487004 -0.203988 
0.489009 -0.204112 
0.491014 -0.204215 
0.493021 -0.204300 
0.495029 -0.204364 
0.497037 -0.204409 
0.499046 -0.204434 
0.501055 -0.204439 
0.503064 -0.204425 
0.505073 -0.204390 
0.507081 -0.204336 
0.509089 -0.204262 
0.511096 -0.204169 
0.513103 -0.204056 
0.515108 -0.203923 
0.517112 -0.203770 
0.519115 -0.203597 
0.521115 -0.203405 
0.523114 -0.203193 
0.525111 -0.202962 
0.527106 -0.202711 
0.529098 -0.202440 
0.531087 -0.202150 
0.533074 -0.201840 
0.535057 -0.201510 
0.537037 -0.201161 
0.539014 -0.200793 
0.540988 -0.200405 
0.542957 -0.199998 
0.544922 -0.199571 
0.546884 -0.199125 
0.548840 -0.198660 
0.550793 -0.198175 
0.552740 -0.197671 
0.554683 -0.197148 
0.556620 -0.196606 
0.558552 -0.196045 
0.560479 -0.195465 
0.562400 -0.194866 
0.564315 -0.194248 
0.566223 -0.193611 
0.568126 -0.192956 
0.570022 -0.192281 
0.571912 -0.191588 
0.573794 -0.190877 
0.575670 -0.190147 
0.577538 -0.189398 
0.579400 -0.188631 
0.581253 -0.187846 
0.583099 -0.187043 
0.584937 -0.186221 
0.586767 -0.185381 
0.588588 -0.184523 
0.590401 -0.183648 
0.592206 -0.182754 
0.594002 -0.181843 
0.595788 -0.180914 
0.597566 -0.179967 
0.599334 -0.179003 
0.601093 -0.178022 
0.602842 -0.177023 
0.604581 -0.176007 
0.606311 -0.174974 
0.608030 -0.173924 
0.609739 -0.172857 
0.611437 -0.171773 
0.613124 -0.170672 
0.614801 -0.169555 
0.616467 -0.168421 
0.618121 -0.167271 
0.619765 -0.166105 
0.621396 -0.164922 
0.623016 -0.163724 
0.624625 -0.162509 
0.626221 -0.161279 
0.627805 -0.160033 
0.629377 -0.158771 
0.630937 -0.157494 
0.632483 -0.156201 
0.634018 -0.154893 
0.635539 -0.153570 
0.637047 -0.152233 
0.638542 -0.150880 
0.640024 -0.149513 
0.641492 -0.148131 
0.642947 -0.146734 
0.644388 -0.145323 
0.645815 -0.143898 
0.647228 -0.142459 
0.648627 -0.141006 
0.650011 -0.139540 
0.651381 -0.138059 
0.652736 -0.136566 
0.654077 -0.135058 
0.655403 -0.133538 
0.656714 -0.132005 
0.658009 -0.130458 
0.659290 -0.128899 
0.660555 -0.127328 
0.661805 -0.125744 
0.663039 -0.124147 
0.664257 -0.122539 
0.665460 -0.120918 
0.666646 -0.119286 
0.667816 -0.117642 
0.668971 -0.115986 
0.670108 -0.114319 
0.671230 -0.112641 
0.672335 -0.110952 
0.673423 -0.109252 
0.674494 -0.107541 
0.675549 -0.105819 
0.676587 -0.104088 
0.677607 -0.102346 
0.678611 -0.100594 
0.679597 -0.098832 
0.680566 -0.097060 
0.681517 -0.095279 
0.682451 -0.093489 
0.683367 -0.091689 
0.684265 -0.089881 
0.685145 -0.088063 
0.686008 -0.086237 
0.686853 -0.084402 
0.687679 -0.082559 
0.688487 -0.080708 
0.689278 -0.078849 
0.690049 -0.076982 
0.690803 -0.075108 
0.691538 -0.073226 
0.692254 -0.071337 
0.692952 -0.069441 
0.693630 -0.067538 
0.694291 -0.065629 
0.694932 -0.063712 
0.695555 -0.061790 
0.696158 -0.059861 
0.696743 -0.057927 
0.697308 -0.055987 
0.697854 -0.054041 
0.698382 -0.052090 
0.698889 -0.050134 
0.699378 -0.048172 
0.699847 -0.046206 
0.700297 -0.044235 
0.700728 -0.042260 
0.701139 -0.040281 
0.701530 -0.038298 
0.701902 -0.036310 
0.702254 -0.034319 
0.702587 -0.032325 
0.702900 -0.030328 
0.703193 -0.028327 
0.703467 -0.026323 
0.703720 -0.024317 
0.703954 -0.022308 
0.704169 -0.020297 
0.704363 -0.018284 
0.704538 -0.016269 
0.704692 -0.014253 
0.704827 -0.012235 
0.704942 -0.010215 
0.705037 -0.008195 
0.705112 -0.006173 
0.705167 -0.004151 
0.705202 -0.002128 
0.705217 -0.000105 
0.705212 0.001918 
0.705187 0.003941 
0.705143 0.005964 
0.705078 0.007986 
0.704994 0.010008 
0.704889 0.012029 
0.704765 0.014049 
0.704620 0.016067 
0.704456 0.018085 
0.704272 0.020100 
0.704068 0.022114 
0.703844 0.024125 
0.703600 0.026135 
0.703336 0.028142 
0.703053 0.030146 
0.702750 0.032147 
0.702427 0.034146 
0.702084 0.036141 
0.701722 0.038133 
0.701340 0.040121 
0.700938 0.042106 
0.700517 0.044086 
0.700077 0.046062 
0.699616 0.048034 
0.699137 0.050002 
0.698638 0.051964 
0.698119 0.053922 
0.697582 0.055875 
0.697025 0.057822 
0.696449 0.059763 
0.695853 0.061699 
0.695239 0.063629 
0.694606 0.065553 
0.693953 0.067471 
0.693282 0.069382 
0.692592 0.071287 
0.691883 0.073185 
0.691155 0.075075 
0.690409 0.076959 
0.689644 0.078835 
0.688860 0.080704 
0.688059 0.082564 
0.687238 0.084417 
0.686400 0.086262 
0.685543 0.088098 
0.684668 0.089926 
0.683776 0.091746 
0.682865 0.093556 
0.681936 0.095357 
0.680990 0.097150 
0.680026 0.098932 
0.679044 0.100706 
0.678045 0.102469 
0.677029 0.104223 
0.675995 0.105967 
0.674944 0.107700 
0.673876 0.109423 
0.672791 0.111136 
0.671689 0.112837 
0.670570 0.114528 
0.669434 0.116208 
0.668282 0.117877 
0.667114 0.119534 
0.665929 0.121179 
0.664728 0.122813 
0.663511 0.124435 
0.662278 0.126045 
0.661029 0.127643 
0.659764 0.129228 
0.658484 0.130801 
0.657188 0.132361 
0.655876 0.133908 
0.654550 0.135443 
0.653208 0.136964 
0.651851 0.138472 
0.650480 0.139967 
0.649094 0.141448 
0.647693 0.142915 
0.646277 0.144368 
0.644848 0.145808 
0.643404 0.147233 
0.641946 0.148644 
0.640474 0.150041 
0.638988 0.151423 
0.637489 0.152790 
0.635977 0.154143 
0.634451 0.155480 
0.632911 0.156803 
0.631359 0.158110 
0.629794 0.159402 
0.628216 0.160678 
0.626626 0.161939 
0.625023 0.163184 
0.623408 0.164413 
0.621780 0.165626 
0.620141 0.166824 
0.618490 0.168005 
0.616827 0.169169 
0.615153 0.170317 
0.613468 0.171449 
0.611771 0.172564 
0.610064 0.173662 
0.608345 0.174743 
0.606616 0.175808 
0.604877 0.176855 
0.603127 0.177885 
0.601367 0.178897 
0.599597 0.179893 
0.597817 0.180871 
0.596028 0.181831 
0.594229 0.182773 
0.592421 0.183698 
0.590604 0.184605 
0.588778 0.185494 
0.586943 0.186364 
0.585099 0.187217 
0.583248 0.188051 
0.581388 0.188867 
0.579519 0.189665 
0.577644 0.190444 
0.575760 0.191205 
0.573869 0.191947 
0.571971 0.192671 
0.570065 0.193375 
0.568153 0.194061 
0.566234 0.194728 
0.564308 0.195376 
0.562376 0.196005 
0.560438 0.196614 
0.558493 0.197205 
0.556543 0.197776 
0.554588 0.198328 
0.552627 0.198861 
0.550660 0.199374 
0.548689 0.199868 
0.546713 0.200343 
0.544732 0.200797 
0.542747 0.201233 
0.540757 0.201648 
0.538764 0.202044 
0.536766 0.202421 
0.534765 0.202777 
0.532761 0.203114 
0.530753 0.203431 
0.528742 0.203728 
0.526728 0.204005 
0.524711 0.204262 
0.522692 0.204500 
0.520671 0.204717 
0.518647 0.204915 
0.516622 0.205092 
0.514594 0.205249 
0.512566 0.205387 
0.510536 0.205504 
0.508505 0.205601 
0.506473 0.205678 
0.504440 0.205735 
0.502407 0.205772 
0.500373 0.205789 
0.498339 0.205786 
0.496306 0.205763 
0.494273 0.205719 
0.492240 0.205656 
0.490207 0.205572 
0.488176 0.205468 
0.486146 0.205344 
0.484117 0.205200 
0.482089 0.205037 
0.480063 0.204853 
0.478039 0.204649 
0.476017 0.204425 
0.473998 0.204181 
0.471980 0.203917 
0.469966 0.203633 
0.467954 0.203329 
0.465945 0.203005 
0.463940 0.202662 
0.461938 0.202298 
0.459940 0.201915 
0.457945 0.201512 
0.455955 0.201090 
0.453968 0.200647 
0.451986 0.200185 
0.450009 0.199704 
0.448037 0.199203 
0.446069 0.198682 
0.444107 0.198142 
0.442150 0.197583 
0.440199 0.197004 
0.438253 0.196406 
0.436314 0.195789 
0.434380 0.195152 
0.432453 0.194497 
0.430532 0.193822 
0.428619 0.193129 
0.426712 0.192416 
0.424812 0.191685 
0.422919 0.190935 
0.421034 0.190166 
0.419156 0.189379 
0.417287 0.188573 
0.415425 0.187749 
0.413572 0.186906 
0.411727 0.186045 
0.409890 0.185165 
0.408062 0.184268 
0.406243 0.183352 
0.404434 0.182419 
0.402633 0.181467 
0.400842 0.180498 
0.399061 0.179511 
0.397289 0.178507 
0.395527 0.177485 
0.393776 0.176446 
0.392035 0.175389 
0.390304 0.174315 
0.388584 0.173224 
0.386875 0.172116 
0.385177 0.170991 
0.383490 0.169850 
0.381814 0.168691 
0.380150 0.167517 
0.378497 0.166325 
0.376857 0.165118 
0.375228 0.163894 
0.373611 0.162654 
0.372007 0.161398 
0.370415 0.160127 
0.368836 0.158839 
0.367270 0.157536 
0.365716 0.156218 
0.364176 0.154884 
0.362649 0.153535 
0.361135 0.152171 
0.359634 0.150792 
0.358148 0.149398 
0.356675 0.147990 
0.355216 0.146567 
0.353772 0.145129 
0.352341 0.143678 
0.350925 0.142212 
0.349524 0.140732 
0.348137 0.139238 
0.346765 0.137731 
0.345408 0.136210 
0.344066 0.134676 
0.342739 0.133129 
0.341428 0.131568 
0.340132 0.129995 
0.338852 0.128408 
0.337587 0.126809 
0.336338 0.125198 
0.335106 0.123574 
0.333889 0.121938 
0.332689 0.120291 
0.331504 0.118631 
0.330337 0.116960 
0.329186 0.115277 
0.328051 0.113582 
0.326934 0.111877 
0.325833 0.110161 
0.324749 0.108433 
0.323683 0.106695 
0.322634 0.104947 
0.321602 0.103188 
0.320587 0.101419 
0.319590 0.099640 
0.318611 0.097851 
0.317649 0.096053 
0.316705 0.094245 
0.315779 0.092428 
0.314871 0.090601 
0.313981 0.088766 
0.313110 0.086922 
0.312256 0.085069 
0.311421 0.083208 
0.310605 0.081339 
0.309807 0.079462 
0.309027 0.077577 
0.308267 0.075684 
0.307525 0.073784 
0.306802 0.071876 
0.306097 0.069961 
0.305412 0.068040 
0.304746 0.066111 
0.304099 0.064176 
0.303471 0.062235 
0.302862 0.060288 
0.302272 0.058334 
0.301702 0.056375 
0.301152 0.054411 
0.300621 0.052440 
0.300109 0.050465 
0.299617 0.048485 
0.299144 0.046499 
0.298691 0.044510 
0.298258 0.042515 
0.297845 0.040517 
0.297451 0.038514 
0.297078 0.036508 
0.296724 0.034498 
0.296390 0.032485 
0.296076 0.030468 
0.295782 0.028448 
0.295508 0.026425 
0.295254 0.024400 
0.295020 0.022372 
0.294806 0.020342 
0.294612 0.018310 
0.294439 0.016276 
0.294285 0.014241 
0.294152 0.012204 
0.294039 0.010165 
0.293946 0.008126 
0.293873 0.006086 
0.293820 0.004045 
0.293788 0.002003 
0.293776 -0.000038 
0.293784 -0.002080 
0.293812 -0.004122 
0.293861 -0.006163 
0.293930 -0.008203 
0.294019 -0.010243 
0.294128 -0.012282 
0.294257 -0.014320 
0.294407 -0.016357 
0.294576 -0.018392 
0.294766 -0.020425 
0.294976 -0.022457 
0.295206 -0.024486 
0.295456 -0.026513 
0.295726 -0.028537 
0.296017 -0.030559 
0.296327 -0.032577 
0.296657 -0.034593 
0.297007 -0.036605 
0.297378 -0.038614 
0.297768 -0.040619 
0.298177 -0.042620 
0.298607 -0.044617 
0.299057 -0.046609 
0.299526 -0.048598 
0.300015 -0.050581 
0.300523 -0.052560 
0.301051 -0.054533 
0.301599 -0.056501 
0.302166 -0.058464 
0.302752 -0.060421 
0.303358 -0.062372 
0.303983 -0.064317 
0.304628 -0.066256 
0.305291 -0.068188 
0.305974 -0.070114 
0.306676 -0.072033 
0.307397 -0.073945 
0.308136 -0.075850 
0.308895 -0.077747 
0.309672 -0.079637 
0.310468 -0.081519 
0.311283 -0.083393 
0.312116 -0.085259 
0.312968 -0.087117 
0.313838 -0.088966 
0.314726 -0.090806 
0.315633 -0.092638 
0.316557 -0.094461 
