1  
2000  
-0.000000 0.000000 
-0.000000 0.000001 
-0.000000 0.000002 
0.000000 -0.000000 
0.000000 -0.000000 
0.000000 -0.000000 
0.000000 -0.000000 
0.000000 -0.000000 
0.000000 -0.000000 
0.000000 -0.000000 
0.000000 -0.000000 
0.000000 -0.000000 
0.000000 -0.000000 
0.000000 -0.000000 
0.000000 -0.000000 
0.000000 -0.000000 
0.000000 -0.000000 
0.000000 -0.000000 
0.000000 -0.000000 
0.000001 -0.000000 
0.000001 -0.000000 
0.000001 -0.000000 
0.000001 -0.000000 
0.000001 -0.000000 
0.000002 -0.000000 
0.000002 -0.000000 
0.000003 -0.000000 
0.000003 -0.000000 
0.000004 -0.000000 
0.000004 -0.000001 
0.000005 -0.000001 
0.000006 -0.000001 
0.000007 -0.000001 
0.000008 -0.000001 
0.000009 -0.000001 
0.000011 -0.000001 
0.000012 -0.000002 
0.000014 -0.000002 
0.000016 -0.000002 
0.000018 -0.000002 
0.000021 -0.000003 
0.000023 -0.000003 
0.000026 -0.000003 
0.000030 -0.000004 
0.000033 -0.000004 
0.000037 -0.000005 
0.000041 -0.000006 
0.000046 -0.000006 
0.000050 -0.000007 
0.000056 -0.000008 
0.000062 -0.000008 
0.000068 -0.000009 
0.000075 -0.000010 
0.000082 -0.000011 
0.000090 -0.000013 
0.000098 -0.000014 
0.000107 -0.000015 
0.000117 -0.000017 
0.000127 -0.000018 
0.000138 -0.000020 
0.000150 -0.000022 
0.000162 -0.000024 
0.000176 -0.000026 
0.000190 -0.000028 
0.000205 -0.000030 
0.000221 -0.000033 
0.000238 -0.000036 
0.000257 -0.000039 
0.000276 -0.000042 
0.000296 -0.000045 
0.000318 -0.000049 
0.000340 -0.000053 
0.000364 -0.000057 
0.000390 -0.000061 
0.000416 -0.000066 
0.000445 -0.000071 
0.000474 -0.000076 
0.000505 -0.000081 
0.000538 -0.000087 
0.000572 -0.000093 
0.000608 -0.000100 
0.000646 -0.000107 
0.000686 -0.000114 
0.000728 -0.000122 
0.000771 -0.000130 
0.000817 -0.000139 
0.000864 -0.000148 
0.000914 -0.000157 
0.000966 -0.000168 
0.001021 -0.000178 
0.001077 -0.000190 
0.001137 -0.000202 
0.001198 -0.000214 
0.001263 -0.000227 
0.001330 -0.000241 
0.001399 -0.000256 
0.001472 -0.000271 
0.001547 -0.000287 
0.001626 -0.000304 
0.001707 -0.000321 
0.001792 -0.000340 
0.001880 -0.000359 
0.001971 -0.000380 
0.002066 -0.000401 
0.002164 -0.000423 
0.002266 -0.000447 
0.002371 -0.000471 
0.002480 -0.000497 
0.002594 -0.000523 
0.002711 -0.000551 
0.002832 -0.000580 
0.002957 -0.000611 
0.003086 -0.000643 
0.003220 -0.000676 
0.003358 -0.000711 
0.003501 -0.000747 
0.003648 -0.000784 
0.003800 -0.000824 
0.003957 -0.000864 
0.004119 -0.000907 
0.004285 -0.000951 
0.004457 -0.000998 
0.004634 -0.001046 
0.004817 -0.001096 
0.005004 -0.001148 
0.005198 -0.001202 
0.005397 -0.001258 
0.005601 -0.001316 
0.005812 -0.001377 
0.006028 -0.001440 
0.006250 -0.001505 
0.006479 -0.001573 
0.006714 -0.001643 
0.006955 -0.001716 
0.007202 -0.001792 
0.007456 -0.001871 
0.007717 -0.001952 
0.007984 -0.002036 
0.008259 -0.002123 
0.008540 -0.002214 
0.008828 -0.002307 
0.009124 -0.002404 
0.009426 -0.002504 
0.009736 -0.002608 
0.010054 -0.002715 
0.010379 -0.002826 
0.010711 -0.002940 
0.011051 -0.003058 
0.011400 -0.003180 
0.011756 -0.003307 
0.012120 -0.003437 
0.012492 -0.003571 
0.012872 -0.003710 
0.013261 -0.003853 
0.013658 -0.004001 
0.014063 -0.004153 
0.014477 -0.004310 
0.014900 -0.004471 
0.015331 -0.004638 
0.015771 -0.004809 
0.016220 -0.004986 
0.016678 -0.005168 
0.017145 -0.005355 
0.017621 -0.005548 
0.018106 -0.005746 
0.018600 -0.005950 
0.019104 -0.006159 
0.019617 -0.006375 
0.020139 -0.006596 
0.020671 -0.006824 
0.021212 -0.007058 
0.021763 -0.007298 
0.022324 -0.007544 
0.022894 -0.007797 
0.023475 -0.008057 
0.024064 -0.008324 
0.024664 -0.008597 
0.025274 -0.008877 
0.025894 -0.009165 
0.026523 -0.009459 
0.027163 -0.009761 
0.027812 -0.010071 
0.028472 -0.010387 
0.029142 -0.010712 
0.029822 -0.011044 
0.030512 -0.011384 
0.031212 -0.011732 
0.031923 -0.012088 
0.032643 -0.012452 
0.033374 -0.012825 
0.034115 -0.013206 
0.034867 -0.013595 
0.035628 -0.013993 
0.036400 -0.014399 
0.037182 -0.014814 
0.037974 -0.015238 
0.038777 -0.015671 
0.039589 -0.016113 
0.040412 -0.016564 
0.041245 -0.017024 
0.042088 -0.017494 
0.042942 -0.017973 
0.043805 -0.018461 
0.044679 -0.018958 
0.045563 -0.019466 
0.046457 -0.019982 
0.047361 -0.020509 
0.048275 -0.021045 
0.049198 -0.021591 
0.050132 -0.022147 
0.051076 -0.022713 
0.052029 -0.023289 
0.052993 -0.023875 
0.053966 -0.024471 
0.054948 -0.025077 
0.055941 -0.025693 
0.056943 -0.026320 
0.057955 -0.026956 
0.058976 -0.027603 
0.060006 -0.028261 
0.061046 -0.028928 
0.062096 -0.029606 
0.063154 -0.030294 
0.064222 -0.030993 
0.065299 -0.031702 
0.066385 -0.032421 
0.067481 -0.033151 
0.068585 -0.033891 
0.069698 -0.034642 
0.070820 -0.035403 
0.071950 -0.036174 
0.073090 -0.036956 
0.074238 -0.037748 
0.075394 -0.038551 
0.076559 -0.039363 
0.077733 -0.040186 
0.078914 -0.041020 
0.080105 -0.041863 
0.081303 -0.042717 
0.082509 -0.043580 
0.083724 -0.044454 
0.084946 -0.045338 
0.086177 -0.046232 
0.087415 -0.047135 
0.088661 -0.048049 
0.089915 -0.048972 
0.091176 -0.049905 
0.092445 -0.050848 
0.093721 -0.051801 
0.095005 -0.052762 
0.096296 -0.053734 
0.097595 -0.054714 
0.098901 -0.055704 
0.100214 -0.056703 
0.101534 -0.057712 
0.102860 -0.058729 
0.104194 -0.059755 
0.105535 -0.060790 
0.106883 -0.061833 
0.108237 -0.062886 
0.109598 -0.063946 
0.110966 -0.065015 
0.112340 -0.066093 
0.113721 -0.067178 
0.115109 -0.068272 
0.116502 -0.069373 
0.117902 -0.070482 
0.119309 -0.071599 
0.120721 -0.072723 
0.122140 -0.073855 
0.123565 -0.074994 
0.124996 -0.076140 
0.126433 -0.077293 
0.127876 -0.078453 
0.129325 -0.079620 
0.130780 -0.080793 
0.132241 -0.081973 
0.133708 -0.083159 
0.135180 -0.084351 
0.136658 -0.085549 
0.138142 -0.086753 
0.139631 -0.087962 
0.141127 -0.089178 
0.142627 -0.090398 
0.144134 -0.091624 
0.145646 -0.092855 
0.147163 -0.094091 
0.148686 -0.095331 
0.150214 -0.096577 
0.151748 -0.097826 
0.153287 -0.099080 
0.154831 -0.100338 
0.156381 -0.101600 
0.157936 -0.102866 
0.159497 -0.104135 
0.161062 -0.105408 
0.162633 -0.106684 
0.164209 -0.107964 
0.165791 -0.109246 
0.167377 -0.110531 
0.168969 -0.111819 
0.170566 -0.113109 
0.172168 -0.114402 
0.173776 -0.115697 
0.175388 -0.116993 
0.177006 -0.118292 
0.178628 -0.119592 
0.180256 -0.120894 
0.181889 -0.122196 
0.183527 -0.123500 
0.185170 -0.124806 
0.186818 -0.126111 
0.188471 -0.127418 
0.190129 -0.128725 
0.191793 -0.130032 
0.193461 -0.131339 
0.195134 -0.132647 
0.196813 -0.133954 
0.198496 -0.135260 
0.200185 -0.136567 
0.201878 -0.137872 
0.203577 -0.139177 
0.205280 -0.140480 
0.206989 -0.141783 
0.208703 -0.143084 
0.210421 -0.144383 
0.212145 -0.145681 
0.213873 -0.146977 
0.215607 -0.148271 
0.217346 -0.149563 
0.219089 -0.150853 
0.220838 -0.152140 
0.222592 -0.153424 
0.224350 -0.154705 
0.226114 -0.155984 
0.227883 -0.157260 
0.229656 -0.158532 
0.231435 -0.159801 
0.233219 -0.161066 
0.235007 -0.162327 
0.236801 -0.163585 
0.238599 -0.164838 
0.240403 -0.166087 
0.242212 -0.167332 
0.244025 -0.168573 
0.245843 -0.169809 
0.247667 -0.171040 
0.249495 -0.172266 
0.251328 -0.173486 
0.253167 -0.174702 
0.255010 -0.175912 
0.256858 -0.177117 
0.258711 -0.178316 
0.260569 -0.179509 
0.262431 -0.180697 
0.264299 -0.181878 
0.266171 -0.183053 
0.268049 -0.184221 
0.269931 -0.185383 
0.271818 -0.186539 
0.273710 -0.187687 
0.275606 -0.188829 
0.277508 -0.189963 
0.279414 -0.191091 
0.281325 -0.192211 
0.283240 -0.193323 
0.285160 -0.194428 
0.287085 -0.195525 
0.289015 -0.196614 
0.290949 -0.197696 
0.292888 -0.198769 
0.294832 -0.199834 
0.296780 -0.200890 
0.298733 -0.201938 
0.300690 -0.202978 
0.302652 -0.204009 
0.304618 -0.205030 
0.306588 -0.206043 
0.308563 -0.207047 
0.310543 -0.208042 
0.312527 -0.209027 
0.314515 -0.210002 
0.316507 -0.210969 
0.318504 -0.211925 
0.320505 -0.212872 
0.322510 -0.213808 
0.324519 -0.214735 
0.326532 -0.215652 
0.328549 -0.216558 
0.330571 -0.217454 
0.332596 -0.218339 
0.334625 -0.219214 
0.336658 -0.220078 
0.338695 -0.220932 
0.340736 -0.221774 
0.342781 -0.222606 
0.344829 -0.223426 
0.346881 -0.224236 
0.348936 -0.225034 
0.350996 -0.225820 
0.353058 -0.226595 
0.355124 -0.227359 
0.357194 -0.228110 
0.359266 -0.228850 
0.361343 -0.229579 
0.363422 -0.230295 
0.365504 -0.230999 
0.367590 -0.231691 
0.369679 -0.232371 
0.371770 -0.233038 
0.373865 -0.233693 
0.375962 -0.234335 
0.378063 -0.234965 
0.380166 -0.235583 
0.382271 -0.236187 
0.384379 -0.236779 
0.386490 -0.237357 
0.388604 -0.237923 
0.390719 -0.238476 
0.392837 -0.239015 
0.394957 -0.239541 
0.397080 -0.240054 
0.399204 -0.240554 
0.401331 -0.241040 
0.403459 -0.241513 
0.405590 -0.241972 
0.407722 -0.242417 
0.409856 -0.242849 
0.411991 -0.243267 
0.414128 -0.243670 
0.416267 -0.244060 
0.418407 -0.244436 
0.420548 -0.244798 
0.422690 -0.245146 
0.424834 -0.245480 
0.426978 -0.245799 
0.429124 -0.246104 
0.431270 -0.246395 
0.433418 -0.246671 
0.435565 -0.246933 
0.437714 -0.247181 
0.439863 -0.247413 
0.442012 -0.247632 
0.444162 -0.247835 
0.446312 -0.248024 
0.448462 -0.248198 
0.450612 -0.248357 
0.452763 -0.248501 
0.454912 -0.248630 
0.457062 -0.248745 
0.459212 -0.248844 
0.461360 -0.248928 
0.463509 -0.248998 
0.465656 -0.249052 
0.467803 -0.249091 
0.469949 -0.249114 
0.472094 -0.249123 
0.474238 -0.249116 
0.476381 -0.249094 
0.478523 -0.249057 
0.480663 -0.249004 
0.482802 -0.248936 
0.484939 -0.248853 
0.487074 -0.248754 
0.489208 -0.248640 
0.491340 -0.248510 
0.493469 -0.248364 
0.495597 -0.248203 
0.497722 -0.248027 
0.499845 -0.247835 
0.501965 -0.247627 
0.504083 -0.247404 
0.506198 -0.247165 
0.508310 -0.246911 
0.510420 -0.246641 
0.512526 -0.246355 
0.514629 -0.246054 
0.516729 -0.245737 
0.518826 -0.245404 
0.520919 -0.245055 
0.523008 -0.244691 
0.525094 -0.244311 
0.527176 -0.243916 
0.529253 -0.243505 
0.531327 -0.243078 
0.533397 -0.242635 
0.535462 -0.242177 
0.537523 -0.241703 
0.539579 -0.241213 
0.541630 -0.240708 
0.543677 -0.240187 
0.545719 -0.239650 
0.547756 -0.239098 
0.549787 -0.238530 
0.551813 -0.237947 
0.553834 -0.237348 
0.555850 -0.236733 
0.557859 -0.236103 
0.559863 -0.235457 
0.561861 -0.234795 
0.563853 -0.234118 
0.565839 -0.233426 
0.567819 -0.232718 
0.569792 -0.231995 
0.571759 -0.231256 
0.573719 -0.230502 
0.575672 -0.229733 
0.577619 -0.228948 
0.579558 -0.228148 
0.581490 -0.227333 
0.583416 -0.226502 
0.585333 -0.225657 
0.587244 -0.224796 
0.589146 -0.223920 
0.591041 -0.223029 
0.592928 -0.222123 
0.594807 -0.221202 
0.596678 -0.220266 
0.598541 -0.219315 
0.600396 -0.218349 
0.602242 -0.217369 
0.604079 -0.216374 
0.605908 -0.215364 
0.607728 -0.214339 
0.609539 -0.213300 
0.611340 -0.212246 
0.613133 -0.211178 
0.614916 -0.210095 
0.616690 -0.208998 
0.618455 -0.207887 
0.620209 -0.206761 
0.621954 -0.205621 
0.623689 -0.204467 
0.625414 -0.203299 
0.627129 -0.202117 
0.628834 -0.200921 
0.630528 -0.199712 
0.632212 -0.198488 
0.633885 -0.197251 
0.635547 -0.196000 
0.637198 -0.194735 
0.638839 -0.193457 
0.640468 -0.192166 
0.642087 -0.190861 
0.643694 -0.189543 
0.645289 -0.188212 
0.646873 -0.186867 
0.648445 -0.185510 
0.650006 -0.184139 
0.651554 -0.182756 
0.653091 -0.181360 
0.654616 -0.179952 
0.656128 -0.178530 
0.657628 -0.177097 
0.659116 -0.175650 
0.660591 -0.174192 
0.662053 -0.172721 
0.663503 -0.171238 
0.664940 -0.169743 
0.666364 -0.168236 
0.667774 -0.166718 
0.669172 -0.165187 
0.670556 -0.163645 
0.671927 -0.162091 
0.673285 -0.160526 
0.674629 -0.158950 
0.675959 -0.157362 
0.677275 -0.155763 
0.678578 -0.154153 
0.679866 -0.152532 
0.681141 -0.150901 
0.682401 -0.149258 
0.683647 -0.147605 
0.684879 -0.145942 
0.686096 -0.144268 
0.687298 -0.142584 
0.688486 -0.140890 
0.689659 -0.139186 
0.690818 -0.137472 
0.691961 -0.135748 
0.693090 -0.134014 
0.694203 -0.132271 
0.695301 -0.130519 
0.696384 -0.128757 
0.697451 -0.126986 
0.698503 -0.125206 
0.699540 -0.123416 
0.700561 -0.121619 
0.701566 -0.119812 
0.702555 -0.117997 
0.703529 -0.116174 
0.704486 -0.114342 
0.705428 -0.112502 
0.706354 -0.110654 
0.707263 -0.108798 
0.708156 -0.106934 
0.709033 -0.105063 
0.709893 -0.103184 
0.710737 -0.101298 
0.711565 -0.099404 
0.712376 -0.097504 
0.713170 -0.095597 
0.713947 -0.093682 
0.714708 -0.091761 
0.715452 -0.089834 
0.716179 -0.087900 
0.716889 -0.085960 
0.717582 -0.084014 
0.718257 -0.082061 
0.718916 -0.080103 
0.719557 -0.078140 
0.720182 -0.076171 
0.720788 -0.074196 
0.721378 -0.072216 
0.721950 -0.070231 
0.722505 -0.068241 
0.723042 -0.066247 
0.723561 -0.064247 
0.724063 -0.062244 
0.724547 -0.060235 
0.725013 -0.058223 
0.725462 -0.056207 
0.725893 -0.054186 
0.726306 -0.052162 
0.726701 -0.050135 
0.727079 -0.048104 
0.727438 -0.046070 
0.727779 -0.044032 
0.728102 -0.041992 
0.728408 -0.039949 
0.728695 -0.037903 
0.728964 -0.035854 
0.729215 -0.033804 
0.729448 -0.031751 
0.729662 -0.029696 
0.729859 -0.027639 
0.730037 -0.025581 
0.730197 -0.023521 
0.730338 -0.021460 
0.730461 -0.019397 
0.730566 -0.017333 
0.730653 -0.015269 
0.730721 -0.013203 
0.730771 -0.011137 
0.730803 -0.009071 
0.730816 -0.007005 
0.730811 -0.004938 
0.730787 -0.002871 
0.730745 -0.000805 
0.730685 0.001261 
0.730606 0.003327 
0.730509 0.005391 
0.730393 0.007455 
0.730259 0.009518 
0.730107 0.011580 
0.729936 0.013640 
0.729747 0.015699 
0.729539 0.017756 
0.729313 0.019811 
0.729069 0.021864 
0.728806 0.023915 
0.728525 0.025964 
0.728226 0.028010 
0.727909 0.030053 
0.727573 0.032094 
0.727219 0.034132 
0.726846 0.036166 
0.726456 0.038197 
0.726047 0.040225 
0.725620 0.042249 
0.725175 0.044269 
0.724711 0.046285 
0.724230 0.048297 
0.723731 0.050305 
0.723213 0.052308 
0.722678 0.054307 
0.722125 0.056301 
0.721554 0.058290 
0.720965 0.060273 
0.720358 0.062252 
0.719733 0.064225 
0.719091 0.066192 
0.718430 0.068154 
0.717753 0.070110 
0.717057 0.072060 
0.716344 0.074003 
0.715614 0.075940 
0.714866 0.077871 
0.714101 0.079794 
0.713318 0.081711 
0.712518 0.083621 
0.711701 0.085524 
0.710867 0.087419 
0.710016 0.089307 
0.709147 0.091187 
0.708262 0.093059 
0.707359 0.094923 
0.706440 0.096780 
0.705504 0.098627 
0.704552 0.100467 
0.703583 0.102298 
0.702597 0.104120 
0.701595 0.105933 
0.700576 0.107737 
0.699541 0.109532 
0.698490 0.111318 
0.697422 0.113094 
0.696339 0.114860 
0.695239 0.116617 
0.694124 0.118364 
0.692993 0.120100 
0.691846 0.121827 
0.690683 0.123543 
0.689505 0.125248 
0.688311 0.126943 
0.687102 0.128627 
0.685878 0.130300 
0.684639 0.131962 
0.683384 0.133613 
0.682114 0.135252 
0.680830 0.136880 
0.679531 0.138496 
0.678217 0.140100 
0.676888 0.141693 
0.675545 0.143273 
0.674188 0.144841 
0.672816 0.146397 
0.671430 0.147940 
0.670031 0.149471 
0.668617 0.150989 
0.667189 0.152494 
0.665748 0.153986 
0.664293 0.155465 
0.662825 0.156931 
0.661343 0.158383 
0.659848 0.159822 
0.658340 0.161248 
0.656819 0.162659 
0.655285 0.164057 
0.653738 0.165440 
0.652179 0.166810 
0.650607 0.168165 
0.649023 0.169506 
0.647427 0.170833 
0.645818 0.172145 
0.644198 0.173442 
0.642565 0.174724 
0.640921 0.175992 
0.639266 0.177244 
0.637599 0.178481 
0.635920 0.179703 
0.634231 0.180910 
0.632530 0.182101 
0.630819 0.183277 
0.629096 0.184437 
0.627364 0.185581 
0.625620 0.186710 
0.623867 0.187822 
0.622103 0.188918 
0.620329 0.189998 
0.618545 0.191062 
0.616752 0.192110 
0.614949 0.193141 
0.613136 0.194155 
0.611314 0.195153 
0.609484 0.196134 
0.607644 0.197099 
0.605795 0.198046 
0.603937 0.198976 
0.602071 0.199890 
0.600197 0.200786 
0.598315 0.201665 
0.596424 0.202527 
0.594526 0.203371 
0.592619 0.204198 
0.590705 0.205007 
0.588784 0.205799 
0.586856 0.206573 
0.584920 0.207329 
0.582978 0.208067 
0.581028 0.208788 
0.579072 0.209490 
0.577110 0.210175 
0.575142 0.210841 
0.573167 0.211490 
0.571186 0.212120 
0.569200 0.212732 
0.567208 0.213325 
0.565210 0.213900 
0.563207 0.214457 
0.561200 0.214995 
0.559187 0.215515 
0.557169 0.216016 
0.555147 0.216498 
0.553121 0.216962 
0.551090 0.217407 
0.549055 0.217833 
0.547016 0.218241 
0.544974 0.218629 
0.542928 0.218999 
0.540878 0.219350 
0.538826 0.219681 
0.536770 0.219994 
0.534712 0.220288 
0.532650 0.220563 
0.530587 0.220818 
0.528521 0.221055 
0.526453 0.221272 
0.524383 0.221471 
0.522311 0.221650 
0.520237 0.221810 
0.518162 0.221950 
0.516086 0.222072 
0.514009 0.222174 
0.511931 0.222257 
0.509852 0.222321 
0.507773 0.222365 
0.505693 0.222390 
0.503613 0.222396 
0.501533 0.222382 
0.499453 0.222350 
0.497374 0.222297 
0.495295 0.222226 
0.493217 0.222135 
0.491140 0.222025 
0.489064 0.221896 
0.486989 0.221747 
0.484915 0.221579 
0.482844 0.221392 
0.480774 0.221186 
0.478706 0.220960 
0.476640 0.220715 
0.474576 0.220451 
0.472515 0.220167 
0.470457 0.219865 
0.468402 0.219543 
0.466349 0.219202 
0.464300 0.218842 
0.462254 0.218463 
0.460212 0.218065 
0.458174 0.217648 
0.456140 0.217212 
0.454109 0.216757 
0.452084 0.216283 
0.450062 0.215791 
0.448045 0.215279 
0.446033 0.214749 
0.444026 0.214199 
0.442025 0.213631 
0.440028 0.213045 
0.438037 0.212440 
0.436052 0.211816 
0.434073 0.211174 
0.432100 0.210513 
0.430133 0.209834 
0.428173 0.209136 
0.426219 0.208421 
0.424272 0.207687 
0.422331 0.206934 
0.420398 0.206164 
0.418472 0.205376 
0.416554 0.204569 
0.414643 0.203745 
0.412740 0.202903 
0.410845 0.202043 
0.408958 0.201165 
0.407080 0.200270 
0.405210 0.199357 
0.403348 0.198427 
0.401495 0.197479 
0.399652 0.196514 
0.397817 0.195532 
0.395991 0.194532 
0.394175 0.193516 
0.392369 0.192482 
0.390572 0.191432 
0.388786 0.190365 
0.387009 0.189281 
0.385243 0.188180 
0.383487 0.187063 
0.381741 0.185930 
0.380006 0.184780 
0.378283 0.183614 
0.376570 0.182431 
0.374868 0.181233 
0.373178 0.180019 
0.371499 0.178789 
0.369832 0.177543 
0.368176 0.176282 
0.366533 0.175005 
0.364901 0.173712 
0.363282 0.172405 
0.361675 0.171082 
0.360080 0.169744 
0.358499 0.168391 
0.356930 0.167024 
0.355374 0.165641 
0.353831 0.164244 
0.352301 0.162833 
0.350785 0.161407 
0.349282 0.159967 
0.347792 0.158513 
0.346317 0.157045 
0.344855 0.155564 
0.343408 0.154068 
0.341974 0.152559 
0.340555 0.151036 
0.339150 0.149500 
0.337760 0.147951 
0.336384 0.146389 
0.335023 0.144814 
0.333678 0.143227 
0.332347 0.141626 
0.331031 0.140013 
0.329731 0.138388 
0.328446 0.136751 
0.327176 0.135101 
0.325922 0.133440 
0.324684 0.131766 
0.323462 0.130082 
0.322255 0.128385 
0.321065 0.126678 
0.319891 0.124959 
0.318733 0.123229 
0.317592 0.121489 
0.316467 0.119737 
0.315359 0.117975 
0.314267 0.116203 
0.313192 0.114420 
0.312134 0.112628 
0.311094 0.110825 
0.310070 0.109013 
0.309063 0.107191 
0.308074 0.105360 
0.307102 0.103519 
0.306147 0.101669 
0.305210 0.099810 
0.304291 0.097943 
0.303390 0.096067 
0.302506 0.094182 
0.301640 0.092289 
0.300792 0.090388 
0.299962 0.088479 
0.299150 0.086562 
0.298357 0.084638 
0.297581 0.082706 
0.296824 0.080767 
0.296086 0.078821 
0.295366 0.076868 
0.294664 0.074908 
0.293981 0.072942 
0.293317 0.070969 
0.292672 0.068990 
0.292045 0.067005 
0.291437 0.065014 
0.290848 0.063017 
0.290279 0.061015 
0.289728 0.059008 
0.289196 0.056996 
0.288683 0.054978 
0.288190 0.052956 
0.287715 0.050929 
0.287260 0.048898 
0.286825 0.046862 
0.286408 0.044823 
0.286011 0.042779 
0.285634 0.040732 
0.285276 0.038682 
0.284937 0.036628 
0.284618 0.034571 
0.284319 0.032511 
0.284039 0.030448 
0.283779 0.028383 
0.283538 0.026315 
0.283317 0.024245 
0.283116 0.022173 
0.282935 0.020099 
0.282773 0.018024 
0.282631 0.015947 
0.282509 0.013869 
0.282406 0.011790 
0.282324 0.009710 
0.282261 0.007629 
0.282218 0.005548 
0.282195 0.003467 
0.282191 0.001385 
0.282208 -0.000697 
0.282244 -0.002778 
0.282300 -0.004859 
0.282376 -0.006939 
0.282472 -0.009019 
0.282587 -0.011097 
0.282723 -0.013174 
0.282878 -0.015250 
0.283053 -0.017324 
0.283247 -0.019397 
0.283462 -0.021468 
0.283696 -0.023536 
0.283950 -0.025602 
0.284223 -0.027666 
0.284517 -0.029727 
0.284830 -0.031785 
0.285162 -0.033840 
0.285514 -0.035892 
0.285886 -0.037940 
0.286277 -0.039984 
0.286688 -0.042025 
0.287118 -0.044062 
0.287568 -0.046095 
0.288037 -0.048123 
0.288525 -0.050146 
0.289033 -0.052165 
0.289560 -0.054179 
0.290106 -0.056188 
0.290671 -0.058192 
0.291255 -0.060190 
0.291859 -0.062182 
0.292481 -0.064168 
0.293123 -0.066149 
0.293783 -0.068123 
0.294462 -0.070091 
0.295160 -0.072052 
0.295877 -0.074007 
0.296612 -0.075954 
0.297366 -0.077895 
0.298138 -0.079828 
0.298929 -0.081754 
0.299738 -0.083672 
0.300566 -0.085582 
0.301412 -0.087484 
0.302276 -0.089378 
0.303158 -0.091264 
0.304058 -0.093141 
0.304976 -0.095009 
0.305912 -0.096869 
0.306865 -0.098720 
0.307836 -0.100561 
0.308825 -0.102393 
0.309832 -0.104215 
0.310855 -0.106028 
0.311896 -0.107831 
0.312955 -0.109624 
0.314030 -0.111406 
0.315122 -0.113178 
0.316232 -0.114940 
0.317358 -0.116691 
0.318501 -0.118431 
0.319660 -0.120160 
0.320836 -0.121878 
0.322029 -0.123584 
0.323238 -0.125279 
0.324463 -0.126963 
0.325704 -0.128634 
0.326961 -0.130294 
0.328234 -0.131941 
0.329522 -0.133576 
0.330826 -0.135199 
0.332146 -0.136809 
0.333481 -0.138407 
0.334832 -0.139991 
0.336197 -0.141563 
0.337578 -0.143121 
0.338973 -0.144666 
0.340383 -0.146197 
0.341808 -0.147715 
0.343248 -0.149220 
0.344701 -0.150710 
0.346169 -0.152186 
0.347651 -0.153648 
0.349147 -0.155096 
0.350657 -0.156530 
0.352181 -0.157949 
0.353718 -0.159353 
0.355268 -0.160742 
0.356832 -0.162117 
0.358409 -0.163476 
0.359999 -0.164820 
0.361602 -0.166149 
0.363217 -0.167462 
0.364845 -0.168760 
0.366486 -0.170042 
0.368139 -0.171308 
0.369803 -0.172558 
0.371480 -0.173793 
0.373168 -0.175011 
0.374869 -0.176212 
0.376580 -0.177398 
0.378303 -0.178567 
0.380037 -0.179719 
0.381782 -0.180854 
0.383538 -0.181973 
0.385305 -0.183075 
0.387082 -0.184160 
0.388870 -0.185227 
0.390667 -0.186278 
0.392475 -0.187311 
0.394293 -0.188326 
0.396120 -0.189324 
0.397957 -0.190305 
0.399803 -0.191267 
0.401658 -0.192212 
0.403522 -0.193139 
0.405396 -0.194048 
0.407278 -0.194939 
0.409168 -0.195812 
0.411067 -0.196666 
0.412973 -0.197502 
0.414888 -0.198320 
0.416811 -0.199120 
0.418741 -0.199900 
0.420678 -0.200662 
0.422623 -0.201406 
0.424575 -0.202131 
0.426534 -0.202836 
0.428500 -0.203523 
0.430472 -0.204191 
0.432450 -0.204840 
0.434435 -0.205470 
0.436425 -0.206081 
0.438422 -0.206672 
0.440424 -0.207245 
0.442431 -0.207798 
0.444444 -0.208331 
0.446462 -0.208845 
0.448484 -0.209340 
0.450511 -0.209815 
0.452543 -0.210270 
0.454579 -0.210706 
0.456619 -0.211123 
0.458663 -0.211519 
0.460711 -0.211896 
0.462763 -0.212253 
0.464817 -0.212590 
0.466875 -0.212908 
0.468936 -0.213205 
0.471000 -0.213483 
0.473066 -0.213741 
0.475135 -0.213979 
0.477206 -0.214197 
0.479278 -0.214394 
0.481353 -0.214572 
0.483429 -0.214730 
0.485507 -0.214868 
0.487586 -0.214985 
0.489666 -0.215083 
0.491747 -0.215161 
0.493828 -0.215218 
0.495910 -0.215255 
0.497993 -0.215273 
0.500075 -0.215270 
0.502157 -0.215247 
0.504239 -0.215204 
0.506320 -0.215140 
0.508401 -0.215057 
0.510481 -0.214954 
0.512559 -0.214830 
0.514637 -0.214687 
0.516713 -0.214523 
0.518787 -0.214339 
0.520859 -0.214135 
0.522930 -0.213912 
0.524998 -0.213668 
0.527063 -0.213404 
0.529126 -0.213121 
0.531186 -0.212817 
0.533243 -0.212493 
0.535297 -0.212150 
0.537348 -0.211787 
0.539395 -0.211404 
0.541438 -0.211001 
0.543477 -0.210578 
0.545512 -0.210136 
0.547542 -0.209674 
0.549568 -0.209193 
0.551590 -0.208692 
0.553606 -0.208171 
0.555617 -0.207631 
0.557623 -0.207071 
0.559623 -0.206493 
0.561618 -0.205894 
0.563607 -0.205277 
0.565590 -0.204640 
0.567566 -0.203984 
0.569536 -0.203309 
0.571499 -0.202615 
0.573456 -0.201902 
0.575406 -0.201170 
0.577348 -0.200420 
0.579283 -0.199650 
0.581211 -0.198862 
0.583131 -0.198055 
0.585043 -0.197230 
0.586947 -0.196386 
0.588842 -0.195523 
0.590729 -0.194643 
0.592608 -0.193744 
0.594478 -0.192827 
0.596339 -0.191892 
0.598190 -0.190939 
0.600033 -0.189968 
0.601866 -0.188979 
0.603689 -0.187973 
0.605502 -0.186949 
0.607306 -0.185907 
0.609099 -0.184848 
0.610882 -0.183772 
0.612654 -0.182679 
0.614416 -0.181568 
0.616167 -0.180440 
0.617906 -0.179296 
0.619635 -0.178134 
0.621352 -0.176956 
0.623058 -0.175761 
0.624753 -0.174550 
0.626435 -0.173322 
0.628105 -0.172079 
0.629764 -0.170819 
0.631409 -0.169543 
0.633043 -0.168251 
0.634664 -0.166943 
0.636272 -0.165620 
0.637867 -0.164281 
0.639449 -0.162927 
0.641018 -0.161557 
0.642574 -0.160172 
0.644116 -0.158773 
0.645645 -0.157358 
0.647159 -0.155928 
0.648660 -0.154484 
0.650147 -0.153026 
0.651619 -0.151553 
0.653077 -0.150066 
0.654521 -0.148565 
0.655950 -0.147050 
0.657364 -0.145521 
0.658764 -0.143978 
0.660148 -0.142422 
0.661517 -0.140852 
0.662871 -0.139270 
0.664209 -0.137674 
0.665532 -0.136065 
0.666839 -0.134444 
0.668130 -0.132810 
0.669406 -0.131163 
0.670665 -0.129504 
0.671908 -0.127833 
0.673135 -0.126150 
0.674346 -0.124455 
0.675540 -0.122749 
0.676717 -0.121031 
0.677878 -0.119302 
0.679022 -0.117561 
0.680149 -0.115809 
0.681258 -0.114047 
0.682351 -0.112274 
0.683426 -0.110490 
0.684484 -0.108696 
0.685525 -0.106892 
0.686548 -0.105077 
0.687553 -0.103253 
0.688540 -0.101419 
0.689510 -0.099576 
0.690462 -0.097723 
0.691395 -0.095861 
0.692311 -0.093990 
0.693208 -0.092111 
0.694087 -0.090222 
0.694947 -0.088326 
0.695789 -0.086421 
0.696613 -0.084508 
0.697417 -0.082586 
0.698204 -0.080658 
0.698971 -0.078721 
0.699719 -0.076778 
0.700449 -0.074827 
0.701159 -0.072869 
0.701851 -0.070904 
0.702523 -0.068933 
0.703176 -0.066955 
0.703810 -0.064971 
0.704425 -0.062981 
0.705020 -0.060984 
0.705595 -0.058983 
0.706152 -0.056975 
0.706688 -0.054963 
0.707205 -0.052945 
0.707703 -0.050923 
0.708180 -0.048895 
0.708638 -0.046863 
0.709076 -0.044827 
0.709495 -0.042786 
0.709893 -0.040742 
0.710272 -0.038694 
0.710630 -0.036642 
0.710969 -0.034587 
0.711287 -0.032528 
0.711586 -0.030467 
0.711864 -0.028403 
0.712123 -0.026336 
0.712361 -0.024266 
0.712579 -0.022195 
0.712777 -0.020121 
0.712954 -0.018046 
0.713112 -0.015969 
0.713249 -0.013891 
0.713366 -0.011811 
0.713463 -0.009730 
0.713539 -0.007649 
0.713595 -0.005566 
0.713631 -0.003484 
0.713647 -0.001401 
0.713642 0.000682 
0.713617 0.002765 
0.713572 0.004847 
0.713506 0.006929 
0.713420 0.009011 
0.713314 0.011091 
0.713188 0.013170 
0.713041 0.015248 
0.712874 0.017324 
0.712687 0.019399 
0.712480 0.021471 
0.712253 0.023542 
0.712005 0.025610 
0.711737 0.027676 
0.711449 0.029739 
0.711141 0.031799 
0.710813 0.033856 
0.710465 0.035910 
0.710097 0.037960 
0.709709 0.040007 
0.709301 0.042049 
0.708873 0.044088 
0.708425 0.046122 
0.707958 0.048152 
0.707470 0.050178 
0.706963 0.052198 
0.706437 0.054213 
0.705890 0.056224 
0.705324 0.058228 
0.704739 0.060227 
0.704134 0.062221 
0.703510 0.064208 
0.702866 0.066189 
0.702203 0.068164 
0.701521 0.070132 
0.700819 0.072093 
0.700099 0.074048 
0.699359 0.075995 
0.698601 0.077936 
0.697824 0.079868 
0.697027 0.081793 
0.696212 0.083710 
0.695379 0.085619 
0.694527 0.087520 
0.693656 0.089412 
0.692767 0.091296 
0.691859 0.093171 
0.690934 0.095037 
0.689990 0.096895 
0.689028 0.098742 
0.688048 0.100580 
0.687050 0.102409 
0.686034 0.104228 
0.685001 0.106037 
0.683950 0.107835 
0.682882 0.109623 
0.681796 0.111401 
0.680693 0.113168 
0.679572 0.114924 
0.678435 0.116670 
0.677280 0.118404 
0.676109 0.120126 
0.674921 0.121837 
0.673716 0.123537 
0.672495 0.125224 
0.671257 0.126900 
0.670003 0.128564 
0.668733 0.130215 
0.667447 0.131853 
0.666144 0.133479 
0.664826 0.135092 
0.663493 0.136693 
0.662143 0.138280 
0.660779 0.139854 
0.659398 0.141414 
0.658003 0.142961 
0.656593 0.144494 
0.655168 0.146014 
0.653728 0.147519 
0.652273 0.149010 
0.650804 0.150487 
0.649321 0.151950 
0.647823 0.153398 
0.646311 0.154831 
0.644785 0.156250 
0.643246 0.157653 
0.641693 0.159042 
0.640126 0.160415 
0.638546 0.161772 
0.636953 0.163115 
0.635347 0.164441 
0.633728 0.165752 
0.632096 0.167047 
0.630451 0.168326 
0.628794 0.169589 
0.627125 0.170835 
0.625444 0.172066 
0.623751 0.173279 
0.622046 0.174476 
0.620329 0.175657 
0.618601 0.176820 
0.616862 0.177967 
0.615111 0.179096 
0.613350 0.180209 
0.611578 0.181304 
0.609795 0.182381 
0.608002 0.183441 
0.606198 0.184484 
0.604384 0.185509 
0.602561 0.186516 
0.600727 0.187505 
0.598884 0.188477 
0.597032 0.189430 
0.595170 0.190365 
0.593299 0.191282 
0.591420 0.192180 
0.589531 0.193060 
0.587635 0.193922 
0.585729 0.194764 
0.583816 0.195589 
0.581895 0.196394 
0.579966 0.197181 
0.578029 0.197948 
0.576085 0.198697 
0.574134 0.199427 
0.572175 0.200137 
0.570210 0.200829 
0.568238 0.201501 
0.566260 0.202153 
0.564275 0.202787 
0.562284 0.203401 
0.560287 0.203995 
0.558285 0.204570 
0.556277 0.205125 
0.554263 0.205661 
0.552245 0.206176 
0.550222 0.206672 
0.548193 0.207149 
0.546161 0.207605 
0.544123 0.208041 
0.542082 0.208458 
0.540037 0.208854 
0.537988 0.209230 
0.535935 0.209587 
0.533879 0.209923 
0.531820 0.210239 
0.529758 0.210535 
0.527693 0.210810 
0.525625 0.211066 
0.523555 0.211301 
0.521483 0.211516 
0.519408 0.211710 
0.517332 0.211884 
0.515255 0.212038 
0.513175 0.212172 
0.511095 0.212285 
0.509014 0.212378 
0.506932 0.212450 
0.504849 0.212502 
0.502766 0.212534 
0.500682 0.212545 
0.498599 0.212536 
0.496516 0.212506 
0.494433 0.212456 
0.492351 0.212386 
0.490270 0.212295 
0.488189 0.212183 
0.486110 0.212052 
0.484032 0.211900 
0.481956 0.211727 
0.479881 0.211535 
0.477809 0.211322 
0.475738 0.211089 
0.473671 0.210835 
0.471605 0.210561 
0.469543 0.210267 
0.467483 0.209953 
0.465427 0.209618 
0.463374 0.209264 
0.461324 0.208889 
0.459278 0.208494 
0.457237 0.208080 
0.455199 0.207645 
0.453166 0.207190 
0.451137 0.206716 
0.449113 0.206221 
0.447094 0.205707 
0.445081 0.205173 
0.443072 0.204619 
0.441069 0.204045 
0.439072 0.203452 
0.437081 0.202840 
0.435095 0.202208 
0.433116 0.201556 
0.431144 0.200885 
0.429178 0.200195 
0.427219 0.199485 
0.425267 0.198757 
0.423323 0.198009 
0.421385 0.197242 
0.419456 0.196457 
0.417534 0.195652 
0.415620 0.194828 
0.413714 0.193986 
0.411817 0.193125 
0.409928 0.192246 
0.408048 0.191348 
0.406177 0.190432 
0.404315 0.189497 
0.402462 0.188544 
0.400619 0.187573 
0.398785 0.186584 
0.396961 0.185577 
0.395147 0.184553 
0.393343 0.183510 
0.391549 0.182450 
0.389766 0.181372 
0.387994 0.180277 
0.386232 0.179165 
0.384482 0.178035 
0.382742 0.176888 
0.381014 0.175724 
0.379297 0.174543 
0.377592 0.173346 
0.375899 0.172131 
0.374218 0.170901 
0.372549 0.169653 
0.370893 0.168390 
0.369248 0.167110 
0.367617 0.165814 
0.365998 0.164502 
0.364392 0.163175 
0.362800 0.161831 
0.361220 0.160473 
0.359654 0.159098 
0.358102 0.157709 
0.356563 0.156304 
0.355038 0.154884 
0.353528 0.153449 
0.352031 0.152000 
0.350548 0.150536 
0.349081 0.149057 
0.347627 0.147564 
0.346189 0.146057 
0.344765 0.144536 
0.343356 0.143001 
0.341962 0.141452 
0.340584 0.139889 
0.339221 0.138313 
0.337874 0.136724 
0.336542 0.135122 
0.335226 0.133506 
0.333926 0.131878 
0.332642 0.130237 
0.331374 0.128583 
0.330123 0.126918 
0.328888 0.125240 
0.327669 0.123549 
0.326467 0.121847 
0.325282 0.120134 
0.324114 0.118408 
0.322963 0.116672 
0.321829 0.114924 
0.320712 0.113165 
0.319613 0.111395 
0.318530 0.109614 
0.317466 0.107823 
0.316419 0.106022 
0.315390 0.104210 
0.314379 0.102388 
0.313385 0.100557 
0.312410 0.098716 
0.311453 0.096865 
0.310514 0.095005 
0.309593 0.093136 
0.308691 0.091258 
0.307807 0.089371 
0.306942 0.087475 
0.306096 0.085571 
0.305268 0.083659 
0.304459 0.081739 
0.303669 0.079811 
0.302898 0.077875 
0.302146 0.075932 
0.301413 0.073981 
0.300700 0.072024 
0.300005 0.070059 
0.299330 0.068088 
0.298675 0.066110 
0.298039 0.064126 
0.297422 0.062136 
0.296825 0.060140 
0.296248 0.058137 
0.295690 0.056130 
0.295152 0.054117 
0.294634 0.052099 
0.294136 0.050075 
0.293658 0.048047 
0.293199 0.046015 
0.292761 0.043978 
0.292343 0.041937 
0.291944 0.039891 
0.291566 0.037842 
0.291209 0.035790 
0.290871 0.033733 
0.290553 0.031674 
0.290256 0.029612 
0.289979 0.027547 
0.289723 0.025479 
0.289486 0.023409 
0.289271 0.021336 
0.289075 0.019262 
0.288900 0.017185 
0.288745 0.015107 
0.288611 0.013028 
0.288497 0.010948 
0.288404 0.008866 
0.288331 0.006784 
0.288279 0.004701 
0.288247 0.002617 
0.288236 0.000534 
0.288245 -0.001550 
0.288275 -0.003634 
0.288325 -0.005717 
0.288395 -0.007799 
0.288486 -0.009881 
0.288598 -0.011962 
0.288730 -0.014041 
0.288883 -0.016119 
0.289056 -0.018196 
0.289249 -0.020270 
0.289463 -0.022343 
0.289697 -0.024414 
0.289951 -0.026482 
0.290226 -0.028547 
0.290521 -0.030610 
0.290837 -0.032669 
0.291172 -0.034726 
0.291528 -0.036779 
0.291904 -0.038829 
0.292300 -0.040874 
0.292717 -0.042916 
0.293153 -0.044953 
0.293610 -0.046987 
0.294086 -0.049015 
0.294582 -0.051039 
0.295099 -0.053058 
0.295635 -0.055071 
0.296190 -0.057079 
0.296766 -0.059082 
0.297361 -0.061079 
0.297976 -0.063070 
0.298611 -0.065055 
0.299265 -0.067033 
0.299938 -0.069005 
0.300631 -0.070970 
0.301343 -0.072928 
0.302074 -0.074880 
0.302825 -0.076823 
0.303595 -0.078760 
0.304383 -0.080688 
0.305191 -0.082609 
0.306017 -0.084522 
0.306863 -0.086427 
0.307726 -0.088323 
0.308609 -0.090211 
0.309510 -0.092089 
0.310430 -0.093959 
0.311368 -0.095820 
0.312324 -0.097671 
0.313298 -0.099513 
0.314291 -0.101345 
0.315301 -0.103168 
0.316330 -0.104980 
0.317376 -0.106782 
0.318440 -0.108574 
0.319521 -0.110355 
0.320620 -0.112125 
0.321736 -0.113885 
0.322870 -0.115633 
0.324021 -0.117371 
0.325189 -0.119096 
0.326373 -0.120811 
0.327575 -0.122513 
0.328793 -0.124203 
0.330028 -0.125882 
0.331279 -0.127548 
0.332547 -0.129202 
0.333831 -0.130843 
0.335131 -0.132472 
0.336447 -0.134087 
0.337779 -0.135690 
0.339127 -0.137279 
0.340490 -0.138855 
0.341868 -0.140418 
0.343262 -0.141967 
0.344671 -0.143502 
0.346096 -0.145023 
0.347535 -0.146530 
0.348989 -0.148023 
0.350457 -0.149501 
0.351940 -0.150965 
0.353438 -0.152414 
0.354949 -0.153848 
0.356475 -0.155268 
0.358014 -0.156672 
0.359568 -0.158061 
0.361135 -0.159435 
0.362715 -0.160793 
0.364309 -0.162136 
0.365915 -0.163462 
0.367535 -0.164773 
0.369168 -0.166068 
0.370813 -0.167347 
0.372471 -0.168609 
0.374141 -0.169855 
0.375824 -0.171085 
0.377518 -0.172298 
0.379225 -0.173494 
0.380943 -0.174673 
0.382672 -0.175835 
0.384413 -0.176980 
0.386165 -0.178108 
0.387928 -0.179219 
0.389702 -0.180312 
0.391487 -0.181388 
0.393282 -0.182446 
0.395088 -0.183486 
0.396904 -0.184509 
0.398730 -0.185513 
0.400565 -0.186500 
0.402410 -0.187468 
0.404265 -0.188418 
0.406129 -0.189350 
0.408002 -0.190263 
0.409884 -0.191158 
0.411774 -0.192034 
0.413674 -0.192892 
0.415581 -0.193730 
0.417497 -0.194550 
0.419421 -0.195351 
0.421352 -0.196133 
0.423291 -0.196896 
0.425238 -0.197640 
0.427192 -0.198365 
0.429153 -0.199070 
0.431120 -0.199756 
0.433095 -0.200422 
0.435076 -0.201069 
0.437063 -0.201696 
0.439056 -0.202304 
0.441055 -0.202892 
0.443060 -0.203461 
0.445071 -0.204009 
0.447086 -0.204538 
0.449107 -0.205047 
0.451133 -0.205536 
0.453163 -0.206004 
0.455198 -0.206453 
0.457237 -0.206882 
0.459281 -0.207291 
0.461328 -0.207679 
0.463379 -0.208047 
0.465434 -0.208395 
0.467492 -0.208723 
0.469553 -0.209030 
0.471617 -0.209317 
0.473684 -0.209584 
0.475753 -0.209830 
0.477824 -0.210056 
0.479898 -0.210261 
0.481974 -0.210446 
0.484051 -0.210611 
0.486130 -0.210755 
0.488210 -0.210878 
0.490292 -0.210981 
0.492374 -0.211063 
0.494457 -0.211125 
0.496540 -0.211167 
0.498624 -0.211187 
0.500708 -0.211187 
0.502792 -0.211167 
0.504875 -0.211126 
0.506958 -0.211065 
0.509041 -0.210983 
0.511122 -0.210880 
0.513202 -0.210757 
0.515281 -0.210613 
0.517359 -0.210449 
0.519434 -0.210265 
0.521508 -0.210060 
0.523580 -0.209834 
0.525649 -0.209588 
0.527716 -0.209322 
0.529780 -0.209035 
0.531841 -0.208728 
0.533899 -0.208400 
0.535954 -0.208053 
0.538005 -0.207685 
0.540052 -0.207297 
0.542096 -0.206888 
0.544135 -0.206460 
0.546170 -0.206011 
0.548201 -0.205542 
0.550227 -0.205054 
0.552248 -0.204545 
0.554263 -0.204016 
0.556274 -0.203468 
0.558279 -0.202900 
0.560278 -0.202312 
0.562271 -0.201704 
0.564259 -0.201077 
0.566239 -0.200430 
0.568214 -0.199763 
0.570182 -0.199077 
0.572143 -0.198372 
0.574097 -0.197647 
0.576043 -0.196903 
0.577982 -0.196140 
0.579914 -0.195358 
0.581838 -0.194557 
0.583753 -0.193737 
0.585661 -0.192898 
0.587560 -0.192040 
0.589451 -0.191164 
0.591333 -0.190268 
0.593206 -0.189355 
0.595070 -0.188423 
0.596924 -0.187472 
0.598769 -0.186503 
0.600605 -0.185516 
0.602430 -0.184512 
0.604246 -0.183489 
0.606051 -0.182448 
0.607846 -0.181389 
0.609631 -0.180313 
0.611405 -0.179219 
0.613168 -0.178108 
0.614919 -0.176979 
0.616660 -0.175833 
0.618389 -0.174670 
0.620107 -0.173490 
0.621813 -0.172293 
0.623507 -0.171079 
0.625189 -0.169849 
0.626859 -0.168602 
0.628516 -0.167339 
0.630161 -0.166059 
0.631793 -0.164763 
0.633412 -0.163451 
0.635018 -0.162123 
0.636611 -0.160780 
0.638191 -0.159421 
0.639757 -0.158046 
0.641309 -0.156655 
0.642848 -0.155250 
0.644373 -0.153829 
0.645883 -0.152394 
0.647380 -0.150943 
0.648862 -0.149478 
0.650329 -0.147998 
0.651782 -0.146504 
0.653220 -0.144996 
0.654643 -0.143473 
0.656051 -0.141937 
0.657443 -0.140386 
0.658820 -0.138822 
0.660182 -0.137245 
0.661528 -0.135654 
0.662858 -0.134050 
0.664173 -0.132432 
0.665471 -0.130802 
0.666753 -0.129159 
0.668019 -0.127504 
0.669268 -0.125836 
0.670501 -0.124156 
0.671718 -0.122463 
0.672917 -0.120759 
0.674100 -0.119043 
0.675265 -0.117316 
0.676414 -0.115577 
0.677545 -0.113827 
0.678659 -0.112065 
0.679755 -0.110293 
0.680834 -0.108510 
0.681895 -0.106716 
0.682939 -0.104912 
0.683964 -0.103098 
0.684972 -0.101274 
0.685961 -0.099440 
0.686933 -0.097596 
0.687886 -0.095743 
0.688820 -0.093880 
0.689737 -0.092008 
0.690634 -0.090128 
0.691513 -0.088238 
0.692374 -0.086340 
0.693215 -0.084433 
0.694038 -0.082519 
0.694842 -0.080596 
0.695626 -0.078665 
0.696392 -0.076727 
0.697138 -0.074781 
0.697866 -0.072828 
0.698573 -0.070868 
0.699262 -0.068901 
0.699931 -0.066927 
0.700580 -0.064947 
0.701210 -0.062960 
0.701820 -0.060968 
0.702410 -0.058969 
0.702981 -0.056965 
0.703532 -0.054955 
0.704063 -0.052939 
0.704573 -0.050919 
0.705064 -0.048894 
0.705535 -0.046863 
0.705986 -0.044829 
0.706417 -0.042790 
0.706827 -0.040747 
0.707218 -0.038699 
0.707588 -0.036648 
0.707937 -0.034594 
0.708267 -0.032536 
0.708576 -0.030475 
0.708865 -0.028411 
0.709133 -0.026345 
0.709381 -0.024275 
0.709608 -0.022204 
0.709815 -0.020130 
0.710001 -0.018054 
0.710167 -0.015977 
0.710312 -0.013898 
0.710437 -0.011818 
0.710541 -0.009736 
0.710625 -0.007654 
0.710688 -0.005571 
0.710730 -0.003487 
0.710752 -0.001403 
0.710753 0.000681 
0.710734 0.002765 
0.710694 0.004849 
0.710633 0.006932 
0.710552 0.009014 
0.710450 0.011096 
0.710328 0.013176 
0.710185 0.015255 
0.710021 0.017333 
0.709837 0.019409 
0.709632 0.021483 
0.709407 0.023555 
0.709162 0.025624 
0.708896 0.027691 
0.708610 0.029756 
0.708303 0.031817 
0.707976 0.033875 
0.707628 0.035930 
0.707260 0.037981 
0.706872 0.040029 
0.706464 0.042073 
0.706035 0.044112 
0.705587 0.046147 
0.705118 0.048178 
0.704629 0.050204 
0.704120 0.052225 
0.703592 0.054241 
0.703043 0.056251 
0.702474 0.058256 
0.701886 0.060256 
0.701278 0.062249 
0.700650 0.064236 
0.700003 0.066217 
0.699336 0.068192 
0.698649 0.070160 
0.697943 0.072121 
0.697218 0.074074 
0.696474 0.076021 
0.695710 0.077960 
0.694927 0.079891 
0.694125 0.081815 
0.693304 0.083731 
0.692464 0.085638 
0.691605 0.087537 
0.690728 0.089427 
0.689832 0.091309 
0.688917 0.093182 
0.687984 0.095045 
0.687033 0.096899 
0.686063 0.098744 
