1  
2000  
0.100000 0.000008 
0.200000 0.000134 
0.300000 0.000673 
0.400000 0.002102 
0.500000 0.005054 
0.600000 0.010258 
0.700000 0.018473 
0.800000 0.030376 
0.900000 0.046448 
1.000000 0.066854 
1.100000 0.091384 
1.200000 0.119486 
1.300000 0.150431 
1.400000 0.183582 
1.500000 0.218696 
1.600000 0.256119 
1.700000 0.296767 
1.800000 0.341810 
1.900000 0.392121 
2.000000 0.447704 
2.100000 0.507406 
2.200000 0.569189 
2.300000 0.630874 
2.400000 0.690993 
2.500000 0.749290 
2.600000 0.806674 
2.700000 0.864709 
2.800000 0.924864 
2.900000 0.987802 
3.000000 1.053021 
3.100000 1.119045 
3.200000 1.184119 
3.300000 1.247014 
3.400000 1.307509 
3.500000 1.366349 
3.600000 1.424771 
3.700000 1.483823 
3.800000 1.543775 
3.900000 1.603873 
4.000000 1.662651 
4.100000 1.718665 
4.200000 1.771218 
4.300000 1.820670 
4.400000 1.868195 
4.500000 1.915161 
4.600000 1.962422 
4.700000 2.009824 
4.800000 2.056189 
4.900000 2.099843 
5.000000 2.139472 
5.100000 2.174777 
5.200000 2.206592 
5.300000 2.236436 
5.400000 2.265766 
5.500000 2.295256 
5.600000 2.324409 
5.700000 2.351738 
5.800000 2.375513 
5.900000 2.394670 
6.000000 2.409367 
6.100000 2.420882 
6.200000 2.430984 
6.300000 2.441099 
6.400000 2.451615 
6.500000 2.461646 
6.600000 2.469428 
6.700000 2.473241 
6.800000 2.472320 
6.900000 2.467241 
7.000000 2.459626 
7.100000 2.451387 
7.200000 2.443857 
7.300000 2.437163 
7.400000 2.430143 
7.500000 2.420936 
7.600000 2.407991 
7.700000 2.390880 
7.800000 2.370485 
7.900000 2.348542 
8.000000 2.326835 
8.100000 2.306387 
8.200000 2.286972 
8.300000 2.267238 
8.400000 2.245457 
8.500000 2.220496 
8.600000 2.192423 
8.700000 2.162442 
8.800000 2.132304 
8.900000 2.103494 
9.000000 2.076540 
9.100000 2.050727 
9.200000 2.024462 
9.300000 1.996167 
9.400000 1.965162 
9.500000 1.932021 
9.600000 1.898272 
9.700000 1.865692 
9.800000 1.835505 
9.900000 1.807793 
10.000000 1.781428 
10.100000 1.754653 
10.200000 1.726039 
10.300000 1.695236 
10.400000 1.663110 
10.500000 1.631301 
10.600000 1.601482 
10.700000 1.574600 
10.800000 1.550422 
10.900000 1.527636 
11.000000 1.504569 
11.100000 1.480079 
11.200000 1.454115 
11.300000 1.427672 
11.400000 1.402281 
11.500000 1.379304 
11.600000 1.359293 
11.700000 1.341701 
11.800000 1.325168 
11.900000 1.308272 
12.000000 1.290283 
12.100000 1.271480 
12.200000 1.252952 
12.300000 1.236060 
12.400000 1.221793 
12.500000 1.210275 
12.600000 1.200670 
12.700000 1.191619 
12.800000 1.181972 
12.900000 1.171360 
13.000000 1.160315 
13.100000 1.149962 
13.200000 1.141483 
13.300000 1.135542 
13.400000 1.131941 
13.500000 1.129700 
13.600000 1.127566 
13.700000 1.124666 
13.800000 1.120894 
13.900000 1.116895 
14.000000 1.113713 
14.100000 1.112279 
14.200000 1.112959 
14.300000 1.115344 
14.400000 1.118463 
14.500000 1.121291 
14.600000 1.123259 
14.700000 1.124479 
14.800000 1.125630 
14.900000 1.127596 
15.000000 1.131022 
15.100000 1.135986 
15.200000 1.141943 
15.300000 1.148007 
15.400000 1.153411 
15.500000 1.157869 
15.600000 1.161668 
15.700000 1.165481 
15.800000 1.170020 
15.900000 1.175679 
16.000000 1.182323 
16.100000 1.189353 
16.200000 1.196017 
16.300000 1.201782 
16.400000 1.206575 
16.500000 1.210773 
16.600000 1.214990 
16.700000 1.219760 
16.800000 1.225274 
16.900000 1.231282 
17.000000 1.237222 
17.100000 1.242516 
17.200000 1.246848 
17.300000 1.250295 
17.400000 1.253260 
17.500000 1.256249 
17.600000 1.259616 
17.700000 1.263389 
17.800000 1.267263 
17.900000 1.270762 
18.000000 1.273486 
18.100000 1.275302 
18.200000 1.276397 
18.300000 1.277163 
18.400000 1.277991 
18.500000 1.279083 
18.600000 1.280359 
18.700000 1.281504 
18.800000 1.282139 
18.900000 1.282010 
19.000000 1.281113 
19.100000 1.279686 
19.200000 1.278075 
19.300000 1.276568 
19.400000 1.275257 
19.500000 1.274014 
19.600000 1.272561 
19.700000 1.270619 
19.800000 1.268055 
19.900000 1.264941 
20.000000 1.261511 
20.100000 1.258039 
20.200000 1.254710 
20.300000 1.251540 
20.400000 1.248386 
20.500000 1.245028 
20.600000 1.241289 
20.700000 1.237129 
20.800000 1.232663 
20.900000 1.228101 
21.000000 1.223639 
21.100000 1.219375 
21.200000 1.215272 
21.300000 1.211187 
21.400000 1.206954 
21.500000 1.202473 
21.600000 1.197764 
21.700000 1.192958 
21.800000 1.188227 
21.900000 1.183705 
22.000000 1.179432 
22.100000 1.175346 
22.200000 1.171322 
22.300000 1.167238 
22.400000 1.163043 
22.500000 1.158784 
22.600000 1.154576 
22.700000 1.150547 
22.800000 1.146778 
22.900000 1.143275 
23.000000 1.139971 
23.100000 1.136767 
23.200000 1.133586 
23.300000 1.130412 
23.400000 1.127297 
23.500000 1.124330 
23.600000 1.121590 
23.700000 1.119115 
23.800000 1.116885 
23.900000 1.114838 
24.000000 1.112900 
24.100000 1.111029 
24.200000 1.109230 
24.300000 1.107554 
24.400000 1.106062 
24.500000 1.104801 
24.600000 1.103779 
24.700000 1.102960 
24.800000 1.102289 
24.900000 1.101713 
25.000000 1.101207 
25.100000 1.100787 
25.200000 1.100491 
25.300000 1.100362 
25.400000 1.100421 
25.500000 1.100661 
25.600000 1.101046 
25.700000 1.101531 
25.800000 1.102079 
25.900000 1.102680 
26.000000 1.103346 
26.100000 1.104104 
26.200000 1.104976 
26.300000 1.105967 
26.400000 1.107063 
26.500000 1.108231 
26.600000 1.109439 
26.700000 1.110667 
26.800000 1.111911 
26.900000 1.113184 
27.000000 1.114503 
27.100000 1.115876 
27.200000 1.117299 
27.300000 1.118752 
27.400000 1.120209 
27.500000 1.121648 
27.600000 1.123058 
27.700000 1.124442 
27.800000 1.125813 
27.900000 1.127180 
28.000000 1.128546 
28.100000 1.129904 
28.200000 1.131236 
28.300000 1.132522 
28.400000 1.133748 
28.500000 1.134911 
28.600000 1.136015 
28.700000 1.137070 
28.800000 1.138083 
28.900000 1.139054 
29.000000 1.139974 
29.100000 1.140832 
29.200000 1.141616 
29.300000 1.142319 
29.400000 1.142944 
29.500000 1.143496 
29.600000 1.143984 
29.700000 1.144412 
29.800000 1.144778 
29.900000 1.145075 
30.000000 1.145296 
30.100000 1.145433 
30.200000 1.145488 
30.300000 1.145467 
30.400000 1.145377 
30.500000 1.145226 
30.600000 1.145019 
30.700000 1.144753 
30.800000 1.144423 
30.900000 1.144025 
31.000000 1.143555 
31.100000 1.143019 
31.200000 1.142422 
31.300000 1.141774 
31.400000 1.141083 
31.500000 1.140351 
31.600000 1.139578 
31.700000 1.138761 
31.800000 1.137899 
31.900000 1.136993 
32.000000 1.136047 
32.100000 1.135069 
32.200000 1.134066 
32.300000 1.133045 
32.400000 1.132008 
32.500000 1.130954 
32.600000 1.129881 
32.700000 1.128791 
32.800000 1.127687 
32.900000 1.126574 
33.000000 1.125459 
33.100000 1.124350 
33.200000 1.123249 
33.300000 1.122157 
33.400000 1.121074 
33.500000 1.119997 
33.600000 1.118929 
33.700000 1.117872 
33.800000 1.116833 
33.900000 1.115817 
34.000000 1.114828 
34.100000 1.113870 
34.200000 1.112941 
34.300000 1.112039 
34.400000 1.111165 
34.500000 1.110318 
34.600000 1.109502 
34.700000 1.108720 
34.800000 1.107977 
34.900000 1.107273 
35.000000 1.106611 
35.100000 1.105987 
35.200000 1.105401 
35.300000 1.104851 
35.400000 1.104338 
35.500000 1.103865 
35.600000 1.103432 
35.700000 1.103043 
35.800000 1.102696 
35.900000 1.102391 
36.000000 1.102123 
36.100000 1.101892 
36.200000 1.101696 
36.300000 1.101536 
36.400000 1.101412 
36.500000 1.101326 
36.600000 1.101277 
36.700000 1.101265 
36.800000 1.101285 
36.900000 1.101335 
37.000000 1.101413 
37.100000 1.101517 
37.200000 1.101646 
37.300000 1.101802 
37.400000 1.101984 
37.500000 1.102191 
37.600000 1.102420 
37.700000 1.102668 
37.800000 1.102933 
37.900000 1.103211 
38.000000 1.103503 
38.100000 1.103807 
38.200000 1.104123 
38.300000 1.104451 
38.400000 1.104788 
38.500000 1.105131 
38.600000 1.105478 
38.700000 1.105826 
38.800000 1.106174 
38.900000 1.106521 
39.000000 1.106866 
39.100000 1.107211 
39.200000 1.107552 
39.300000 1.107889 
39.400000 1.108219 
39.500000 1.108539 
39.600000 1.108847 
39.700000 1.109143 
39.800000 1.109427 
39.900000 1.109699 
40.000000 1.109959 
40.100000 1.110206 
40.200000 1.110438 
40.300000 1.110654 
40.400000 1.110851 
40.500000 1.111030 
40.600000 1.111190 
40.700000 1.111332 
40.800000 1.111456 
40.900000 1.111562 
41.000000 1.111650 
41.100000 1.111718 
41.200000 1.111767 
41.300000 1.111794 
41.400000 1.111801 
41.500000 1.111788 
41.600000 1.111757 
41.700000 1.111707 
41.800000 1.111641 
41.900000 1.111556 
42.000000 1.111453 
42.100000 1.111331 
42.200000 1.111192 
42.300000 1.111035 
42.400000 1.110861 
42.500000 1.110674 
42.600000 1.110472 
42.700000 1.110258 
42.800000 1.110031 
42.900000 1.109791 
43.000000 1.109538 
43.100000 1.109274 
43.200000 1.108999 
43.300000 1.108715 
43.400000 1.108424 
43.500000 1.108126 
43.600000 1.107821 
43.700000 1.107512 
43.800000 1.107196 
43.900000 1.106876 
44.000000 1.106553 
44.100000 1.106227 
44.200000 1.105900 
44.300000 1.105574 
44.400000 1.105248 
44.500000 1.104924 
44.600000 1.104601 
44.700000 1.104281 
44.800000 1.103964 
44.900000 1.103650 
45.000000 1.103342 
45.100000 1.103039 
45.200000 1.102744 
45.300000 1.102455 
45.400000 1.102175 
45.500000 1.101902 
45.600000 1.101637 
45.700000 1.101380 
45.800000 1.101133 
45.900000 1.100896 
46.000000 1.100669 
46.100000 1.100453 
46.200000 1.100248 
46.300000 1.100055 
46.400000 1.099872 
46.500000 1.099700 
46.600000 1.099540 
46.700000 1.099391 
46.800000 1.099254 
46.900000 1.099129 
47.000000 1.099017 
47.100000 1.098915 
47.200000 1.098826 
47.300000 1.098747 
47.400000 1.098680 
47.500000 1.098623 
47.600000 1.098578 
47.700000 1.098543 
47.800000 1.098519 
47.900000 1.098506 
48.000000 1.098502 
48.100000 1.098508 
48.200000 1.098522 
48.300000 1.098545 
48.400000 1.098575 
48.500000 1.098614 
48.600000 1.098661 
48.700000 1.098715 
48.800000 1.098775 
48.900000 1.098842 
49.000000 1.098914 
49.100000 1.098990 
49.200000 1.099072 
49.300000 1.099157 
49.400000 1.099246 
49.500000 1.099339 
49.600000 1.099434 
49.700000 1.099532 
49.800000 1.099631 
49.900000 1.099731 
50.000000 1.099832 
50.100000 1.099933 
50.200000 1.100033 
50.300000 1.100134 
50.400000 1.100233 
50.500000 1.100331 
50.600000 1.100427 
50.700000 1.100521 
50.800000 1.100612 
50.900000 1.100700 
51.000000 1.100784 
51.100000 1.100865 
51.200000 1.100942 
51.300000 1.101016 
51.400000 1.101084 
51.500000 1.101148 
51.600000 1.101207 
51.700000 1.101261 
51.800000 1.101309 
51.900000 1.101352 
52.000000 1.101389 
52.100000 1.101421 
52.200000 1.101447 
52.300000 1.101467 
52.400000 1.101482 
52.500000 1.101490 
52.600000 1.101492 
52.700000 1.101488 
52.800000 1.101479 
52.900000 1.101464 
53.000000 1.101442 
53.100000 1.101416 
53.200000 1.101384 
53.300000 1.101346 
53.400000 1.101303 
53.500000 1.101254 
53.600000 1.101201 
53.700000 1.101142 
53.800000 1.101080 
53.900000 1.101012 
54.000000 1.100941 
54.100000 1.100866 
54.200000 1.100786 
54.300000 1.100703 
54.400000 1.100617 
54.500000 1.100528 
54.600000 1.100436 
54.700000 1.100341 
54.800000 1.100244 
54.900000 1.100146 
55.000000 1.100045 
55.100000 1.099943 
55.200000 1.099840 
55.300000 1.099735 
55.400000 1.099631 
55.500000 1.099525 
55.600000 1.099420 
55.700000 1.099314 
55.800000 1.099209 
55.900000 1.099105 
56.000000 1.099001 
56.100000 1.098898 
56.200000 1.098797 
56.300000 1.098697 
56.400000 1.098599 
56.500000 1.098503 
56.600000 1.098408 
56.700000 1.098316 
56.800000 1.098227 
56.900000 1.098139 
57.000000 1.098055 
57.100000 1.097973 
57.200000 1.097895 
57.300000 1.097819 
57.400000 1.097747 
57.500000 1.097677 
57.600000 1.097612 
57.700000 1.097549 
57.800000 1.097490 
57.900000 1.097434 
58.000000 1.097382 
58.100000 1.097333 
58.200000 1.097288 
58.300000 1.097247 
58.400000 1.097209 
58.500000 1.097174 
58.600000 1.097143 
58.700000 1.097115 
58.800000 1.097090 
58.900000 1.097069 
59.000000 1.097051 
59.100000 1.097036 
59.200000 1.097023 
59.300000 1.097014 
59.400000 1.097008 
59.500000 1.097004 
59.600000 1.097003 
59.700000 1.097004 
59.800000 1.097008 
59.900000 1.097014 
60.000000 1.097021 
60.100000 1.097031 
60.200000 1.097043 
60.300000 1.097056 
60.400000 1.097070 
60.500000 1.097086 
60.600000 1.097103 
60.700000 1.097121 
60.800000 1.097140 
60.900000 1.097159 
61.000000 1.097179 
61.100000 1.097200 
61.200000 1.097220 
61.300000 1.097241 
61.400000 1.097262 
61.500000 1.097283 
61.600000 1.097303 
61.700000 1.097323 
61.800000 1.097342 
61.900000 1.097361 
62.000000 1.097379 
62.100000 1.097396 
62.200000 1.097411 
62.300000 1.097426 
62.400000 1.097440 
62.500000 1.097452 
62.600000 1.097463 
62.700000 1.097472 
62.800000 1.097480 
62.900000 1.097487 
63.000000 1.097491 
63.100000 1.097494 
63.200000 1.097495 
63.300000 1.097495 
63.400000 1.097492 
63.500000 1.097488 
63.600000 1.097482 
63.700000 1.097474 
63.800000 1.097464 
63.900000 1.097453 
64.000000 1.097439 
64.100000 1.097423 
64.200000 1.097406 
64.300000 1.097387 
64.400000 1.097366 
64.500000 1.097344 
64.600000 1.097319 
64.700000 1.097293 
64.800000 1.097266 
64.900000 1.097236 
65.000000 1.097206 
65.100000 1.097174 
65.200000 1.097140 
65.300000 1.097105 
65.400000 1.097069 
65.500000 1.097032 
65.600000 1.096994 
65.700000 1.096955 
65.800000 1.096915 
65.900000 1.096874 
66.000000 1.096832 
66.100000 1.096790 
66.200000 1.096747 
66.300000 1.096703 
66.400000 1.096659 
66.500000 1.096615 
66.600000 1.096570 
66.700000 1.096526 
66.800000 1.096481 
66.900000 1.096436 
67.000000 1.096392 
67.100000 1.096347 
67.200000 1.096303 
67.300000 1.096259 
67.400000 1.096216 
67.500000 1.096173 
67.600000 1.096130 
67.700000 1.096088 
67.800000 1.096047 
67.900000 1.096007 
68.000000 1.095967 
68.100000 1.095928 
68.200000 1.095890 
68.300000 1.095852 
68.400000 1.095816 
68.500000 1.095781 
68.600000 1.095746 
68.700000 1.095713 
68.800000 1.095681 
68.900000 1.095650 
69.000000 1.095620 
69.100000 1.095591 
69.200000 1.095564 
69.300000 1.095537 
69.400000 1.095512 
69.500000 1.095487 
69.600000 1.095464 
69.700000 1.095442 
69.800000 1.095421 
69.900000 1.095402 
70.000000 1.095383 
70.100000 1.095366 
70.200000 1.095349 
70.300000 1.095334 
70.400000 1.095319 
70.500000 1.095306 
70.600000 1.095293 
70.700000 1.095281 
70.800000 1.095271 
70.900000 1.095261 
71.000000 1.095252 
71.100000 1.095243 
71.200000 1.095235 
71.300000 1.095228 
71.400000 1.095222 
71.500000 1.095216 
71.600000 1.095211 
71.700000 1.095206 
71.800000 1.095201 
71.900000 1.095197 
72.000000 1.095193 
72.100000 1.095190 
72.200000 1.095187 
72.300000 1.095183 
72.400000 1.095181 
72.500000 1.095178 
72.600000 1.095175 
72.700000 1.095172 
72.800000 1.095169 
72.900000 1.095166 
73.000000 1.095163 
73.100000 1.095159 
73.200000 1.095156 
73.300000 1.095152 
73.400000 1.095148 
73.500000 1.095144 
73.600000 1.095139 
73.700000 1.095134 
73.800000 1.095128 
73.900000 1.095122 
74.000000 1.095115 
74.100000 1.095108 
74.200000 1.095101 
74.300000 1.095093 
74.400000 1.095084 
74.500000 1.095075 
74.600000 1.095066 
74.700000 1.095055 
74.800000 1.095045 
74.900000 1.095033 
75.000000 1.095021 
75.100000 1.095009 
75.200000 1.094995 
75.300000 1.094982 
75.400000 1.094967 
75.500000 1.094952 
75.600000 1.094937 
75.700000 1.094921 
75.800000 1.094904 
75.900000 1.094887 
76.000000 1.094869 
76.100000 1.094851 
76.200000 1.094833 
76.300000 1.094814 
76.400000 1.094794 
76.500000 1.094774 
76.600000 1.094754 
76.700000 1.094733 
76.800000 1.094712 
76.900000 1.094691 
77.000000 1.094669 
77.100000 1.094647 
77.200000 1.094625 
77.300000 1.094603 
77.400000 1.094580 
77.500000 1.094557 
77.600000 1.094534 
77.700000 1.094511 
77.800000 1.094488 
77.900000 1.094465 
78.000000 1.094442 
78.100000 1.094419 
78.200000 1.094396 
78.300000 1.094373 
78.400000 1.094350 
78.500000 1.094327 
78.600000 1.094304 
78.700000 1.094282 
78.800000 1.094259 
78.900000 1.094237 
79.000000 1.094215 
79.100000 1.094193 
79.200000 1.094172 
79.300000 1.094150 
79.400000 1.094130 
79.500000 1.094109 
79.600000 1.094088 
79.700000 1.094068 
79.800000 1.094049 
79.900000 1.094029 
80.000000 1.094010 
80.100000 1.093992 
80.200000 1.093974 
80.300000 1.093956 
80.400000 1.093938 
80.500000 1.093921 
80.600000 1.093904 
80.700000 1.093888 
80.800000 1.093872 
80.900000 1.093857 
81.000000 1.093841 
81.100000 1.093827 
81.200000 1.093812 
81.300000 1.093798 
81.400000 1.093784 
81.500000 1.093771 
81.600000 1.093758 
81.700000 1.093745 
81.800000 1.093733 
81.900000 1.093721 
82.000000 1.093709 
82.100000 1.093697 
82.200000 1.093686 
82.300000 1.093675 
82.400000 1.093664 
82.500000 1.093654 
82.600000 1.093644 
82.700000 1.093634 
82.800000 1.093624 
82.900000 1.093614 
83.000000 1.093604 
83.100000 1.093595 
83.200000 1.093585 
83.300000 1.093576 
83.400000 1.093567 
83.500000 1.093558 
83.600000 1.093549 
83.700000 1.093540 
83.800000 1.093531 
83.900000 1.093522 
84.000000 1.093513 
84.100000 1.093504 
84.200000 1.093495 
84.300000 1.093486 
84.400000 1.093476 
84.500000 1.093467 
84.600000 1.093458 
84.700000 1.093448 
84.800000 1.093439 
84.900000 1.093429 
85.000000 1.093419 
85.100000 1.093409 
85.200000 1.093399 
85.300000 1.093389 
85.400000 1.093379 
85.500000 1.093368 
85.600000 1.093357 
85.700000 1.093346 
85.800000 1.093335 
85.900000 1.093324 
86.000000 1.093313 
86.100000 1.093301 
86.200000 1.093289 
86.300000 1.093277 
86.400000 1.093265 
86.500000 1.093252 
86.600000 1.093240 
86.700000 1.093227 
86.800000 1.093214 
86.900000 1.093201 
87.000000 1.093187 
87.100000 1.093174 
87.200000 1.093160 
87.300000 1.093146 
87.400000 1.093132 
87.500000 1.093118 
87.600000 1.093104 
87.700000 1.093089 
87.800000 1.093074 
87.900000 1.093060 
88.000000 1.093045 
88.100000 1.093030 
88.200000 1.093015 
88.300000 1.093000 
88.400000 1.092985 
88.500000 1.092969 
88.600000 1.092954 
88.700000 1.092939 
88.800000 1.092923 
88.900000 1.092908 
89.000000 1.092892 
89.100000 1.092877 
89.200000 1.092861 
89.300000 1.092846 
89.400000 1.092830 
89.500000 1.092815 
89.600000 1.092799 
89.700000 1.092784 
89.800000 1.092769 
89.900000 1.092753 
90.000000 1.092738 
90.100000 1.092723 
90.200000 1.092708 
90.300000 1.092693 
90.400000 1.092678 
90.500000 1.092663 
90.600000 1.092648 
90.700000 1.092634 
90.800000 1.092619 
90.900000 1.092605 
91.000000 1.092590 
91.100000 1.092576 
91.200000 1.092562 
91.300000 1.092548 
91.400000 1.092535 
91.500000 1.092521 
91.600000 1.092507 
91.700000 1.092494 
91.800000 1.092481 
91.900000 1.092468 
92.000000 1.092455 
92.100000 1.092442 
92.200000 1.092429 
92.300000 1.092417 
92.400000 1.092404 
92.500000 1.092392 
92.600000 1.092380 
92.700000 1.092368 
92.800000 1.092356 
92.900000 1.092344 
93.000000 1.092332 
93.100000 1.092321 
93.200000 1.092309 
93.300000 1.092298 
93.400000 1.092287 
93.500000 1.092275 
93.600000 1.092264 
93.700000 1.092253 
93.800000 1.092242 
93.900000 1.092232 
94.000000 1.092221 
94.100000 1.092210 
94.200000 1.092199 
94.300000 1.092189 
94.400000 1.092178 
94.500000 1.092168 
94.600000 1.092157 
94.700000 1.092147 
94.800000 1.092137 
94.900000 1.092126 
95.000000 1.092116 
95.100000 1.092105 
95.200000 1.092095 
95.300000 1.092085 
95.400000 1.092074 
95.500000 1.092064 
95.600000 1.092054 
95.700000 1.092043 
95.800000 1.092033 
95.900000 1.092023 
96.000000 1.092012 
96.100000 1.092002 
96.200000 1.091991 
96.300000 1.091981 
96.400000 1.091970 
96.500000 1.091959 
96.600000 1.091949 
96.700000 1.091938 
96.800000 1.091927 
96.900000 1.091916 
97.000000 1.091905 
97.100000 1.091894 
97.200000 1.091883 
97.300000 1.091872 
97.400000 1.091861 
97.500000 1.091850 
97.600000 1.091839 
97.700000 1.091828 
97.800000 1.091816 
97.900000 1.091805 
98.000000 1.091793 
98.100000 1.091782 
98.200000 1.091770 
98.300000 1.091759 
98.400000 1.091747 
98.500000 1.091735 
98.600000 1.091724 
98.700000 1.091712 
98.800000 1.091700 
98.900000 1.091688 
99.000000 1.091676 
99.100000 1.091664 
99.200000 1.091652 
99.300000 1.091640 
99.400000 1.091628 
99.500000 1.091616 
99.600000 1.091604 
99.700000 1.091592 
99.800000 1.091580 
99.900000 1.091568 
100.000000 1.091556 
100.100000 1.091544 
100.200000 1.091532 
100.300000 1.091519 
100.400000 1.091507 
100.500000 1.091495 
100.600000 1.091483 
100.700000 1.091471 
100.800000 1.091459 
100.900000 1.091447 
101.000000 1.091435 
101.100000 1.091423 
101.200000 1.091411 
101.300000 1.091399 
101.400000 1.091387 
101.500000 1.091375 
101.600000 1.091363 
101.700000 1.091352 
101.800000 1.091340 
101.900000 1.091328 
102.000000 1.091316 
102.100000 1.091305 
102.200000 1.091293 
102.300000 1.091282 
102.400000 1.091270 
102.500000 1.091259 
102.600000 1.091247 
102.700000 1.091236 
102.800000 1.091225 
102.900000 1.091214 
103.000000 1.091202 
103.100000 1.091191 
103.200000 1.091180 
103.300000 1.091169 
103.400000 1.091158 
103.500000 1.091147 
103.600000 1.091136 
103.700000 1.091126 
103.800000 1.091115 
103.900000 1.091104 
104.000000 1.091094 
104.100000 1.091083 
104.200000 1.091072 
104.300000 1.091062 
104.400000 1.091051 
104.500000 1.091041 
104.600000 1.091031 
104.700000 1.091020 
104.800000 1.091010 
104.900000 1.091000 
105.000000 1.090990 
105.100000 1.090979 
105.200000 1.090969 
105.300000 1.090959 
105.400000 1.090949 
105.500000 1.090939 
105.600000 1.090929 
105.700000 1.090919 
105.800000 1.090909 
105.900000 1.090899 
106.000000 1.090889 
106.100000 1.090879 
106.200000 1.090869 
106.300000 1.090859 
106.400000 1.090849 
106.500000 1.090839 
106.600000 1.090829 
106.700000 1.090819 
106.800000 1.090809 
106.900000 1.090799 
107.000000 1.090789 
107.100000 1.090780 
107.200000 1.090770 
107.300000 1.090760 
107.400000 1.090750 
107.500000 1.090740 
107.600000 1.090730 
107.700000 1.090720 
107.800000 1.090710 
107.900000 1.090700 
108.000000 1.090690 
108.100000 1.090680 
108.200000 1.090670 
108.300000 1.090660 
108.400000 1.090650 
108.500000 1.090640 
108.600000 1.090630 
108.700000 1.090620 
108.800000 1.090610 
108.900000 1.090599 
109.000000 1.090589 
109.100000 1.090579 
109.200000 1.090569 
109.300000 1.090559 
109.400000 1.090549 
109.500000 1.090539 
109.600000 1.090528 
109.700000 1.090518 
109.800000 1.090508 
109.900000 1.090498 
110.000000 1.090487 
110.100000 1.090477 
110.200000 1.090467 
110.300000 1.090457 
110.400000 1.090446 
110.500000 1.090436 
110.600000 1.090426 
110.700000 1.090416 
110.800000 1.090405 
110.900000 1.090395 
111.000000 1.090385 
111.100000 1.090374 
111.200000 1.090364 
111.300000 1.090354 
111.400000 1.090344 
111.500000 1.090333 
111.600000 1.090323 
111.700000 1.090313 
111.800000 1.090303 
111.900000 1.090292 
112.000000 1.090282 
112.100000 1.090272 
112.200000 1.090262 
112.300000 1.090252 
112.400000 1.090241 
112.500000 1.090231 
112.600000 1.090221 
112.700000 1.090211 
112.800000 1.090201 
112.900000 1.090191 
113.000000 1.090181 
113.100000 1.090171 
113.200000 1.090161 
113.300000 1.090151 
113.400000 1.090141 
113.500000 1.090131 
113.600000 1.090121 
113.700000 1.090111 
113.800000 1.090101 
113.900000 1.090091 
114.000000 1.090081 
114.100000 1.090072 
114.200000 1.090062 
114.300000 1.090052 
114.400000 1.090042 
114.500000 1.090032 
114.600000 1.090023 
114.700000 1.090013 
114.800000 1.090003 
114.900000 1.089994 
115.000000 1.089984 
115.100000 1.089975 
115.200000 1.089965 
115.300000 1.089955 
115.400000 1.089946 
115.500000 1.089936 
115.600000 1.089927 
115.700000 1.089917 
115.800000 1.089908 
115.900000 1.089899 
116.000000 1.089889 
116.100000 1.089880 
116.200000 1.089870 
116.300000 1.089861 
116.400000 1.089852 
116.500000 1.089842 
116.600000 1.089833 
116.700000 1.089824 
116.800000 1.089815 
116.900000 1.089805 
117.000000 1.089796 
117.100000 1.089787 
117.200000 1.089777 
117.300000 1.089768 
117.400000 1.089759 
117.500000 1.089750 
117.600000 1.089741 
117.700000 1.089731 
117.800000 1.089722 
117.900000 1.089713 
118.000000 1.089704 
118.100000 1.089695 
118.200000 1.089686 
118.300000 1.089676 
118.400000 1.089667 
118.500000 1.089658 
118.600000 1.089649 
118.700000 1.089640 
118.800000 1.089631 
118.900000 1.089622 
119.000000 1.089612 
119.100000 1.089603 
119.200000 1.089594 
119.300000 1.089585 
119.400000 1.089576 
119.500000 1.089567 
119.600000 1.089558 
119.700000 1.089548 
119.800000 1.089539 
119.900000 1.089530 
120.000000 1.089521 
120.100000 1.089512 
120.200000 1.089503 
120.300000 1.089494 
120.400000 1.089484 
120.500000 1.089475 
120.600000 1.089466 
120.700000 1.089457 
120.800000 1.089448 
120.900000 1.089439 
121.000000 1.089430 
121.100000 1.089421 
121.200000 1.089411 
121.300000 1.089402 
121.400000 1.089393 
121.500000 1.089384 
121.600000 1.089375 
121.700000 1.089366 
121.800000 1.089357 
121.900000 1.089348 
122.000000 1.089338 
122.100000 1.089329 
122.200000 1.089320 
122.300000 1.089311 
122.400000 1.089302 
122.500000 1.089293 
122.600000 1.089284 
122.700000 1.089275 
122.800000 1.089266 
122.900000 1.089257 
123.000000 1.089248 
123.100000 1.089239 
123.200000 1.089230 
123.300000 1.089221 
123.400000 1.089212 
123.500000 1.089203 
123.600000 1.089194 
123.700000 1.089185 
123.800000 1.089176 
123.900000 1.089167 
124.000000 1.089158 
124.100000 1.089149 
124.200000 1.089140 
124.300000 1.089131 
124.400000 1.089122 
124.500000 1.089113 
124.600000 1.089104 
124.700000 1.089095 
124.800000 1.089087 
124.900000 1.089078 
125.000000 1.089069 
125.100000 1.089060 
125.200000 1.089051 
125.300000 1.089043 
125.400000 1.089034 
125.500000 1.089025 
125.600000 1.089016 
125.700000 1.089007 
125.800000 1.088999 
125.900000 1.088990 
126.000000 1.088981 
126.100000 1.088973 
126.200000 1.088964 
126.300000 1.088955 
126.400000 1.088947 
126.500000 1.088938 
126.600000 1.088929 
126.700000 1.088921 
126.800000 1.088912 
126.900000 1.088904 
127.000000 1.088895 
127.100000 1.088886 
127.200000 1.088878 
127.300000 1.088869 
127.400000 1.088861 
127.500000 1.088852 
127.600000 1.088844 
127.700000 1.088835 
127.800000 1.088827 
127.900000 1.088818 
128.000000 1.088810 
128.100000 1.088801 
128.200000 1.088793 
128.300000 1.088784 
128.400000 1.088776 
128.500000 1.088767 
128.600000 1.088759 
128.700000 1.088751 
128.800000 1.088742 
128.900000 1.088734 
129.000000 1.088725 
129.100000 1.088717 
129.200000 1.088709 
129.300000 1.088700 
129.400000 1.088692 
129.500000 1.088683 
129.600000 1.088675 
129.700000 1.088667 
129.800000 1.088658 
129.900000 1.088650 
130.000000 1.088642 
130.100000 1.088633 
130.200000 1.088625 
130.300000 1.088617 
130.400000 1.088608 
130.500000 1.088600 
130.600000 1.088592 
130.700000 1.088583 
130.800000 1.088575 
130.900000 1.088567 
131.000000 1.088558 
131.100000 1.088550 
131.200000 1.088542 
131.300000 1.088534 
131.400000 1.088525 
131.500000 1.088517 
131.600000 1.088509 
131.700000 1.088500 
131.800000 1.088492 
131.900000 1.088484 
132.000000 1.088476 
132.100000 1.088467 
132.200000 1.088459 
132.300000 1.088451 
132.400000 1.088443 
132.500000 1.088434 
132.600000 1.088426 
132.700000 1.088418 
132.800000 1.088410 
132.900000 1.088402 
133.000000 1.088393 
133.100000 1.088385 
133.200000 1.088377 
133.300000 1.088369 
133.400000 1.088361 
133.500000 1.088352 
133.600000 1.088344 
133.700000 1.088336 
133.800000 1.088328 
133.900000 1.088320 
134.000000 1.088312 
134.100000 1.088303 
134.200000 1.088295 
134.300000 1.088287 
134.400000 1.088279 
134.500000 1.088271 
134.600000 1.088263 
134.700000 1.088255 
134.800000 1.088247 
134.900000 1.088239 
135.000000 1.088230 
135.100000 1.088222 
135.200000 1.088214 
135.300000 1.088206 
135.400000 1.088198 
135.500000 1.088190 
135.600000 1.088182 
135.700000 1.088174 
135.800000 1.088166 
135.900000 1.088158 
136.000000 1.088150 
136.100000 1.088142 
136.200000 1.088134 
136.300000 1.088126 
136.400000 1.088118 
136.500000 1.088110 
136.600000 1.088102 
136.700000 1.088094 
136.800000 1.088086 
136.900000 1.088078 
137.000000 1.088071 
137.100000 1.088063 
137.200000 1.088055 
137.300000 1.088047 
137.400000 1.088039 
137.500000 1.088031 
137.600000 1.088023 
137.700000 1.088015 
137.800000 1.088007 
137.900000 1.088000 
138.000000 1.087992 
138.100000 1.087984 
138.200000 1.087976 
138.300000 1.087968 
138.400000 1.087960 
138.500000 1.087953 
138.600000 1.087945 
138.700000 1.087937 
138.800000 1.087929 
138.900000 1.087922 
139.000000 1.087914 
139.100000 1.087906 
139.200000 1.087898 
139.300000 1.087891 
139.400000 1.087883 
139.500000 1.087875 
139.600000 1.087867 
139.700000 1.087860 
139.800000 1.087852 
139.900000 1.087844 
140.000000 1.087837 
140.100000 1.087829 
140.200000 1.087821 
140.300000 1.087813 
140.400000 1.087806 
140.500000 1.087798 
140.600000 1.087790 
140.700000 1.087783 
140.800000 1.087775 
140.900000 1.087768 
141.000000 1.087760 
141.100000 1.087752 
141.200000 1.087745 
141.300000 1.087737 
141.400000 1.087729 
141.500000 1.087722 
141.600000 1.087714 
141.700000 1.087707 
141.800000 1.087699 
141.900000 1.087691 
142.000000 1.087684 
142.100000 1.087676 
142.200000 1.087669 
142.300000 1.087661 
142.400000 1.087653 
142.500000 1.087646 
142.600000 1.087638 
142.700000 1.087631 
142.800000 1.087623 
142.900000 1.087616 
143.000000 1.087608 
143.100000 1.087601 
143.200000 1.087593 
143.300000 1.087586 
143.400000 1.087578 
143.500000 1.087571 
143.600000 1.087563 
143.700000 1.087556 
143.800000 1.087548 
143.900000 1.087541 
144.000000 1.087533 
144.100000 1.087526 
144.200000 1.087518 
144.300000 1.087511 
144.400000 1.087503 
144.500000 1.087496 
144.600000 1.087488 
144.700000 1.087481 
144.800000 1.087473 
144.900000 1.087466 
145.000000 1.087458 
145.100000 1.087451 
145.200000 1.087444 
145.300000 1.087436 
145.400000 1.087429 
145.500000 1.087421 
145.600000 1.087414 
145.700000 1.087407 
145.800000 1.087399 
145.900000 1.087392 
146.000000 1.087384 
146.100000 1.087377 
146.200000 1.087370 
146.300000 1.087362 
146.400000 1.087355 
146.500000 1.087348 
146.600000 1.087340 
146.700000 1.087333 
146.800000 1.087326 
146.900000 1.087318 
147.000000 1.087311 
147.100000 1.087304 
147.200000 1.087296 
147.300000 1.087289 
147.400000 1.087282 
147.500000 1.087274 
147.600000 1.087267 
147.700000 1.087260 
147.800000 1.087253 
147.900000 1.087245 
148.000000 1.087238 
148.100000 1.087231 
148.200000 1.087224 
148.300000 1.087216 
148.400000 1.087209 
148.500000 1.087202 
148.600000 1.087195 
148.700000 1.087188 
148.800000 1.087180 
148.900000 1.087173 
149.000000 1.087166 
149.100000 1.087159 
149.200000 1.087152 
149.300000 1.087144 
149.400000 1.087137 
149.500000 1.087130 
149.600000 1.087123 
149.700000 1.087116 
149.800000 1.087109 
149.900000 1.087101 
150.000000 1.087094 
150.100000 1.087087 
150.200000 1.087080 
150.300000 1.087073 
150.400000 1.087066 
150.500000 1.087059 
150.600000 1.087052 
150.700000 1.087045 
150.800000 1.087037 
150.900000 1.087030 
151.000000 1.087023 
151.100000 1.087016 
151.200000 1.087009 
151.300000 1.087002 
151.400000 1.086995 
151.500000 1.086988 
151.600000 1.086981 
151.700000 1.086974 
151.800000 1.086967 
151.900000 1.086960 
152.000000 1.086953 
152.100000 1.086946 
152.200000 1.086939 
152.300000 1.086932 
152.400000 1.086925 
152.500000 1.086918 
152.600000 1.086911 
152.700000 1.086904 
152.800000 1.086897 
152.900000 1.086890 
153.000000 1.086883 
153.100000 1.086876 
153.200000 1.086869 
153.300000 1.086862 
153.400000 1.086855 
153.500000 1.086848 
153.600000 1.086841 
153.700000 1.086834 
153.800000 1.086827 
153.900000 1.086820 
154.000000 1.086813 
154.100000 1.086806 
154.200000 1.086800 
154.300000 1.086793 
154.400000 1.086786 
154.500000 1.086779 
154.600000 1.086772 
154.700000 1.086765 
154.800000 1.086758 
154.900000 1.086751 
155.000000 1.086744 
155.100000 1.086738 
155.200000 1.086731 
155.300000 1.086724 
155.400000 1.086717 
155.500000 1.086710 
155.600000 1.086703 
155.700000 1.086696 
155.800000 1.086690 
155.900000 1.086683 
156.000000 1.086676 
156.100000 1.086669 
156.200000 1.086662 
156.300000 1.086655 
156.400000 1.086649 
156.500000 1.086642 
156.600000 1.086635 
156.700000 1.086628 
156.800000 1.086621 
156.900000 1.086615 
157.000000 1.086608 
157.100000 1.086601 
157.200000 1.086594 
157.300000 1.086588 
157.400000 1.086581 
157.500000 1.086574 
157.600000 1.086567 
157.700000 1.086561 
157.800000 1.086554 
157.900000 1.086547 
158.000000 1.086540 
158.100000 1.086534 
158.200000 1.086527 
158.300000 1.086520 
158.400000 1.086513 
158.500000 1.086507 
158.600000 1.086500 
158.700000 1.086493 
158.800000 1.086487 
158.900000 1.086480 
159.000000 1.086473 
159.100000 1.086467 
159.200000 1.086460 
159.300000 1.086453 
159.400000 1.086447 
159.500000 1.086440 
159.600000 1.086433 
159.700000 1.086427 
159.800000 1.086420 
159.900000 1.086413 
160.000000 1.086407 
160.100000 1.086400 
160.200000 1.086394 
160.300000 1.086387 
160.400000 1.086380 
160.500000 1.086374 
160.600000 1.086367 
160.700000 1.086361 
160.800000 1.086354 
160.900000 1.086347 
161.000000 1.086341 
161.100000 1.086334 
161.200000 1.086328 
161.300000 1.086321 
161.400000 1.086314 
161.500000 1.086308 
161.600000 1.086301 
161.700000 1.086295 
161.800000 1.086288 
161.900000 1.086282 
162.000000 1.086275 
162.100000 1.086269 
162.200000 1.086262 
162.300000 1.086256 
162.400000 1.086249 
162.500000 1.086243 
162.600000 1.086236 
162.700000 1.086230 
162.800000 1.086223 
162.900000 1.086217 
163.000000 1.086210 
163.100000 1.086204 
163.200000 1.086197 
163.300000 1.086191 
163.400000 1.086184 
163.500000 1.086178 
163.600000 1.086171 
163.700000 1.086165 
163.800000 1.086158 
163.900000 1.086152 
164.000000 1.086146 
164.100000 1.086139 
164.200000 1.086133 
164.300000 1.086126 
164.400000 1.086120 
164.500000 1.086113 
164.600000 1.086107 
164.700000 1.086101 
164.800000 1.086094 
164.900000 1.086088 
165.000000 1.086081 
165.100000 1.086075 
165.200000 1.086069 
165.300000 1.086062 
165.400000 1.086056 
165.500000 1.086049 
165.600000 1.086043 
165.700000 1.086037 
165.800000 1.086030 
165.900000 1.086024 
166.000000 1.086018 
166.100000 1.086011 
166.200000 1.086005 
166.300000 1.085999 
166.400000 1.085992 
166.500000 1.085986 
166.600000 1.085980 
166.700000 1.085973 
166.800000 1.085967 
166.900000 1.085961 
167.000000 1.085954 
167.100000 1.085948 
167.200000 1.085942 
167.300000 1.085935 
167.400000 1.085929 
167.500000 1.085923 
167.600000 1.085917 
167.700000 1.085910 
167.800000 1.085904 
167.900000 1.085898 
168.000000 1.085891 
168.100000 1.085885 
168.200000 1.085879 
168.300000 1.085873 
168.400000 1.085866 
168.500000 1.085860 
168.600000 1.085854 
168.700000 1.085848 
168.800000 1.085842 
168.900000 1.085835 
169.000000 1.085829 
169.100000 1.085823 
169.200000 1.085817 
169.300000 1.085810 
169.400000 1.085804 
169.500000 1.085798 
169.600000 1.085792 
169.700000 1.085786 
169.800000 1.085779 
169.900000 1.085773 
170.000000 1.085767 
170.100000 1.085761 
170.200000 1.085755 
170.300000 1.085749 
170.400000 1.085742 
170.500000 1.085736 
170.600000 1.085730 
170.700000 1.085724 
170.800000 1.085718 
170.900000 1.085712 
171.000000 1.085705 
171.100000 1.085699 
171.200000 1.085693 
171.300000 1.085687 
171.400000 1.085681 
171.500000 1.085675 
171.600000 1.085669 
171.700000 1.085663 
171.800000 1.085657 
171.900000 1.085650 
172.000000 1.085644 
172.100000 1.085638 
172.200000 1.085632 
172.300000 1.085626 
172.400000 1.085620 
172.500000 1.085614 
172.600000 1.085608 
172.700000 1.085602 
172.800000 1.085596 
172.900000 1.085590 
173.000000 1.085584 
173.100000 1.085578 
173.200000 1.085572 
173.300000 1.085565 
173.400000 1.085559 
173.500000 1.085553 
173.600000 1.085547 
173.700000 1.085541 
173.800000 1.085535 
173.900000 1.085529 
174.000000 1.085523 
174.100000 1.085517 
174.200000 1.085511 
174.300000 1.085505 
174.400000 1.085499 
174.500000 1.085493 
174.600000 1.085487 
174.700000 1.085481 
174.800000 1.085475 
174.900000 1.085469 
175.000000 1.085463 
175.100000 1.085457 
175.200000 1.085451 
175.300000 1.085446 
175.400000 1.085440 
175.500000 1.085434 
175.600000 1.085428 
175.700000 1.085422 
175.800000 1.085416 
175.900000 1.085410 
176.000000 1.085404 
176.100000 1.085398 
176.200000 1.085392 
176.300000 1.085386 
176.400000 1.085380 
176.500000 1.085374 
176.600000 1.085368 
176.700000 1.085362 
176.800000 1.085357 
176.900000 1.085351 
177.000000 1.085345 
177.100000 1.085339 
177.200000 1.085333 
177.300000 1.085327 
177.400000 1.085321 
177.500000 1.085315 
177.600000 1.085309 
177.700000 1.085304 
177.800000 1.085298 
177.900000 1.085292 
178.000000 1.085286 
178.100000 1.085280 
178.200000 1.085274 
178.300000 1.085268 
178.400000 1.085263 
178.500000 1.085257 
178.600000 1.085251 
178.700000 1.085245 
178.800000 1.085239 
178.900000 1.085233 
179.000000 1.085228 
179.100000 1.085222 
179.200000 1.085216 
179.300000 1.085210 
179.400000 1.085204 
179.500000 1.085199 
179.600000 1.085193 
179.700000 1.085187 
179.800000 1.085181 
179.900000 1.085175 
180.000000 1.085170 
180.100000 1.085164 
180.200000 1.085158 
180.300000 1.085152 
180.400000 1.085147 
180.500000 1.085141 
180.600000 1.085135 
180.700000 1.085129 
180.800000 1.085124 
180.900000 1.085118 
181.000000 1.085112 
181.100000 1.085106 
181.200000 1.085101 
181.300000 1.085095 
181.400000 1.085089 
181.500000 1.085083 
181.600000 1.085078 
181.700000 1.085072 
181.800000 1.085066 
181.900000 1.085061 
182.000000 1.085055 
182.100000 1.085049 
182.200000 1.085043 
182.300000 1.085038 
182.400000 1.085032 
182.500000 1.085026 
182.600000 1.085021 
182.700000 1.085015 
182.800000 1.085009 
182.900000 1.085004 
183.000000 1.084998 
183.100000 1.084992 
183.200000 1.084987 
183.300000 1.084981 
183.400000 1.084975 
183.500000 1.084970 
183.600000 1.084964 
183.700000 1.084958 
183.800000 1.084953 
183.900000 1.084947 
184.000000 1.084942 
184.100000 1.084936 
184.200000 1.084930 
184.300000 1.084925 
184.400000 1.084919 
184.500000 1.084913 
184.600000 1.084908 
184.700000 1.084902 
184.800000 1.084897 
184.900000 1.084891 
185.000000 1.084885 
185.100000 1.084880 
185.200000 1.084874 
185.300000 1.084869 
185.400000 1.084863 
185.500000 1.084858 
185.600000 1.084852 
185.700000 1.084846 
185.800000 1.084841 
185.900000 1.084835 
186.000000 1.084830 
186.100000 1.084824 
186.200000 1.084819 
186.300000 1.084813 
186.400000 1.084807 
186.500000 1.084802 
186.600000 1.084796 
186.700000 1.084791 
186.800000 1.084785 
186.900000 1.084780 
187.000000 1.084774 
187.100000 1.084769 
187.200000 1.084763 
187.300000 1.084758 
187.400000 1.084752 
187.500000 1.084747 
187.600000 1.084741 
187.700000 1.084736 
187.800000 1.084730 
187.900000 1.084725 
188.000000 1.084719 
188.100000 1.084714 
188.200000 1.084708 
188.300000 1.084703 
188.400000 1.084697 
188.500000 1.084692 
188.600000 1.084686 
188.700000 1.084681 
188.800000 1.084675 
188.900000 1.084670 
189.000000 1.084664 
189.100000 1.084659 
189.200000 1.084654 
189.300000 1.084648 
189.400000 1.084643 
189.500000 1.084637 
189.600000 1.084632 
189.700000 1.084626 
189.800000 1.084621 
189.900000 1.084616 
190.000000 1.084610 
190.100000 1.084605 
190.200000 1.084599 
190.300000 1.084594 
190.400000 1.084588 
190.500000 1.084583 
190.600000 1.084578 
190.700000 1.084572 
190.800000 1.084567 
190.900000 1.084561 
191.000000 1.084556 
191.100000 1.084551 
191.200000 1.084545 
191.300000 1.084540 
191.400000 1.084535 
191.500000 1.084529 
191.600000 1.084524 
191.700000 1.084518 
191.800000 1.084513 
191.900000 1.084508 
192.000000 1.084502 
192.100000 1.084497 
192.200000 1.084492 
192.300000 1.084486 
192.400000 1.084481 
192.500000 1.084476 
192.600000 1.084470 
192.700000 1.084465 
192.800000 1.084460 
192.900000 1.084454 
193.000000 1.084449 
193.100000 1.084444 
193.200000 1.084438 
193.300000 1.084433 
193.400000 1.084428 
193.500000 1.084422 
193.600000 1.084417 
193.700000 1.084412 
193.800000 1.084406 
193.900000 1.084401 
194.000000 1.084396 
194.100000 1.084391 
194.200000 1.084385 
194.300000 1.084380 
194.400000 1.084375 
194.500000 1.084369 
194.600000 1.084364 
194.700000 1.084359 
194.800000 1.084354 
194.900000 1.084348 
195.000000 1.084343 
195.100000 1.084338 
195.200000 1.084333 
195.300000 1.084327 
195.400000 1.084322 
195.500000 1.084317 
195.600000 1.084312 
195.700000 1.084306 
195.800000 1.084301 
195.900000 1.084296 
196.000000 1.084291 
196.100000 1.084286 
196.200000 1.084280 
196.300000 1.084275 
196.400000 1.084270 
196.500000 1.084265 
196.600000 1.084259 
196.700000 1.084254 
196.800000 1.084249 
196.900000 1.084244 
197.000000 1.084239 
197.100000 1.084233 
197.200000 1.084228 
197.300000 1.084223 
197.400000 1.084218 
197.500000 1.084213 
197.600000 1.084208 
197.700000 1.084202 
197.800000 1.084197 
197.900000 1.084192 
198.000000 1.084187 
198.100000 1.084182 
198.200000 1.084177 
198.300000 1.084171 
198.400000 1.084166 
198.500000 1.084161 
198.600000 1.084156 
198.700000 1.084151 
198.800000 1.084146 
198.900000 1.084141 
199.000000 1.084135 
199.100000 1.084130 
199.200000 1.084125 
199.300000 1.084120 
199.400000 1.084115 
199.500000 1.084110 
199.600000 1.084105 
199.700000 1.084100 
199.800000 1.084094 
199.900000 1.084089 
200.000000 1.084084 
